   0.42545
   0.42622
   0.42437
   0.42482
   0.42653
   0.42420
   0.42984
   0.42804
   0.41278
   0.42714
   0.42963
   0.43468
   0.42589
   0.42399
   0.42316
   0.42405
   0.43076
   0.43161
   0.43445
   0.42362
   0.42361
   0.40792
   0.43003
   0.43793
   0.42311
   0.42913
   0.43010
   0.42266
   0.42161
   0.42714
   0.43330
   0.43939
   0.43831
   0.42975
   0.42124
   0.43294
   0.43153
   0.41423
   0.45145
   0.40924
   0.44359
   0.43667
   0.43018
   0.44503
   0.43614
   0.45319
   0.42746
   0.42494
   0.44015
   0.43355
   0.42289
   0.44432
   0.44239
   0.42761
   0.44784
   0.43757
   0.44608
   0.44384
   0.45957
   0.43758
   0.46901
   0.47884
   0.47043
   0.47576
   0.47740
   0.48799
   0.48945
   0.49884
   0.50379
   0.51120
   0.51608
   0.51616
   0.54272
   0.56569
   0.57605
   0.58393
   0.60277
   0.60605
   0.60415
   0.60569
   0.62034
   0.64030
   0.65015
   0.65490
   0.66521
   0.69861
   0.72568
   0.73703
   0.71311
   0.75392
   0.76704
   0.73817
   0.84617
   0.80935
   0.77093
   0.63537
   0.22558
   0.00000
   0.00000
