0.0131148908433
0.0265729865131
0.0409349812817
0.0416569131163
0.00756407810406
0.0226527315895
0.00788455903919
0.0192301787295
0.00991557152178
0.0144439676614
0.00940038248052
0.0511828375928
0.0106101447798
0.0233782023233
0.0447652372026
0.0395120878381
0.038309698109
0.0405744578802
0.0443481626823
0.046312614322
0.0406426536494
0.01787573085
0.00748683846934
0.0134340200889
0.0416783005046
0.0261773367883
0.0290473657975
-0.0420214143248
0.00760908477759
-0.00286797807106
0.0446273392936
0.0334091537243
-0.00159365107302
0.0260487710152
0.0261942978775
0.0345957005053
0.0179139820179
0.0497070119722
0.0576147101228
0.003328664234
0.0537201391804
-0.00203852641976
0.0466233129301
0.0603211699694
-0.000871646987003
0.00951944849946
0.0498615650977
0.0100397485103
0.0271680605322
0.0286508095243
0.0112823542245
0.0145202633599
0.0353380304411
0.0146086978203
0.0157419410945
0.000389488446982
0.010869393998
0.0262620804306
0.0299392795073
0.0275628232706
-0.0290019179531
0.0248816278277
0.0424255627284
0.0290478343663
0.0239771055965
0.0278892083276
0.0448483771381
0.00965982018202
0.00191752816759
-0.0127479058856
0.0136726763904
0.0210856426171
0.0139726208859
0.00620376759319
-0.000976529835725
-0.0119231281129
0.0141863937274
0.0367359499513
0.0447606842411
0.052095724816
-0.0196480201509
0.0267220717321
0.040306616588
0.0392634566545
-0.0343727121553
0.0106370767735
0.0432797678662
0.0688279617184
0.00327994376072
0.00272418666324
0.0450995478449
0.0306780620279
0.0571812636368
0.0428346863231
0.00392389607068
0.0181820600991
0.0517261014553
0.0320380877304
0.0215049988055
0.0175680933816
