0.0424026511372
0.0384274905976
0.0387836719716
0.0429860637078
0.0375388535979
0.0557709554083
0.0442751650398
0.0481569090826
0.0372045371711
0.037271973789
0.0657196959873
0.0478730049151
0.100315757884
0.0320811641497
0.124834482992
0.0482667652559
0.0405838038414
0.0842183377894
0.0363963482818
0.0393139765073
0.0322191810051
0.0417564109539
0.0388706900717
0.0401916607242
0.0350996430097
0.0466148287378
0.0318897850963
0.0410223653174
0.0422022877878
0.0510959769964
0.0601910760658
0.0405027284889
0.0562923185939
0.0494643945612
0.0689922718489
0.056873807659
0.0417123570472
0.0374569881146
0.0528265595263
0.0385534161842
0.0451257002008
0.0942693402427
0.0786861670758
0.0447972408527
0.10148246141
0.0884963273469
0.0355668479697
0.0480189154839
0.0325913774217
0.0506546499203
0.0398706742598
0.0458536007778
0.0608204027846
0.0563978476042
0.0422419681392
0.0579646204155
0.0475177173256
0.0460048101237
0.0369431676483
0.0686612496086
0.0551201968402
0.0361764320752
0.0581068784239
0.0507522264061
0.061880806538
0.0391036543672
0.044099202222
0.0340075160731
0.0527956794488
0.0361087538813
0.0302603891056
0.0442851155013
0.0436051599584
0.0444012178313
0.0378562405106
0.0452907535353
0.0308838931613
0.0431775307479
0.0312301321144
0.0488619153673
0.0633687569927
0.0434474321852
0.0481293084196
0.0752807115677
0.0274103231989
0.0606035943617
0.0481488418481
0.0472096028535
0.0511349192991
0.0458740238104
0.0477440985016
0.0493373854218
0.0363195035583
0.0371951998492
0.0349428687756
0.0466243779612
0.0378813189785
0.0356633015268
0.0354104274737
0.044363282545
