6386
2235
18448
12803
11509
22937
10004
2252
3898
8600
19700
3826
11247
769
6637
3482
11770
18660
7694
9895
7460
27737
9414
12193
2314
15126
1446
4047
29747
14070
5180
5075
9069
20871
3748
30147
3075
10521
6440
32375
15436
13882
10567
12155
21679
2920
17425
41554
3445
6596
962
4087
4563
24580
3578
1518
2970
11621
1659
13653
13686
16979
31560
36371
2613
6682
7752
16808
13746
6833
14940
6591
20467
17212
14935
8991
14948
35123
24389
30809
16516
18163
14916
17444
13377
2682
17196
8069
3068
7324
7772
21325
5372
7755
2970
3593
6472
2790
23842
8578
