0.072743351501
0.137760785629
0.0421053829557
0.0813949119947
0.185724491225
0.0761864519865
0.0790764074821
0.123909955704
0.11940054178
0.166697306342
0.117370015221
0.118774299199
0.0292125247979
0.0777177490856
0.10528283333
0.140798629986
0.155439587623
0.157501370868
0.180622939182
0.172275978188
0.115550492285
0.0546950993733
0.208870662578
0.105995827719
0.100255116831
0.271090142266
0.0961166776152
0.0498642719042
0.0700978653397
0.0621743825269
0.0969515882784
0.0782691139096
0.031900555797
0.0602025258265
0.054962398825
0.107734826799
0.13993956926
0.0587141485914
0.124328470791
0.0623195159059
0.0661328722933
0.0471532737471
0.11388036985
0.155934317489
0.0944650266578
0.0687489966933
0.0433489147957
0.0542650363513
0.0953315400066
0.185224840254
0.0686802316928
0.130233758043
0.0749069250578
0.0602343170904
0.0676527037903
0.0584694898222
0.088751547947
0.149359151053
0.115336739465
0.108985763514
0.0258017379003
0.0509890599621
0.0701458529475
0.0521952438325
0.115613419944
0.157968639862
0.124659978284
0.0360396014836
0.0432153876024
0.0199301384338
0.0170544839881
0.134960378557
0.0601535868748
0.0568898463381
0.0574488483494
0.0327706123155
0.0433824459256
0.0777065024914
0.0800666437916
0.05940321832
0.0605506853979
0.0845208263722
0.165946147328
0.0799603506575
0.0130625078702
0.0290498754549
0.141051302021
0.13047429004
0.128218480314
0.0638314874475
0.117708944366
0.0611853817554
0.0984783910272
0.130803851792
0.14983185089
0.124533589134
0.0947608253753
0.163395750891
0.0631239035551
0.182761584346
