0.0660224989021
0.0584283891721
0.00104574922179
0.0787298038993
0.0760331613521
0.0103134590889
0.137364064723
0.0562045745454
-0.0255153302139
0.0693887712198
0.0453658382957
0.0945074024693
0.191612188922
-0.0652729511948
0.122506861648
0.0670008825165
-0.00217815511057
0.0180500468861
0.0443844530532
0.0666733665376
0.0663278031128
0.0993615541074
0.075420263741
0.0252873190078
0.030593670854
0.145054887671
0.0674921177341
0.0578825176017
0.132934262702
0.00295150104827
0.0798049671649
0.0351435233836
0.0731555232216
0.00142235629116
0.141737033377
0.115001515867
0.0784830583014
0.150672576189
0.120051011457
0.00904746495753
0.158460188648
0.0681705930179
0.0344412908071
0.0477131519296
0.0106438599494
0.0500801769209
0.0736732579392
-0.00132671124069
0.0555095001803
0.091092123568
0.0234339117663
0.0648616982896
0.0249557938045
0.0757115047338
0.0706336410548
-0.0619669810089
0.04361720785
0.102025555901
0.0609671358123
0.0645487987381
0.0302841127382
0.000522806946735
0.163892412814
-0.0015042037073
0.0719056537355
0.118031494145
0.0976005975417
0.0939293941778
0.196891946177
0.125489762964
-0.00770684081818
0.0180019953671
0.136066540716
0.0886209147448
0.183092557122
0.132378551415
0.0343554115879
-0.00964787800589
0.089631181756
0.0278529364704
-0.00137358474949
6.82814573643e-05
0.0925413298748
0.00550608948734
0.146424116506
0.0918948294583
0.0255021487971
0.0378326536935
0.100781443493
0.0772049251451
0.0612686880711
-0.0160740257704
0.0709390024331
0.0404564039481
0.0642532862769
0.0950834040708
0.0516014474922
0.0403691553763
-0.00353973162774
0.018630368851
