556 12.387
209 9.528
578 8.0215
617 7.1135
625 7.092
332 6.715
360 6.663
361 6.132
221 5.661
355 5.22
684 5.1915
609 4.875
371 4.5745
515 4.446
590 4.3395
687 4.2675
549 4.198
136 4.0635
293 4.001
654 3.9965
64 3.9825
57 3.9375
546 3.898
593 3.8245
401 3.814
299 3.809
660 3.8035
434 3.8
354 3.796
59 3.7895
633 3.7835
643 3.782
358 3.7795
208 3.774
648 3.7535
641 3.7515
623 3.747
671 3.743
496 3.7425
670 3.7275
657 3.706
642 3.705
271 3.7045
647 3.698
431 3.6915
491 3.6905
262 3.6825
636 3.674
605 3.6665
453 3.6645
508 3.6595
143 3.659
629 3.657
145 3.654
545 3.65
530 3.613
655 3.592
525 3.5615
267 3.5525
119 3.551
470 3.5075
100 3.5065
399 3.5015
552 3.492
512 3.4785
202 3.461
334 3.431
236 3.4245
256 3.409
197 3.397
264 3.3525
557 3.3315
561 3.294
364 3.274
134 3.2735
384 3.2695
273 3.2215
539 3.216
4 3.202
595 3.2
220 3.1875
291 3.187
411 3.1795
381 3.162
249 3.1555
130 3.15
356 3.1485
664 3.148
456 3.145
90 3.143
176 3.1015
644 3.0995
175 3.0975
602 3.09
573 3.085
469 3.076
526 3.065
152 3.047
319 3.0465
263 3.027
390 3.0265
283 3.0205
472 3.014
224 3.013
169 2.992
430 2.9735
195 2.972
265 2.9695
405 2.967
645 2.954
49 2.9475
422 2.9325
308 2.932
20 2.9195
429 2.918
194 2.917
500 2.9165
522 2.916
26 2.913
306 2.9125
408 2.9005
301 2.886
110 2.871
68 2.869
74 2.8675
572 2.867
409 2.866
398 2.865
666 2.864
250 2.849
217 2.838
688 2.836
268 2.825
318 2.825
28 2.806
646 2.7995
548 2.799
234 2.797
167 2.7945
417 2.792
668 2.7915
142 2.7895
529 2.7855
455 2.7805
125 2.7795
91 2.7775
683 2.7745
682 2.767
25 2.7625
29 2.761
219 2.7535
63 2.752
114 2.748
349 2.7465
317 2.746
297 2.742
640 2.7375
266 2.7355
606 2.735
524 2.728
34 2.7265
215 2.723
454 2.7215
323 2.717
229 2.716
680 2.707
39 2.7025
127 2.697
24 2.6955
535 2.689
290 2.6885
198 2.6755
230 2.6615
338 2.6615
210 2.66
681 2.66
19 2.6585
685 2.6585
199 2.6415
70 2.636
222 2.635
658 2.6345
17 2.6335
600 2.6295
292 2.6275
564 2.6255
187 2.625
439 2.6225
260 2.618
362 2.6175
673 2.6175
41 2.6115
324 2.61
10 2.5995
45 2.591
576 2.591
129 2.59
604 2.5895
8 2.5855
37 2.5835
345 2.5825
679 2.5785
228 2.5745
36 2.5735
14 2.572
344 2.571
656 2.5655
634 2.563
247 2.5615
253 2.5615
298 2.5605
555 2.556
67 2.5535
612 2.5525
320 2.546
21 2.53
248 2.53
506 2.529
547 2.529
259 2.5235
432 2.5155
43 2.512
258 2.5055
603 2.5045
35 2.5035
88 2.5035
613 2.503
44 2.497
27 2.4945
30 2.4885
126 2.486
659 2.4795
510 2.479
423 2.473
257 2.4705
458 2.4685
468 2.4685
207 2.465
599 2.462
440 2.458
213 2.457
156 2.4545
294 2.4525
571 2.4505
108 2.4475
327 2.4445
342 2.444
598 2.4415
540 2.439
40 2.4285
624 2.4275
588 2.426
38 2.423
50 2.423
109 2.4225
133 2.4225
531 2.42
251 2.419
128 2.416
16 2.4125
311 2.4115
131 2.409
157 2.407
211 2.4065
277 2.406
135 2.397
279 2.3945
352 2.3945
374 2.393
160 2.391
137 2.3895
601 2.365
441 2.3495
520 2.347
237 2.3385
446 2.3365
82 2.334
239 2.3195
62 2.319
193 2.3165
6 2.316
107 2.3155
89 2.2985
582 2.2795
132 2.2605
61 2.2545
425 2.254
163 2.2535
140 2.2415
568 2.2375
393 2.234
312 2.233
638 2.228
353 2.225
304 2.2245
554 2.2245
118 2.22
414 2.2185
667 2.216
79 2.2145
339 2.203
388 2.2
558 2.1995
124 2.1865
232 2.1825
532 2.178
420 2.1675
403 2.1655
616 2.164
413 2.1625
459 2.162
404 2.16
514 2.1595
445 2.157
153 2.1555
276 2.1505
76 2.1465
449 2.1435
340 2.142
652 2.1395
161 2.138
278 2.137
630 2.136
489 2.1315
375 2.13
205 2.129
216 2.1265
269 2.1235
460 2.123
457 2.1205
397 2.12
274 2.1175
686 2.115
482 2.11
93 2.1095
596 2.1095
465 2.1065
32 2.105
369 2.1045
591 2.1015
313 2.099
632 2.097
186 2.0945
516 2.087
637 2.0865
343 2.0855
661 2.0855
149 2.0845
435 2.0845
674 2.083
84 2.0825
223 2.082
200 2.08
427 2.08
99 2.0785
610 2.075
240 2.074
418 2.074
101 2.0725
115 2.0695
150 2.0645
461 2.063
154 2.0615
227 2.0605
3 2.0565
521 2.046
419 2.0425
608 2.0395
7 2.037
505 2.034
75 2.0325
517 2.031
618 2.0305
185 2.026
437 2.021
466 2.021
146 2.0205
635 2.0185
416 2.018
463 2.0165
527 2.0155
450 2.0115
98 2.0055
368 2.003
592 2.001
60 1.9995
139 1.9995
412 1.998
662 1.9965
9 1.993
170 1.991
83 1.9895
543 1.989
614 1.982
322 1.9815
651 1.975
569 1.9705
462 1.97
551 1.9625
428 1.9605
448 1.9595
171 1.9555
451 1.9545
270 1.94
122 1.9275
54 1.9265
242 1.92
97 1.914
363 1.9135
452 1.906
214 1.893
166 1.892
71 1.889
383 1.885
51 1.8815
52 1.8815
58 1.881
233 1.881
410 1.8785
48 1.8715
494 1.8705
182 1.8615
310 1.844
503 1.8435
105 1.8425
615 1.842
665 1.838
330 1.834
359 1.831
563 1.8295
243 1.829
544 1.829
244 1.827
357 1.825
53 1.8225
203 1.8215
502 1.821
78 1.818
162 1.8175
565 1.815
31 1.8145
102 1.807
480 1.8065
316 1.803
559 1.796
159 1.794
594 1.7925
151 1.7905
501 1.7855
241 1.782
104 1.7815
309 1.769
628 1.7655
307 1.765
120 1.764
523 1.7625
672 1.7605
289 1.7585
442 1.754
376 1.751
560 1.7495
392 1.7445
370 1.744
347 1.733
158 1.7325
1 1.7255
493 1.725
631 1.725
121 1.7235
65 1.7165
168 1.7125
378 1.7095
395 1.709
436 1.7085
295 1.7055
377 1.695
471 1.694
389 1.6885
650 1.6875
394 1.6865
282 1.6805
337 1.68
188 1.676
536 1.6745
111 1.666
281 1.665
534 1.665
300 1.6645
275 1.663
372 1.6615
507 1.6595
443 1.658
627 1.647
280 1.645
581 1.6435
85 1.6385
467 1.6375
141 1.634
424 1.6315
497 1.624
147 1.623
669 1.6225
537 1.614
302 1.6115
113 1.604
95 1.6015
255 1.6015
475 1.6015
533 1.5975
433 1.5955
488 1.5955
550 1.593
5 1.5915
138 1.589
181 1.5885
509 1.585
477 1.578
538 1.578
407 1.5765
173 1.575
261 1.574
201 1.567
400 1.567
485 1.5635
164 1.563
484 1.5595
541 1.5585
574 1.5585
474 1.551
106 1.5475
204 1.5475
305 1.547
380 1.5455
542 1.5435
80 1.536
225 1.5335
386 1.531
206 1.53
341 1.5275
570 1.5215
499 1.521
314 1.5205
272 1.5175
287 1.5165
96 1.511
238 1.511
479 1.511
254 1.5105
94 1.509
528 1.5065
184 1.502
336 1.499
351 1.4975
212 1.496
385 1.493
387 1.489
498 1.4805
77 1.478
478 1.476
421 1.4735
144 1.47
406 1.4635
607 1.4635
226 1.462
284 1.46
346 1.4585
373 1.456
315 1.4555
348 1.453
597 1.451
178 1.4435
13 1.441
580 1.437
23 1.435
189 1.435
476 1.435
511 1.432
382 1.431
675 1.4305
12 1.43
589 1.428
69 1.4265
288 1.4265
567 1.423
246 1.4205
191 1.42
350 1.418
396 1.4165
179 1.4155
486 1.4145
81 1.414
172 1.4125
677 1.4115
192 1.411
72 1.41
55 1.4085
92 1.4085
328 1.407
66 1.4065
575 1.404
177 1.3975
579 1.3965
155 1.3945
518 1.3895
183 1.389
676 1.389
566 1.384
174 1.3825
33 1.378
112 1.376
335 1.375
639 1.375
123 1.371
2 1.3695
663 1.368
22 1.3675
379 1.3675
117 1.367
504 1.363
678 1.359
487 1.357
584 1.356
218 1.354
587 1.352
116 1.3485
649 1.348
333 1.3465
586 1.346
190 1.3425
473 1.3425
653 1.3425
73 1.342
585 1.3415
626 1.3415
245 1.341
235 1.34
391 1.34
165 1.3355
367 1.3325
46 1.3315
18 1.3245
180 1.3235
583 1.323
492 1.3215
483 1.3195
326 1.317
325 1.3125
490 1.31
285 1.309
495 1.308
296 1.3035
444 1.303
321 1.293
11 1.2885
15 1.275
577 1.2655
231 1.26
464 1.259
148 1.255
252 1.249
303 1.2415
415 1.231
620 1.2295
622 1.2275
447 1.223
619 1.221
621 1.22
513 1.219
519 1.2075
103 1.2065
42 1.194
426 1.1895
47 1.1885
286 1.187
481 1.1845
196 1.178
56 1.174
86 1.174
438 1.1715
331 1.169
562 1.1655
611 1.1615
553 1.161
402 1.1575
365 1.1555
87 1.155
366 1.153
329 1.141
