first ten percent:
9203201 82
9203202 3
9203203 217
9203206 60
9203207 6
9203208 2
9203209 1
9203210 12
9203211 33
9203212 2
9203213 6
9203215 9
9203216 56
9203217 4
9203219 21
9203220 63
9203221 1
9203222 38
9203223 127
9203224 3
9203225 54
9204201 12
9204202 30
9204203 3
9204204 59
9204205 41
9204206 14
9204207 51
9204208 5
9204210 28
9204211 84
9204212 28
9204213 7
9204214 98
9204215 59
9204216 76
9204217 9
9204219 25
9204220 11
9204222 26
9204223 1
9204224 3
9204225 102
9204226 13
9204227 1
9204228 48
9204229 70
9204231 6
9204232 10
9204234 38
9204235 2
9204236 19
9204237 18
9204238 23
9204239 3
9205201 12
9205202 33
9205203 18
9205204 5
9205205 48
9205207 4
9205208 1
9205209 27
9205210 34
9205212 10
9205213 41
9205214 28
9205215 1
9205217 2
9205218 1
9205220 20
9205221 85
9205222 5
9205224 0
9205226 1
9205227 20
9205228 142
9205229 29
9205230 86
9205231 22
9205232 6
9205233 52
9205234 80
9205235 19
9205236 1
9205237 49
9205238 103
9205240 31
9205241 1
9205242 3
9205243 40
9205245 9
9205246 7
9205247 57
9206201 4
9206202 2
9206203 32
9206204 2
9206205 97
9206206 21
9206208 1
9206209 12
9206212 22
9206213 3
9206214 35
9206216 16
9206217 5
9206218 95
9206219 9
9206221 10
9206222 21
9206225 38
9206226 2
9206227 28
9206228 8
9206229 8
9206230 36
9206232 8
9206233 8
9206234 1
9206235 6
9206236 122
9206238 14
9206239 16
9206240 6
9206241 72
9206242 140
9206243 1
9206244 16
9206246 42
9206247 12
9206248 3
9206249 5
9206251 1
9206252 4
9206254 10
9206255 8
9206257 14
9206261 2
9206262 80
9206263 2
9206265 1
9206266 60
9207201 0
9207203 3
9207204 28
9207205 10
9207207 2
9207208 0
9207209 25
9207210 2
9207211 5
9207212 41
9207213 69
9207214 301
9207216 26
9207217 53
9207218 75
9207219 30
9207221 105
9207222 18
9207223 8
9207224 0
9207225 20
9207226 20
9207227 25
9207228 34
9207230 0
9207231 2
9207232 20
9207233 13
9207234 232
9207235 17
9207236 94
9207237 24
9207238 2
9207239 7
9207240 16
9207241 9
9207242 10
9207243 0
9207244 5
9207245 40
9207246 8
9207247 5
9207248 1
9207249 20
9207251 9
9207252 1
9207253 34
9207256 6
9207257 69
9207258 9
9207259 2
9207260 2
9207261 2
9207262 1
9207264 87
9207265 38
9207266 16
9207267 12
9207268 24
9207269 41
9207270 0
9207271 3
9207273 22
9207274 3
9207275 1
9207276 2
9207278 68
9207279 197
9208201 17
9208202 6
9208204 1
9208205 41
9208206 35
9208207 51
9208208 7
9208209 9
9208210 11
9208211 6
9208212 1
9208213 203
9208214 6
9208215 21
9208216 3
9208217 6
9208220 18
9208221 52
9208224 1
9208227 11
9208228 15
9208229 1
9208230 37
9208231 30
9208232 2
9208233 31
9208235 2
9208236 27
9208238 26
9208239 6
9208240 17
9208241 20
9208242 39
9208243 34
9208244 26
9208245 12
9208247 11
9208248 59
9208249 51
9208251 80
9208253 15
9208254 67
9208255 11
9208256 10
9208257 3
9208259 1
9208260 10
9208261 1
9208262 0
9209203 27
9209204 14
9209205 343
9209206 1
9209207 9
9209208 3
9209210 10
9209212 1
9209213 41
9209215 82
9209216 1
9209218 11
9209219 7
9209220 55
9209221 5
9209223 15
9209224 5
9209227 2
9209230 7
9209231 32
9209232 340
9209233 1
9209235 3
9209236 27
9209238 17
9209239 74
9209240 18
9209241 77
9209242 4
9209244 12
9209245 48
9209246 4
9209247 12
9209248 57
9209250 73
9209251 153
9209252 12
9209253 6
9209255 20
9209256 27
9209257 40
9209258 9
9209259 16
9209260 11
9209261 30
9209262 51
9209263 7
9209264 1
9209265 1
9209266 4
9209268 130
9209269 55
9209270 4
9209271 27
9209272 11
9209273 5
9209274 8
9209275 9
9209276 33
9209277 38
9209278 11
9209279 74
9209281 1
9209282 1
9209284 2
9209285 27
9209286 2
9209287 9
9209288 5
9209289 71
9209290 16
9209291 67
9209292 23
9209293 1
9209294 8
9209295 0
9209296 36
9209299 25
9210202 2
9210205 15
9210206 8
9210207 1
9210208 33
9210209 0
9210210 3
9210211 26
9210212 5
9210213 6
9210214 5
9210215 7
9210218 38
9210219 29
9210221 27
9210223 3
9210224 2
9210227 33
9210228 44
9210229 31
9210231 24
9210232 2
9210233 47
9210235 279
9210237 3
9210238 7
9210239 9
9210240 58
9210241 29
9210242 135
9210243 2
9210244 12
9210245 8
9210249 6
9210251 33
9210253 169
9210255 20
9210256 31
9210257 3
9210258 3
9210259 1
9210260 37
9210262 32
9210264 5
9210265 12
9210266 9
9210267 2
9210270 5
9210271 5
9210272 35
9210274 2
9210275 1
9210276 14
9210277 22
9210278 3
9210279 7
9210280 31
9210281 28
9211201 1
9211202 24
9211204 69
9211205 2
9211206 6
9211207 6
9211209 16
9211211 39
9211213 2
9211214 43
9211215 3
9211216 19
9211218 0
9211219 18
9211221 12
9211222 18
9211223 7
9211224 4
9211225 5
9211226 21
9211227 4
9211228 39
9211230 4
9211231 7
9211232 6
9211234 3
9211236 0
9211237 2
9211238 4
9211239 46
9211240 7
9211241 1
9211242 4
9211243 5
9211244 12
9211246 1
9211247 31
9211248 95
9211249 35
9211250 21
9211251 8
9211252 5
9211253 0
9211254 27
9211255 9
9211256 136
9211257 16
9211258 13
9211260 121
9211261 9
9211262 26
9211263 1
9211264 1
9211265 3
9211266 68
9211267 16
9211268 3
9211269 1
9211272 30
9211274 1
9211275 0
9211276 2
9211279 2
9211281 4
9211282 39
9211284 16
9211285 4
9211286 41
9211288 1
9211289 2
9211292 40
9211293 11
9211295 1
9211296 9
9211301 19
9211302 38
9211303 30
9211304 189
9211305 9
9211307 12
9211309 122
9211310 38
9211311 26
9211312 1
9211314 15
9211319 9
9211320 51
9211321 165
9211322 57
9211325 15
9211327 1
9211328 24
9211329 9
9211330 1
9211331 4
9211332 7
9211333 4
9211334 10
9212203 131
9212204 34
9212205 3
9212206 43
9212208 9
9212209 2
9212210 29
9212211 4
9212212 78
9212214 2
9212215 2
9212216 0
9212218 8
9212219 10
9212220 4
9212221 2
9212223 2
9212224 24
9212225 9
9212226 45
9212227 5
9212228 1
9212229 38
9212230 4
9212231 0
9212233 2
9212234 3
9212235 159
9212236 23
9212239 13
9212241 3
9212243 3
9212245 18
9212246 40
9212247 1
9212248 59
9212250 28
9212251 0
9212252 5
9212253 24
9212254 1
9212255 4
9212256 5
9212257 17
9212259 10
9212264 3
9212265 10
9212266 22
9212267 12
9212268 26
9212269 0
9212271 42
9212273 3
9212275 4
9212276 1
9212277 12
9212278 156
9212279 15
9212280 8
9212282 7
9212284 59
9212285 83
9212286 2
9212287 9
9212288 38
9212289 13
9212292 2
9212293 1
9212295 15
9212296 13
9212297 5
9212298 16
9212299 8
9212300 1
9212301 47
9212304 2
9212305 88
9212307 6
9212308 57
9212309 3
9212310 7
9212311 5
9212312 7
9212313 1
9212315 16
9212316 3
9212317 1
9212318 4
9301201 4
9301202 3
9301203 8
9301204 14
9301205 17
9301206 3
9301208 2
9301210 1
9301211 25
9301212 45
9301213 9
9301214 0
9301215 1
9301216 4
9301217 3
9301218 40
9301219 7
9301220 3
9301221 2
9301222 19
9301223 1
9301225 15
9301226 6
9301227 1
9301228 9
9301229 41
9301230 1
9301231 18
9301232 30
9301233 11
9301235 1
9301236 81
9301237 31
9301238 4
9301239 25
9301240 15
9301241 8
9301242 18
9301244 98
9301245 3
9301247 13
9301249 2
9301250 1
9301251 2
9301252 10
9301253 59
9301254 24
9301255 5
9301256 2
9301257 5
9301258 26
9301259 55
9301261 18
9301262 10
9301263 6
9301264 1
9301265 28
9301266 1
9301267 65
9301268 40
9301270 6
9301271 20
9301272 8
9301273 22
9301274 5
9301275 3
9301276 63
9301277 7
9301278 19
9301279 2
9301280 15
9301281 48
9301283 9
9301284 8
9301285 10
9301286 8
9301287 8
9301288 9
9301289 21
9301290 42
9301291 19
9301292 6
9301293 8
9301295 29
9301296 2
9302201 24
9302202 63
9302203 44
9302205 0
9302206 22
9302207 31
9302208 97
9302209 3
9302210 315
9302211 13
9302212 14
9302213 24
9302214 17
9302215 1
9302217 62
9302218 0
9302219 16
9302220 6
9302221 48
9302222 13
9302223 70
9302224 67
9302225 164
9302226 3
9302227 70
9302228 14
9302230 6
9302231 8
9302232 68
9302233 13
9302234 30
9302235 3
9302236 0
9302237 1
9302238 22
9302239 44
9302240 87
9302241 1
9302242 0
9302244 38
9302245 4
9302246 23
9302247 97
9302248 43
9302249 41
9302250 31
9302253 3
9302254 3
9302255 9
9302256 13
9302257 8
9302258 13
9302259 5
9302261 5
9302264 0
9302265 19
9302266 6
9302267 46
9302268 7
9302269 20
9302270 23
9302271 13
9302272 42
9302274 10
9302275 2
9302276 1
9302277 0
9302279 9
9302280 93
9302281 31
9302282 0
9302283 8
9302284 24
9302286 5
9302287 2
9302288 41
9302289 6
9302290 14
9302291 18
9302292 41
9302293 8
9302294 3
9302295 26
9302296 3
9302297 1
9302298 29
9302299 19
9302300 6
9302301 14
9302302 13
9302303 17
9302304 9
9302306 3
9302307 115
9302308 2
9302309 1
9302310 3
9302311 55
9302312 24
9302313 7
9302314 5
9302315 13
9302316 219
9302317 59
9302318 104
9302319 2
9302320 3
9302321 2
9303201 19
9303202 212
9303203 5
9303204 29
9303205 137
9303207 20
9303208 0
9303209 2
9303210 4
9303212 4
9303215 28
9303216 10
9303217 1
9303219 8
9303220 4
9303221 4
9303222 2
9303224 12
9303225 51
9303226 46
9303227 7
9303228 1
9303230 347
9303231 18
9303232 1
9303233 40
9303234 22
9303235 5
9303236 39
9303237 14
9303238 36
9303239 9
9303240 1
9303241 141
9303242 0
9303243 4
9303245 0
9303247 11
9303248 10
9303249 61
9303250 2
9303251 71
9303254 3
9303255 154
9303256 5
9303257 18
9303258 9
9303259 17
9303261 4
9303262 3
9303263 21
9303264 18
9303266 2
9303268 31
9303269 8
9303270 228
9303271 10
9303272 6
9303273 61
9303274 104
9303275 19
9303276 10
9303277 9
9303279 19
9303280 48
9303281 175
9303282 4
9303284 190
9303285 0
9303286 10
9303287 16
9303288 9
9303289 1
9303290 3
9303291 71
9303293 17
9303294 17
9303296 22
9303297 1
9303298 1
9303299 17
9303300 1
9303301 7
9303302 3
9303303 57
9303304 2
9303305 18
9303306 22
9303307 12
9303308 14
9303309 133
9303310 4
9303311 49
9303313 22
9303314 7
9303316 8
9303317 86
9303318 0
9303320 227
9303321 11
9303322 7
9303323 2
9303324 8
9304201 1
9304202 9
9304203 6
9304204 15
9304205 69
9304206 32
9304207 9
9304208 13
9304209 13
9304210 3
9304211 43
9304212 5
9304213 1
9304214 6
9304215 1
9304216 40
9304217 11
9304218 20
9304219 3
9304220 5
9304221 1
9304222 1
9304223 34
9304224 0
9304225 338
9304226 4
9304227 8
9304228 1
9304229 9
9304230 38
9304231 1
9304232 22
9304233 8
9304234 17
9304235 6
9304236 2
9304238 3
9304239 9
9304240 110
9304241 32
9304243 7
9304244 1
9304245 21
9304247 11
9304248 12
9304249 11
9304250 1
9304253 1
9304254 19
9304255 30
9304256 9
9304257 271
9304258 11
9304259 8
9304261 10
9304262 15
9304263 20
9304264 10
9304265 37
9304266 20
9304267 37
9304268 1
9304269 6
9304270 5
9304271 16
9304272 13
9304273 11
9304274 8
9304275 33
9304276 39
9304277 73
9304278 2
9304280 5
9304281 18
9304282 4
9304283 16
9304284 2
9304286 18
9304288 2
9304289 14
9304290 14
9304291 1
9304292 7
9304293 8
9304294 15
9304295 129
9304296 22
9304297 1
9304298 19
9304299 141
9304301 2
9304302 23
9304303 59
9304304 1
9304305 4
9304306 1
9304307 240
9304308 8
9304309 2
9304310 4
9304311 16
9304312 8
9304313 1
9304314 12
9304315 29
9304316 9
9304319 36
9304320 5
9304321 36
9305201 7
9305202 3
9305203 0
9305204 76
9305205 27
9305206 78
9305207 12
9305208 17
9305209 5
9305210 0
9305211 0
9305212 6
9305214 1
9305215 11
9305216 0
9305217 0
9305219 19
9305220 2
9305221 4
9305222 13
9305223 22
9305224 3
9305225 55
9305226 1
9305227 8
9305228 76
9305229 5
9305230 17
9305231 1
9305232 55
9305233 3
9305234 2
9305235 1
9305236 0
9305237 10
9305238 7
9305239 65
9305240 4
9305241 49
9305242 1
9305243 0
9305244 1
9305245 8
9305246 1
9305247 31
9305248 13
9305249 1
9305250 9
9305251 39
9305252 2
9305253 2
9305254 29
9305255 1
9305256 1
9305257 16
9305258 72
9305259 0
9305260 23
9305261 0
9305262 69
9305263 1
9305264 1
9305265 2
9305266 90
9305267 114
9305268 1
9305269 54
9305270 2
9305271 5
9305272 10
9305273 15
9305274 94
9305275 76
9305276 47
9305277 19
9305278 19
9305279 25
9305280 5
9305282 39
9305283 10
9305284 27
9305285 0
9305287 31
9305288 1
9305289 24
9305290 29
9305291 18
9305292 1
9305293 22
9305296 5
9305297 3
9305298 1
9305301 1
9305304 29
9305305 37
9305306 79
9305308 12
9305309 72
9305310 26
9305311 3
9305312 0
9305313 0
9305314 36
9305315 35
9305316 0
9305317 0
9305318 0
9305319 79
9305320 3
9305321 26
9305322 7
9305323 9
9305324 8
9305327 6
9305328 3
9305329 6
9305330 0
9305332 22
9305333 4
9305335 58
9305337 7
9305338 5
9305339 0
9305340 8
9305341 4
9305342 32
9305344 6
9305345 93
9305346 7
9305347 3
9305348 108
9305349 9
9306201 43
9306202 0
9306203 3
9306204 37
9306205 143
9306206 2
9306207 33
9306208 9
9306209 25
9306210 7
9306211 4
9306212 78
9306213 0
9306214 29
9306215 3
9306216 6
9306219 24
9306220 45
9306222 10
9306224 12
9306226 30
9306227 4
9306228 2
9306229 29
9306230 82
9306231 12
9306232 6
9306235 41
9306236 9
9306237 14
9306238 5
9306240 71
9306241 45
9306242 147
9306244 17
9306245 6
9306247 0
9306248 34
9306249 0
9306251 28
9306252 6
9306253 29
9306254 13
9306255 3
9306256 83
9306257 3
9306258 0
9306259 94
9306260 17
9306261 0
9306262 2
9306263 0
9306264 31
9306265 9
9306266 2
9306267 34
9306268 16
9306269 15
9306270 80
9306271 43
9306276 0
9306277 11
9306278 6
9306279 0
9306280 3
9306281 1
9306282 2
9306283 0
9306284 3
9306285 6
9306286 0
9306287 2
9306288 1
9306289 110
9306290 60
9306291 7
9306292 37
9306293 7
9306294 88
9306295 8
9306296 30
9306297 8
9306298 29
9306299 7
9306301 9
9306302 3
9306303 0
9306304 1
9306305 5
9306306 25
9306307 2
9306308 0
9306309 273
9306310 22
9306311 3
9306312 0
9306314 41
9306316 0
9306318 24
9306319 29
9306320 464
9306321 14
9306322 27
9306323 41
9306324 11
9306325 17
9306327 1
9306328 1
9306332 28
9306333 96
9306334 3
9306335 1
9306336 1
9306337 55
9307201 166
9307203 18
9307205 8
9307206 4
9307208 73
9307209 2
9307210 18
9307211 1
9307212 3
9307213 5
9307214 0
9307215 1
9307216 15
9307217 15
9307218 13
9307219 5
9307221 45
9307222 50
9307223 2
9307224 1
9307225 3
9307226 24
9307227 0
9307229 0
9307230 26
9307231 3
9307232 15
9307233 4
9307234 1
9307235 50
9307238 8
9307239 8
9307241 93
9307242 74
9307243 53
9307244 63
9307245 42
9307246 1
9307247 225
9307248 15
9307249 72
9307250 9
9307251 0
9307252 14
9307253 9
9307254 4
9307255 0
9307257 2
9307258 0
9307259 30
9307260 24
9307261 3
9307262 33
9307263 10
9307264 1
9307265 3
9307266 90
9307268 18
9307269 21
9307272 1
9307274 22
9307275 2
9307276 0
9307277 8
9307278 8
9307279 15
9307283 0
9307284 3
9307285 25
9307288 1
9307289 2
9307290 3
9307291 155
9307293 0
9307295 27
9307296 7
9307297 19
9307298 21
9307299 2
9307301 133
9307302 5
9307303 10
9307305 1
9307307 3
9307308 0
9307309 0
9307310 8
9307311 42
9307312 19
9307313 1
9307315 10
9307316 15
9307317 48
9307318 15
9307320 23
9307322 72
9307323 7
9307324 31
9307325 19
9307326 25
9307327 4
9307328 4
9307329 73
9307330 27
9307331 0
9307332 0
9307333 1
9307335 3
9307336 23
9307337 31
9307339 3
9307340 2
9307342 74
9307343 1
9307344 20
9307345 13
9307346 1
9307347 60
9307349 2
9307353 1
9307354 0
9307356 24
9307357 1
9307358 0
9307359 2
9307360 2
9307361 1
9307362 8
9307363 25
9307364 172
9307365 4
9307366 4
9307367 1
9307368 9
9307369 15
9307371 50
9307372 2
9307373 5
9307377 6
9308201 8
9308202 0
9308203 21
9308204 10
9308205 24
9308206 1
9308207 0
9308208 38
9308209 9
9308210 87
9308211 2
9308212 2
9308214 41
9308215 9
9308216 5
9308217 39
9308219 0
9308222 104
9308223 16
9308225 2
9308226 30
9308227 13
9308228 0
9308229 14
9308231 0
9308232 65
9308233 3
9308234 5
9308235 3
9308236 11
9308237 1
9308238 5
9308239 0
9308240 1
9308241 42
9308243 14
9308244 13
9308245 3
9308246 314
9308247 0
9308248 18
9308250 0
9308251 4
9308252 0
9308253 1
9308254 9
9308256 3
9308257 14
9308258 6
9308259 6
9308260 3
9308261 4
9308262 120
9308263 45
9308264 35
9308265 17
9308266 37
9308267 1
9308268 0
9308269 17
9308270 29
9308271 251
9308272 103
9308273 19
9308274 61
9308275 25
9308276 55
9308277 36
9308278 6
9308279 14
9308280 1
9308281 2
9308283 14
9308284 31
9308285 0
9308287 58
9308288 189
9308289 6
9308290 7
9308292 110
9308293 1
9308294 9
9308295 34
9308296 6
9308297 0
9308298 0
9308299 4
9308301 2
9308304 23
9308305 0
9308306 2
9308307 4
9308308 19
9308309 70
9308310 20
9308312 2
9308313 6
9308314 0
9308315 24
9308316 0
9308317 16
9308318 11
9308319 0
9308320 2
9308321 2
9308322 10
9308323 1
9308324 11
9308325 101
9308326 0
9308327 10
9308328 12
9308329 34
9308330 34
9308331 2
9308333 154
9308334 2
9308335 118
9308336 111
9308337 39
9308338 13
9308339 14
9308340 13
9308341 5
9308342 16
9308343 4
9308344 6
9308345 3
9308346 4
9308347 45
9308348 16
9308349 138
9308350 1
9308351 14
9308352 5
9308353 6
9308354 0
9308355 4
9308357 0
9308358 3
9308359 13
9308361 1
9308362 19
9308363 57
9308364 13
9308365 37
9308366 4
9308367 1
9308368 1
9308369 16
9308370 8
9308371 23
9308372 0
9308374 27
9308377 0
9309201 0
9309202 10
9309203 22
9309204 5
9309205 1
9309206 1
9309207 0
9309208 3
9309209 0
9309210 6
9309211 30
9309213 11
9309214 16
9309215 8
9309216 39
9309217 15
9309218 44
9309219 39
9309220 5
9309221 2
9309222 1
9309223 116
9309225 5
9309226 0
9309228 19
9309229 1
9309230 3
9309231 5
9309232 16
9309233 0
9309234 51
9309235 27
9309236 12
9309239 3
9309240 14
9309241 9
9309242 6
9309243 0
9309245 4
9309246 17
9309247 1
9309248 40
9309249 23
9309250 0
9309251 5
9309252 46
9309253 1
9309254 0
9309255 0
9309257 28
9309258 3
9309259 1
9309260 8
9309261 8
9309262 8
9309263 18
9309264 1
9309265 6
9309266 82
9309268 29
9309269 7
9309270 10
9309271 0
9309272 48
9309273 0
9309275 2
9309276 1
9309277 12
9309278 0
9309279 0
9309280 1
9309281 1
9309282 2
9309283 82
9309284 7
9309285 7
9309286 18
9309287 23
9309288 0
9309289 294
9309290 1
9309291 0
9309292 6
9309293 88
9309294 94
9309295 1
9309296 0
9309297 6
9309298 54
9309299 24
9309300 0
9309301 3
9309303 11
9309304 0
9309306 3
9309307 8
9309308 1
9309309 0
9309310 131
9309311 0
9309312 0
9309313 5
9309314 3
9309315 0
9309316 3
9309317 1
9309318 0
9309319 4
9309320 2
9309321 2
9309322 2
9309323 7
9309324 9
9309325 2
9309326 34
9309327 2
9309328 3
9309329 0
9309330 9
9309331 4
9309332 3
9309333 18
9309334 1
9309335 47
9309336 11
9310201 0
9310202 2
9310203 0
9310204 4
9310205 0
9310206 8
9310207 14
9310208 28
9310209 2
9310210 56
9310211 42
9310212 100
9310213 0
9310214 0
9310215 8
9310216 14
9310217 5
9310218 1
9310219 1
9310220 0
9310222 9
9310225 3
9310226 0
9310227 33
9310228 77
9310229 17
9310230 10
9310231 2
9310232 2
9310233 136
9310234 7
9310236 83
9310237 0
9310238 1
9310240 4
9310241 7
9310242 75
9310243 10
9310244 13
9310245 19
9310246 18
9310247 18
9310248 14
9310249 0
9310250 3
9310251 0
9310252 39
9310253 43
9310254 0
9310255 0
9310256 9
9310257 46
9310260 3
9310261 70
9310262 3
9310263 2
9310264 5
9310265 1
9310266 3
9310267 6
9310268 3
9310269 1
9310270 7
9310272 8
9310273 11
9310274 0
9310275 3
9310276 60
9310277 0
9310278 1
9310279 21
9310280 1
9310281 32
9310282 1
9310285 39
9310286 35
9310287 1
9310288 5
9310289 0
9310290 3
9310291 30
9310292 3
9310293 0
9310294 0
9310295 1
9310297 60
9310298 26
9310299 5
9310300 1
9310301 10
9310302 16
9310303 0
9310304 5
9310305 0
9310306 12
9310307 10
9310308 0
9310309 12
9310310 9
9310311 107
9310312 21
9310313 81
9310314 31
9310316 106
9310318 4
9310319 79
9310320 205
9310321 13
9310323 2
9310324 30
9310325 4
9310326 48
9310327 11
9310328 0
9310329 18
9310330 18
9310331 21
9310332 67
9310333 3
9310334 0
9310335 3
9310336 9
9310337 14
9310338 20
9310339 1
9310340 13
9310341 15
9310342 6
9310343 1
9310344 6
9310345 1
9310346 12
9310348 3
9310349 8
9310350 82
9310352 0
9310353 2
9310354 0
9310355 20
9310356 0
9310357 0
9310358 58
9310359 3
9310360 0
9310361 4
9310362 0
9310363 37
9310364 1
9310365 68
9310366 0
9310367 8
9310368 3
9310369 64
9310370 1
9310371 7
9310372 3
9310374 13
9310375 1
9310376 2
9310378 37
9310379 126
9310380 8
9311201 1
9311202 4
9311203 1
9311204 90
9311205 220
9311206 0
9311207 12
9311208 0
9311209 4
9311212 4
9311213 23
9311214 141
9311215 42
9311216 9
9311217 4
9311218 0
9311219 9
9311222 115
9311223 0
9311224 1
9311225 24
9311226 1
9311227 16
9311228 58
9311230 2
9311231 2
9311232 39
9311233 0
9311234 4
9311235 1
9311236 0
9311237 62
9311238 0
9311239 2
9311240 1
9311241 1
9311242 3
9311243 47
9311244 2
9311245 1
9311246 8
9311247 49
9311248 45
9311249 9
9311250 7
9311251 0
9311252 1
9311254 5
9311255 47
9311256 8
9311257 17
9311258 0
9311259 3
9311260 51
9311261 14
9311262 0
9311263 5
9311264 28
9311265 20
9311267 4
9311268 0
9311269 214
9311272 3
9311274 100
9311275 0
9311276 1
9311277 9
9311278 45
9311279 5
9311280 3
9311281 81
9311282 6
9311284 28
9311285 30
9311286 1
9311287 3
9311288 19
9311290 56
9311291 2
9311293 35
9311294 27
9311295 0
9311296 13
9311297 11
9311298 14
9311299 5
9311300 4
9311301 13
9311302 1
9311303 11
9311304 3
9311306 64
9311307 9
9311308 2
9311309 10
9311310 2
9311312 30
9311313 8
9311314 1
9311315 0
9311316 39
9311317 1
9311318 7
9311319 7
9311320 20
9311321 14
9311322 0
9311323 5
9311324 4
9311325 143
9311326 39
9311327 5
9311329 40
9311330 0
9311331 4
9311332 44
9311333 0
9311334 0
9311335 8
9311336 27
9311337 25
9311338 0
9311339 103
9311340 191
9311341 59
9311342 2
9311343 0
9311344 21
9311345 229
9311346 17
9311348 2
9311349 8
9311350 23
9311351 1
9311352 11
9311353 8
9311354 1
9311356 29
9311357 89
9311358 2
9311359 3
9311360 9
9311362 0
9311363 7
9311364 0
9311365 4
9311366 60
9311367 30
9311368 15
9311369 1
9311370 22
9311371 0
9311372 58
9311374 15
9311375 8
9311376 24
9311377 0
9311378 1
9311379 5
9312201 37
9312202 41
9312203 8
9312204 10
9312205 11
9312206 0
9312207 4
9312208 0
9312209 9
9312210 44
9312211 2
9312212 71
9312213 17
9312214 4
9312215 70
9312217 17
9312218 14
9312219 4
9312220 28
9312221 38
9312222 2
9312223 16
9312224 10
9312225 7
9312226 18
9312227 21
9312228 36
9312229 7
9312230 3
9312231 1
9312232 5
9312233 4
9312234 1
9312235 47
9312237 37
9312238 4
9312239 9
9312241 3
9312242 0
9312243 8
9312244 4
9312245 27
9312247 5
9312248 54
9312249 22
9312250 4
9312251 32
9312252 9
9312253 0
9312254 2
9312255 4
9312257 15
9312258 30
9312260 7
9312261 2
9312262 12
9312263 2
9312264 15
9312265 7
9312266 16
9312267 11
9312268 36
9312269 8
9312270 1
9312271 4
9312272 240
9312274 16
9312276 28
9312277 7
9312278 20
9312279 44
9312280 5
9312281 6
9312282 2
9312283 2
9312284 22
9312285 0
9312286 1
9312287 0
9312289 2
9312290 0
9312291 72
9312293 0
9312296 76
9312297 3
9312298 2
9312300 3
9312301 5
9312302 24
9312303 6
9312304 16
9312305 8
9312306 38
9312307 2
9312308 17
9312310 0
9312311 157
9312312 20
9312314 0
9312315 32
9312316 1
9312317 11
9312318 57
9312319 155
9312320 12
9312321 1
9312322 5
9312323 30
9312324 100
9312325 18
9312326 0
9312327 0
9312328 3
9312329 14
9312330 1
9312331 1
9312332 0
9312333 27
9312336 1
9312337 2
9312338 12
9312339 5
9312340 1
9312341 45
9312343 14
9312344 2
9312346 2
9312347 33
9312348 2
9312349 70
9312350 52
9312352 1
9312353 2
9312354 0
9312355 39
9312357 8
9312358 18
9312359 204
9312360 10
9312361 1
9312362 1
9312363 5
9401201 0
9401202 28
9401203 11
9401204 43
9401205 2
9401206 72
9401207 0
9401208 44
9401209 11
9401210 17
9401211 37
9401212 3
9401214 51
9401215 2
9401216 4
9401217 10
9401218 7
9401219 177
9401220 26
9401221 10
9401222 0
9401223 0
9401224 2
9401225 4
9401226 88
9401227 4
9401228 31
9401230 1
9401231 0
9401232 15
9401233 9
9401234 4
9401236 74
9401237 20
9401238 16
9401239 4
9401240 2
9401241 106
9401242 14
9401243 4
9401244 3
9401245 14
9401246 33
9401247 5
9401248 0
9401249 25
9401250 1
9401252 9
9401254 104
9401255 39
9401256 29
9401257 7
9401258 201
9401259 5
9401260 3
9401261 1
9401262 37
9401263 1total: 51327.0
Average: 23.620340543

last ten percent:
9812248 2
9812247 1
9812246 8
9812245 2
9812244 4
9812243 6
9812242 2
9812241 0
9812240 1
9812239 15
9812238 3
9812237 0
9812236 54
9812235 12
9812234 2
9812233 21
9812232 9
9812231 4
9812230 21
9812229 71
9812228 3
9812227 0
9812226 3
9812225 8
9812224 8
9812222 10
9812221 48
9812220 1
9812219 1
9812218 0
9812217 2
9812216 4
9812215 8
9812214 0
9812213 2
9812212 12
9812211 3
9812210 3
9812209 27
9812208 1
9812205 118
9812204 4
9812203 1
9812202 16
9812201 20
9811521 1
9811520 8
9811519 7
9811518 50
9811517 0
9811516 0
9811514 5
9811513 5
9811512 1
9811511 0
9811510 4
9811509 17
9811508 3
9811506 1
9811505 15
9811504 1
9811503 0
9811502 0
9811501 60
9811500 46
9811499 2
9811498 46
9811497 0
9811496 3
9811495 47
9811494 1
9811493 5
9811492 27
9811491 1
9811490 1
9811489 43
9811488 2
9811487 2
9811486 1
9811485 4
9811484 13
9811483 4
9811482 12
9811481 50
9811480 4
9811479 10
9811478 3
9811477 3
9811476 1
9811475 3
9811474 12
9811473 119
9811472 58
9811471 55
9811470 24
9811469 16
9811468 0
9811467 4
9811466 0
9811465 6
9811464 2
9811463 21
9811462 1
9811461 1
9811460 13
9811459 1
9811458 0
9811457 6
9811456 21
9811455 7
9811454 11
9811453 10
9811452 0
9811451 5
9811450 1
9811449 1
9811448 214
9811447 73
9811446 5
9811445 0
9811444 24
9811443 3
9811442 5
9811441 1
9811440 12
9811439 0
9811438 7
9811437 12
9811436 3
9811435 0
9811434 5
9811433 6
9811432 0
9811431 3
9811430 3
9811429 0
9811428 178
9811427 30
9811426 13
9811425 6
9811424 0
9811423 5
9811422 1
9811421 1
9811420 4
9811419 0
9811418 0
9811417 10
9811416 0
9811415 5
9811414 9
9811413 3
9811412 21
9811411 9
9811410 28
9811409 0
9811408 2
9811407 2
9811406 7
9811405 10
9811404 8
9811403 2
9811402 22
9811401 2
9811400 2
9811399 2
9811398 1
9811396 6
9811395 5
9811394 0
9811393 7
9811391 2
9811390 138
9811389 0
9811388 2
9811387 17
9811386 25
9811385 0
9811382 45
9811381 4
9811380 5
9811379 59
9811378 60
9811377 25
9811376 9
9811375 27
9811374 0
9811373 5
9811372 1
9811371 6
9811370 7
9811369 23
9811368 1
9811367 12
9811366 13
9811365 7
9811364 14
9811363 58
9811362 29
9811361 3
9811360 0
9811359 1
9811358 4
9811357 28
9811356 207
9811355 21
9811354 1
9811353 102
9811352 23
9811351 25
9811350 255
9811349 12
9811348 1
9811347 7
9811346 7
9811345 3
9811344 0
9811343 0
9811342 4
9811341 6
9811340 6
9811339 3
9811338 1
9811337 219
9811336 3
9811335 17
9811334 16
9811333 4
9811332 1
9811331 1
9811330 4
9811329 0
9811328 4
9811327 1
9811326 8
9811325 2
9811324 0
9811323 110
9811322 1
9811321 5
9811320 0
9811319 0
9811318 1
9811317 0
9811316 30
9811315 5
9811314 3
9811313 17
9811312 2
9811311 10
9811310 0
9811309 3
9811308 32
9811307 11
9811306 2
9811305 1
9811303 14
9811302 4
9811301 11
9811300 5
9811299 18
9811298 7
9811297 0
9811296 7
9811295 8
9811294 14
9811293 1
9811292 1
9811291 286
9811289 7
9811288 8
9811287 0
9811286 1
9811285 7
9811284 5
9811283 4
9811282 22
9811281 4
9811280 7
9811279 8
9811278 3
9811277 0
9811276 9
9811275 53
9811274 2
9811273 37
9811272 2
9811271 4
9811270 15
9811269 0
9811268 11
9811267 50
9811266 19
9811265 37
9811264 9
9811263 14
9811262 3
9811261 11
9811260 5
9811259 13
9811258 2
9811257 8
9811256 25
9811255 5
9811254 0
9811253 90
9811252 47
9811251 18
9811250 12
9811249 31
9811248 13
9811247 9
9811246 3
9811245 9
9811244 0
9811243 5
9811242 4
9811241 2
9811240 10
9811239 56
9811237 29
9811235 38
9811234 15
9811233 0
9811232 3
9811231 0
9811230 1
9811229 1
9811228 1
9811227 30
9811226 6
9811225 10
9811224 13
9811223 0
9811222 4
9811221 8
9811220 0
9811219 4
9811218 4
9811217 2
9811216 8
9811215 3
9811214 4
9811213 1
9811212 14
9811211 7
9811210 1
9811209 2
9811208 13
9811207 1
9811206 11
9811205 8
9811204 4
9811203 7
9811202 103
9811201 37
9810553 29
9810552 8
9810551 4
9810550 7
9810549 4
9810548 7
9810547 1
9810546 16
9810545 3
9810544 0
9810543 16
9810542 10
9810541 0
9810540 1
9810539 6
9810538 1
9810537 7
9810536 39
9810535 63
9810534 12
9810533 13
9810532 5
9810531 7
9810530 11
9810529 13
9810528 6
9810527 6
9810526 4
9810525 0
9810524 12
9810523 3
9810522 3
9810521 0
9810520 15
9810519 0
9810518 0
9810517 19
9810516 10
9810515 5
9810514 59
9810513 9
9810512 63
9810511 1
9810510 19
9810509 63
9810508 1
9810507 1
9810506 2
9810505 19
9810504 12
9810503 0
9810502 0
9810501 31
9810500 39
9810499 17
9810498 2
9810497 0
9810496 28
9810495 3
9810494 0
9810493 4
9810492 1
9810491 35
9810490 2
9810489 18
9810488 3
9810487 0
9810486 2
9810485 2
9810484 2
9810483 0
9810482 34
9810481 0
9810480 7
9810479 96
9810478 2
9810477 2
9810475 44
9810474 5
9810473 5
9810472 1
9810471 33
9810470 4
9810469 1
9810468 8
9810467 18
9810466 46
9810465 2
9810464 0
9810463 6
9810462 0
9810460 1
9810459 1
9810458 2
9810457 172
9810456 10
9810455 0
9810454 12
9810453 10
9810452 9
9810451 4
9810450 3
9810449 3
9810448 3
9810447 1
9810446 10
9810445 0
9810444 0
9810443 4
9810442 205
9810441 8
9810440 50
9810439 1
9810438 4
9810437 17
9810436 2
9810435 43
9810434 1
9810433 0
9810432 18
9810431 1
9810430 2
9810429 1
9810428 3
9810427 9
9810426 7
9810425 15
9810424 24
9810423 0
9810422 0
9810421 4
9810420 5
9810419 8
9810418 2
9810417 0
9810416 13
9810415 8
9810414 1
9810413 0
9810412 14
9810411 37
9810410 104
9810409 49
9810408 34
9810407 1
9810404 1
9810403 3
9810402 6
9810401 1
9810400 8
9810399 2
9810398 3
9810397 20
9810395 0
9810394 6
9810393 13
9810392 10
9810391 2
9810390 2
9810389 39
9810388 6
9810387 11
9810386 34
9810385 4
9810384 6
9810383 6
9810382 9
9810381 7
9810380 0
9810379 2
9810378 1
9810377 1
9810376 7
9810375 1
9810374 32
9810373 2
9810372 1
9810371 46
9810370 14
9810369 3
9810368 3
9810367 40
9810366 4
9810365 1
9810364 13
9810363 10
9810362 0
9810361 22
9810360 87
9810359 1
9810358 7
9810357 7
9810356 2
9810355 3
9810354 2
9810353 3
9810352 1
9810351 5
9810350 14
9810349 6
9810348 0
9810347 4
9810346 0
9810344 1
9810343 8
9810342 1
9810341 5
9810340 8
9810339 1
9810338 13
9810336 53
9810335 0
9810334 5
9810333 52
9810332 5
9810331 7
9810330 2
9810329 7
9810328 45
9810327 0
9810326 0
9810325 3
9810324 0
9810323 7
9810322 23
9810321 4
9810320 43
9810319 22
9810318 0
9810317 0
9810316 6
9810315 14
9810314 0
9810313 31
9810312 3
9810311 2
9810310 0
9810309 33
9810308 74
9810307 19
9810306 3
9810305 0
9810303 4
9810301 11
9810300 1
9810299 3
9810298 1
9810297 26
9810296 9
9810295 6
9810294 3
9810293 1
9810292 7
9810291 57
9810290 7
9810289 21
9810288 8
9810287 0
9810286 10
9810285 0
9810284 4
9810283 3
9810282 10
9810281 16
9810280 61
9810279 2
9810278 2
9810277 24
9810276 0
9810275 34
9810274 0
9810273 7
9810272 34
9810271 5
9810270 61
9810269 41
9810268 0
9810267 8
9810266 23
9810265 2
9810264 0
9810263 0
9810262 1
9810261 12
9810260 79
9810259 16
9810258 5
9810257 21
9810256 0
9810255 0
9810254 2
9810253 13
9810252 8
9810251 2
9810249 5
9810248 1
9810247 1
9810246 2
9810245 2
9810243 8
9810241 29
9810240 26
9810239 2
9810238 2
9810237 3
9810236 0
9810235 11
9810234 3
9810233 4
9810232 106
9810231 0
9810230 8
9810229 0
9810228 1
9810227 3
9810226 0
9810225 1
9810224 2
9810223 12
9810222 1
9810221 5
9810220 12
9810218 0
9810217 1
9810216 64
9810215 19
9810214 2
9810213 0
9810212 0
9810211 4
9810210 0
9810209 2
9810208 9
9810207 3
9810206 16
9810205 1
9810204 4
9810203 0
9810202 0
9810201 4
9809598 11
9809597 1
9809596 101
9809595 0
9809594 44
9809593 1
9809592 1
9809591 0
9809590 12
9809589 7
9809587 6
9809586 0
9809585 2
9809584 0
9809583 15
9809582 75
9809581 0
9809580 1
9809579 0
9809578 0
9809577 1
9809576 4
9809575 6
9809574 24
9809573 2
9809572 58
9809571 4
9809570 1
9809569 0
9809568 1
9809567 17
9809566 15
9809565 3
9809564 2
9809563 4
9809562 12
9809561 0
9809560 1
9809559 1
9809558 3
9809557 3
9809556 11
9809555 6
9809554 45
9809553 4
9809552 8
9809551 2
9809550 23
9809549 16
9809548 3
9809547 33
9809546 4
9809545 9
9809544 18
9809543 58
9809542 0
9809541 0
9809540 13
9809539 15
9809538 5
9809537 6
9809536 0
9809535 4
9809534 0
9809533 0
9809532 4
9809531 56
9809530 10
9809529 4
9809528 0
9809527 6
9809526 3
9809525 13
9809524 23
9809523 19
9809522 1
9809521 82
9809520 4
9809519 2
9809518 0
9809517 8
9809516 0
9809515 0
9809514 1
9809513 11
9809512 1
9809511 0
9809510 15
9809509 18
9809508 13
9809507 3
9809506 19
9809505 4
9809504 14
9809503 13
9809502 0
9809501 12
9809500 9
9809499 4
9809498 26
9809497 3
9809496 5
9809495 1
9809494 2
9809493 7
9809492 3
9809491 4
9809490 39
9809489 10
9809488 1
9809487 11
9809486 6
9809485 16
9809484 1
9809483 56
9809482 0
9809481 11
9809480 60
9809479 2
9809478 3
9809477 1
9809476 2
9809475 12
9809474 6
9809473 1
9809472 14
9809471 0
9809470 87
9809469 0
9809468 11
9809467 40
9809466 8
9809465 7
9809464 3
9809461 1
9809460 1
9809459 6
9809458 20
9809457 1
9809456 5
9809455 4
9809454 10
9809453 59
9809452 1
9809451 35
9809450 5
9809449 10
9809448 0
9809447 2
9809446 11
9809444 4
9809443 43
9809442 9
9809441 3
9809440 7
9809439 7
9809438 51
9809437 22
9809436 1
9809435 6
9809434 1
9809433 44
9809432 0
9809431 2
9809430 3
9809429 19
9809428 2
9809427 57
9809426 18
9809425 8
9809424 9
9809423 64
9809422 2
9809421 4
9809420 1
9809419 0
9809418 3
9809417 5
9809416 0
9809415 91
9809414 0
9809413 5
9809412 9
9809411 12
9809410 11
9809409 9
9809408 0
9809407 1
9809406 44
9809404 4
9809403 30
9809402 6
9809401 33
9809400 1
9809399 1
9809398 9
9809397 6
9809396 12
9809395 0
9809394 1
9809393 5
9809392 0
9809391 2
9809390 4
9809389 0
9809388 1
9809387 1
9809386 5
9809385 2
9809384 23
9809383 0
9809382 0
9809381 28
9809380 1
9809379 10
9809378 0
9809377 9
9809376 19
9809375 0
9809374 1
9809373 1
9809372 11
9809371 8
9809370 0
9809369 1
9809368 25
9809367 19
9809366 4
9809365 9
9809364 21
9809363 29
9809362 4
9809361 0
9809360 16
9809359 0
9809358 4
9809357 4
9809356 3
9809355 4
9809354 4
9809353 0
9809352 60
9809351 13
9809350 0
9809348 0
9809347 4
9809346 22
9809345 0
9809344 10
9809343 2
9809342 0
9809341 24
9809340 4
9809339 0
9809338 12
9809337 63
9809336 2
9809335 0
9809334 2
9809333 4
9809332 1
9809331 3
9809330 4
9809329 59
9809328 2
9809327 1
9809326 0
9809325 2
9809324 6
9809323 1
9809322 1
9809321 46
9809320 7
9809319 6
9809318 3
9809317 0
9809316 0
9809315 35
9809314 2
9809313 3
9809312 13
9809311 111
9809310 13
9809309 4
9809308 9
9809307 49
9809306 16
9809305 0
9809304 13
9809303 0
9809302 1
9809301 15
9809300 6
9809299 0
9809298 11
9809297 3
9809296 1
9809295 0
9809294 4
9809293 2
9809292 11
9809291 31
9809290 7
9809289 2
9809288 1
9809287 9
9809286 3
9809285 0
9809284 1
9809283 2
9809282 24
9809281 2
9809280 1
9809279 5
9809278 0
9809277 8
9809276 0
9809275 13
9809274 0
9809273 2
9809272 5
9809271 0
9809270 2
9809269 4
9809268 1
9809266 20
9809265 1
9809264 3
9809263 16
9809262 11
9809260 1
9809259 1
9809258 1
9809257 1
9809256 4
9809255 21
9809254 10
9809253 11
9809252 12
9809251 6
9809250 24
9809249 20
9809248 5
9809247 23
9809246 0
9809245 10
9809244 34
9809243 9
9809242 22
9809241 0
9809240 1
9809239 17
9809237 8
9809236 0
9809235 0
9809234 12
9809233 1
9809232 2
9809231 1
9809230 15
9809229 7
9809228 2
9809227 10
9809226 2
9809225 1
9809224 6
9809223 36
9809222 6
9809221 0
9809220 8
9809219 0
9809218 3
9809217 73
9809216 0
9809215 8
9809214 1
9809213 6
9809212 1
9809211 18
9809210 0
9809209 5
9809208 1
9809207 8
9809206 11
9809205 11
9809204 13
9809203 7
9809202 1
9809201 0
9808498 10
9808497 3
9808496 2
9808495 0
9808494 0
9808493 107
9808492 2
9808491 0
9808490 0
9808489 14
9808488 8
9808487 62
9808486 11
9808485 11
9808484 10
9808483 2
9808482 0
9808481 6
9808480 4
9808479 20
9808478 0
9808477 5
9808476 0
9808475 1
9808474 8
9808473 0
9808472 0
9808471 11
9808470 42
9808469 20
9808468 46
9808467 52
9808466 4
9808465 3
9808464 1
9808463 41
9808462 7
9808461 2
9808460 2
9808459 48
9808458 21
9808457 2
9808456 32
9808455 14
9808454 44
9808453 9
9808452 0
9808451 36
9808450 2
9808449 12
9808448 3
9808447 13
9808446 5
9808445 0
9808444 70
9808443 32
9808442 2
9808441 0
9808440 2
9808439 0
9808438 9
9808437 6
9808435 0
9808434 15
9808433 39
9808432 3
9808431 46
9808430 11
9808429 9
9808428 4
9808427 1
9808426 51
9808425 15
9808424 4
9808423 7
9808422 0
9808421 13
9808420 0
9808419 16
9808418 1
9808417 1
9808416 2
9808415 41
9808414 2
9808413 4
9808412 37
9808411 14
9808410 23
9808409 6
9808408 8
9808407 3
9808406 6
9808405 1
9808404 44
9808403 3
9808402 0
9808401 16
9808400 39
9808399 4
9808398 0
9808397 1
9808396 18
9808395 0
9808394 2
9808393 4
9808392 6
9808391 2
9808390 3
9808389 1
9808388 1
9808387 3
9808386 5
9808385 61
9808384 1
9808383 1
9808382 2
9808381 0
9808380 0
9808379 13
9808378 30
9808377 27
9808376 3
9808375 8
9808374 0
9808373 1
9808372 1
9808371 64
9808370 2
9808369 1
9808368 20
9808367 31
9808366 4
9808365 0
9808364 4
9808363 0
9808362 4
9808361 8
9808360 25
9808359 1
9808358 0
9808357 5
9808356 16
9808355 65
9808354 4
9808353 4
9808352 3
9808351 6
9808350 1
9808349 4
9808348 3
9808347 2
9808346 16
9808345 1
9808344 10
9808343 1
9808342 7
9808341 5
9808340 37
9808339 0
9808338 2
9808337 0
9808336 3
9808335 2
9808334 4
9808333 74
9808332 16
9808331 6
9808330 5
9808329 6
9808328 64
9808327 31
9808326 7
9808325 2
9808324 43
9808323 0
9808322 12
9808321 5
9808320 28
9808319 1
9808318 0
9808317 14
9808316 0
9808315 1
9808314 2
9808313 3
9808312 106
9808311 1
9808310 0
9808309 7
9808308 2
9808307 13
9808306 7
9808305 13
9808304 61
9808303 19
9808302 1
9808301 102
9808300 1
9808299 98
9808298 4
9808297 4
9808296 89
9808295 3
9808294 10
9808293 167
9808292 41
9808291 8
9808290 17
9808289 25
9808288 1
9808287 21
9808286 6
9808285 2
9808284 11
9808283 69
9808282 0
9808281 4
9808280 8
9808279 0
9808278 21
9808277 22
9808276 2
9808275 29
9808274 2
9808273 1
9808272 122
9808271 1
9808270 64
9808269 34
9808267 0
9808266 0
9808265 77
9808264 5
9808263 8
9808262 18
9808261 25
9808260 1
9808259 0
9808258 8
9808257 54
9808256 9
9808255 53
9808254 21
9808253 1
9808252 0
9808251 76
9808250 2
9808249 1
9808248 28
9808247 16
9808246 4
9808245 1
9808244 16
9808243 5
9808242 23
9808241 27
9808240 3
9808238 3
9808237 0
9808236 6
9808235 0
9808234 3
9808233 7
9808232 47
9808231 4
9808230 8
9808229 8
9808228 2
9808227 4
9808226 1
9808225 12
9808224 48
9808223 4
9808222 1
9808221 2
9808220 0
9808219 4
9808218 5
9808217 5
9808216 3
9808215 7
9808214 8
9808213 10
9808212 0
9808211 11
9808210 0
9808209 0
9808208 1
9808207 13
9808206 5
9808205 174
9808204 6
9808203 1
9808202 14
9808201 7
9807573 6
9807572 5
9807571 0
9807570 32
9807569 5
9807568 3
9807567 25
9807566 1
9807565 65
9807564 1
9807563 3
9807562 0
9807561 2
9807560 4
9807559 4
9807558 4
9807557 7
9807556 1
9807554 2
9807553 0
9807552 50
9807551 6
9807550 1
9807549 10
9807548 0
9807547 2
9807546 3
9807545 12
9807544 4
9807542 1
9807541 6
9807540 43
9807539 1
9807538 2
9807537 5
9807536 2
9807534 4
9807533 0
9807532 0
9807530 0
9807529 15
9807528 21
9807527 9
9807526 2
9807525 49
9807524 3
9807523 4
9807522 41
9807521 0
9807520 2
9807519 7
9807518 3
9807517 25
9807516 2
9807515 10
9807514 8
9807513 205
9807512 0
9807511 4
9807510 1
9807509 7
9807508 9
9807507 2
9807506 0
9807505 10
9807504 19
9807503 12
9807502 12
9807501 134
9807500 21
9807499 0
9807498 2
9807497 21
9807496 16
9807495 9
9807494 20
9807493 3
9807492 8
9807491 0
9807490 4
9807489 8
9807488 16
9807487 11
9807486 8
9807485 1
9807484 2
9807483 6
9807482 8
9807481 0
9807480 44
9807479 23
9807478 1
9807477 1
9807476 4
9807475 6
9807474 2
9807473 0
9807472 22
9807471 0
9807470 2
9807469 7
9807468 2
9807467 0
9807466 16
9807465 20
9807464 24
9807463 2
9807462 101
9807461 12
9807460 8
9807459 2
9807458 1
9807457 5
9807456 1
9807455 0
9807454 37
9807453 13
9807452 17
9807451 2
9807450 0
9807449 11
9807448 24
9807447 25
9807446 3
9807445 0
9807444 1
9807443 155
9807442 26
9807441 1
9807440 6
9807439 4
9807438 1
9807437 0
9807436 0
9807435 1
9807434 28
9807433 1
9807432 4
9807431 0
9807430 6
9807429 0
9807428 5
9807427 18
9807426 19
9807425 7
9807424 30
9807423 116
9807422 9
9807421 84
9807420 3
9807419 0
9807418 14
9807417 21
9807416 1
9807415 53
9807414 6
9807413 8
9807412 2
9807411 23
9807410 0
9807409 2
9807408 17
9807407 5
9807406 6
9807405 19
9807404 0
9807403 3
9807402 3
9807401 0
9807400 12
9807399 19
9807398 6
9807397 4
9807396 9
9807395 7
9807394 1
9807393 6
9807392 2
9807391 4
9807390 17
9807389 3
9807388 2
9807387 0
9807386 47
9807385 6
9807384 9
9807383 7
9807382 6
9807381 0
9807380 6
9807379 5
9807378 8
9807377 32
9807376 5
9807375 16
9807374 17
9807373 6
9807372 0
9807371 17
9807370 0
9807369 2
9807368 0
9807367 5
9807366 0
9807365 1
9807364 9
9807363 0
9807362 6
9807361 35
9807360 34
9807359 7
9807358 117
9807357 1
9807356 0
9807355 1
9807354 18
9807353 131
9807352 0
9807351 15
9807350 27
9807349 46
9807348 49
9807347 5
9807346 8
9807345 0
9807344 503
9807343 3
9807342 3
9807341 2
9807340 40
9807339 53
9807338 2
9807337 1
9807336 33
9807335 13
9807334 23
9807333 1
9807332 23
9807331 5
9807330 10
9807329 2
9807328 0
9807327 91
9807326 20
9807325 140
9807324 25
9807323 4
9807322 2
9807321 6
9807320 17
9807319 59
9807318 12
9807317 1
9807316 3
9807315 21
9807314 0
9807312 4
9807311 4
9807310 98
9807309 4
9807308 9
9807307 8
9807306 4
9807305 97
9807304 0
9807303 6
9807302 9
9807301 0
9807299 2
9807298 19
9807297 108
9807296 0
9807295 0
9807294 24
9807293 9
9807292 2
9807291 0
9807290 0
9807289 2
9807288 0
9807287 5
9807286 14
9807285 0
9807283 81
9807282 48
9807281 20
9807280 1
9807279 5
9807278 143
9807277 9
9807276 2
9807275 30
9807274 1
9807273 0
9807272 2
9807271 0
9807270 0
9807269 31
9807268 7
9807267 40
9807266 16
9807265 5
9807264 81
9807263 17
9807262 13
9807261 23
9807260 3
9807259 1
9807258 24
9807257 2
9807256 5
9807255 4
9807254 26
9807253 13
9807252 3
9807251 53
9807250 10
9807249 19
9807248 4
9807247 10
9807246 17
9807245 2
9807244 1
9807243 8
9807242 0
9807241 15
9807240 3
9807239 4
9807238 12
9807237 5
9807236 17
9807235 169
9807234 21
9807233 3
9807232 0
9807231 5
9807230 5
9807229 37
9807228 101
9807227 2
9807226 3
9807225 5
9807224 21
9807223 17
9807222 12
9807221 4
9807220 1
9807219 18
9807218 3
9807217 0
9807216 399
9807215 3
9807214 3
9807213 5
9807212 9
9807211 16
9807210 1
9807209 21
9807208 0
9807207 16
9807206 7
9807205 0
9807204 3
9807203 1
9807202 0
9807201 8
9806541 12
9806540 141
9806539 5
9806538 1
9806537 18
9806536 5
9806535 15
9806534 39
9806533 1
9806532 0
9806531 11
9806530 19
9806529 0
9806528 28
9806527 0
9806526 22
9806525 3
9806524 2
9806523 6
9806522 8
9806521 6
9806520 2
9806519 39
9806518 18
9806517 0
9806516 20
9806515 13
9806514 8
9806513 21
9806512 4
9806511 3
9806510 6
9806509 6
9806506 6
9806505 9
9806504 2
9806503 0
9806502 2
9806501 32
9806500 0
9806499 16
9806498 0
9806497 1
9806496 10
9806495 2
9806494 20
9806493 13
9806492 0
9806491 16
9806490 1
9806489 14
9806488 7
9806487 5
9806486 27
9806485 2
9806484 42
9806483 1
9806482 79
9806481 0
9806480 4
9806479 2
9806478 1
9806477 13
9806476 2
9806475 8
9806474 0
9806473 4
9806472 23
9806471 165
9806470 2
9806469 3
9806468 50
9806467 62
9806466 3
9806465 0
9806464 2
9806463 0
9806462 36
9806461 8
9806460 2
9806459 1
9806458 4
9806457 5
9806456 1
9806455 14
9806454 1
9806453 9
9806452 0
9806451 8
9806450 6
9806449 0
9806448 0
9806447 1
9806446 0
9806445 2
9806444 10
9806443 1
9806442 5
9806441 23
9806440 66
9806439 6
9806438 5
9806437 29
9806436 9
9806435 14
9806434 6
9806433 2
9806432 11
9806431 9
9806430 23
9806429 8
9806428 20
9806427 2
9806426 9
9806425 4
9806424 23
9806423 24
9806422 1
9806421 1
9806420 1
9806419 16
9806418 2
9806417 5
9806416 9
9806414 0
9806413 37
9806412 31
9806411 5
9806410 0
9806409 14
9806408 6
9806406 1
9806405 0
9806404 296
9806403 27
9806402 21
9806401 14
9806400 24
9806399 0
9806398 10
9806397 7
9806396 3
9806395 5
9806394 13
9806393 1
9806392 4
9806391 8
9806390 20
9806389 3
9806388 1
9806387 234
9806386 17
9806385 4
9806384 5
9806383 10
9806382 18
9806381 14
9806380 4
9806379 3
9806378 1
9806377 1
9806376 33
9806375 16
9806374 7
9806373 7
9806372 3
9806371 12
9806370 0
9806369 6
9806368 42
9806367 11
9806366 54
9806365 6
9806364 3
9806363 3
9806362 0
9806361 35
9806360 12
9806359 2
9806358 40
9806357 15
9806356 44
9806355 10
9806354 61
9806353 7
9806352 25
9806351 27
9806350 18
9806349 1
9806348 68
9806347 4
9806346 7
9806345 20
9806344 113
9806343 0
9806342 26
9806341 0
9806340 19
9806339 20
9806338 1
9806337 9
9806336 42
9806335 10
9806334 3
9806333 3
9806332 30
9806331 3
9806330 1
9806329 4
9806328 121
9806327 4
9806326 0
9806325 4
9806324 27
9806323 2
9806322 1
9806321 5
9806320 1
9806319 1
9806318 2
9806317 24
9806316 6
9806315 44
9806314 4
9806313 3
9806312 1
9806311 26
9806310 2
9806309 1
9806308 120
9806307 8
9806306 12
9806305 61
9806304 1
9806303 48
9806302 0
9806301 23
9806300 0
9806299 20
9806298 24
9806297 0
9806296 1
9806295 1
9806294 41
9806293 25
9806292 289
9806291 12
9806290 12
9806289 9
9806288 6
9806287 35
9806286 7
9806285 1
9806284 9
9806283 0
9806282 14
9806281 5
9806280 37
9806279 67
9806278 33
9806277 6
9806276 0
9806275 5
9806274 0
9806273 5
9806272 58
9806271 2
9806270 5
9806269 2
9806268 20
9806267 22
9806266 22
9806265 4
9806264 0
9806263 110
9806262 0
9806261 0
9806260 12
9806259 36
9806258 5
9806257 0
9806256 7
9806255 29
9806254 0
9806253 22
9806251 1
9806250 3
9806249 20
9806248 5
9806247 0
9806246 23
9806245 0
9806244 24
9806243 0
9806242 2
9806241 9
9806240 8
9806239 5
9806238 2
9806237 0
9806236 96
9806235 5
9806234 7
9806233 4
9806232 37
9806231 2
9806230 10
9806229 1
9806228 36
9806227 3
9806226 19
9806225 3
9806224 5
9806223 16
9806222 4
9806221 6
9806220 3
9806219 81
9806218 30
9806217 8
9806216 3
9806215 4
9806214 5
9806213 26
9806212 22
9806211 2
9806210 12
9806209 6
9806208 1
9806207 7
9806206 1
9806205 60
9806204 9
9806203 3
9806202 6
9806201 0
9805512 4
9805511 0
9805510 7
9805509 19
9805508 3
9805507 5
9805506 1
9805505 2
9805504 1
9805503 2
9805502 1
9805501 4
9805500 15
9805499 5
9805498 28
9805497 3
9805496 31
9805495 11
9805494 46
9805493 5
9805492 1
9805491 0
9805490 2
9805489 2
9805488 17
9805487 1
9805486 11
9805485 7
9805484 12
9805483 1
9805482 10
9805481 8
9805480 3
9805479 1
9805478 12
9805477 10
9805476 4
9805475 2
9805474 4
9805473 52
9805472 5
9805471 79
9805470 150
9805468 12
9805467 10
9805466 0
9805465 0
9805464 1
9805463 3
9805462 1
9805461 18
9805460 5
9805459 2
9805458 4
9805457 3
9805456 1
9805455 2
9805454 1
9805453 3
9805452 9
9805451 10
9805450 0
9805449 5
9805448 23
9805447 10
9805446 9
9805445 23
9805444 0
9805443 4
9805442 62
9805441 1
9805440 3
9805439 6
9805438 26
9805437 0
9805436 7
9805435 4
9805434 6
9805433 5
9805432 4
9805431 0
9805430 14
9805429 35
9805428 1
9805427 28
9805426 2
9805425 2
9805424 56
9805423 6
9805422 167
9805421 11total: 31203.0
Average: 14.3594109526