0.00000e+00
1.51400e+01
1.47000e+01
9.54000e+00
1.37600e+01
1.50000e+01
1.35000e+01
1.41600e+01
1.05800e+01
1.26000e+01
1.47800e+01
9.66000e+00
9.24000e+00
1.00600e+01
1.18000e+01
9.80000e+00
1.05000e+01
1.06000e+01
9.10000e+00
9.00000e+00
7.36000e+00
8.82000e+00
7.22000e+00
7.96000e+00
1.01800e+01
1.11400e+01
8.78000e+00
1.31600e+01
8.46000e+00
4.88000e+00
6.28000e+00
5.76000e+00
9.10000e+00
1.06800e+01
7.62000e+00
7.50000e+00
7.16000e+00
7.00000e+00
7.32000e+00
7.84000e+00
6.14000e+00
7.72000e+00
5.72000e+00
5.28000e+00
5.06000e+00
5.98000e+00
6.54000e+00
6.04000e+00
5.88000e+00
7.14000e+00
4.96000e+00
6.10000e+00
4.26000e+00
3.14000e+00
4.66000e+00
4.96000e+00
5.74000e+00
4.02000e+00
3.76000e+00
5.28000e+00
5.78000e+00
6.20000e+00
5.48000e+00
4.98000e+00
5.40000e+00
3.50000e+00
4.22000e+00
4.90000e+00
5.04000e+00
4.70000e+00
4.50000e+00
6.06000e+00
4.18000e+00
3.48000e+00
4.38000e+00
5.80000e+00
3.84000e+00
4.78000e+00
6.34000e+00
3.98000e+00
5.04000e+00
4.02000e+00
5.64000e+00
4.48000e+00
5.70000e+00
3.28000e+00
3.80000e+00
3.90000e+00
2.62000e+00
4.40000e+00
3.64000e+00
4.64000e+00
4.48000e+00
4.04000e+00
4.90000e+00
3.78000e+00
4.82000e+00
4.52000e+00
3.12000e+00
4.46000e+00
5.10000e+00
3.68000e+00
4.14000e+00
3.32000e+00
3.82000e+00
3.98000e+00
3.58000e+00
2.20000e+00
4.34000e+00
3.60000e+00
3.08000e+00
3.02000e+00
3.44000e+00
2.88000e+00
3.58000e+00
3.98000e+00
3.16000e+00
3.32000e+00
3.80000e+00
3.24000e+00
2.68000e+00
3.90000e+00
2.84000e+00
3.32000e+00
2.66000e+00
2.66000e+00
2.82000e+00
3.16000e+00
2.98000e+00
2.84000e+00
3.12000e+00
2.38000e+00
2.90000e+00
3.10000e+00
2.88000e+00
1.96000e+00
2.64000e+00
2.94000e+00
1.86000e+00
2.82000e+00
2.52000e+00
2.42000e+00
3.08000e+00
3.40000e+00
2.76000e+00
2.66000e+00
2.38000e+00
2.68000e+00
2.18000e+00
2.26000e+00
2.86000e+00
1.88000e+00
2.70000e+00
2.48000e+00
2.42000e+00
2.20000e+00
1.98000e+00
3.56000e+00
2.50000e+00
2.74000e+00
2.88000e+00
2.54000e+00
2.28000e+00
2.38000e+00
2.46000e+00
2.44000e+00
2.26000e+00
2.54000e+00
2.00000e+00
2.20000e+00
2.10000e+00
1.92000e+00
1.94000e+00
2.30000e+00
1.82000e+00
2.22000e+00
1.66000e+00
2.58000e+00
2.52000e+00
2.18000e+00
2.10000e+00
2.34000e+00
2.48000e+00
1.84000e+00
2.18000e+00
2.14000e+00
1.80000e+00
1.62000e+00
1.58000e+00
2.08000e+00
1.98000e+00
2.60000e+00
1.96000e+00
1.82000e+00
2.00000e+00
1.70000e+00
2.30000e+00
2.08000e+00
1.84000e+00
1.84000e+00
1.80000e+00
1.56000e+00
2.26000e+00
1.70000e+00
1.68000e+00
2.20000e+00
1.78000e+00
1.68000e+00
1.72000e+00
1.84000e+00
1.96000e+00
1.56000e+00
1.80000e+00
1.64000e+00
1.64000e+00
1.78000e+00
1.88000e+00
2.02000e+00
1.62000e+00
1.48000e+00
1.70000e+00
1.46000e+00
1.80000e+00
1.48000e+00
1.90000e+00
1.40000e+00
1.70000e+00
2.24000e+00
1.76000e+00
1.74000e+00
1.76000e+00
1.62000e+00
1.72000e+00
1.62000e+00
1.42000e+00
1.60000e+00
1.66000e+00
1.72000e+00
1.74000e+00
1.74000e+00
1.46000e+00
1.60000e+00
1.74000e+00
1.60000e+00
1.50000e+00
1.42000e+00
1.44000e+00
1.50000e+00
1.50000e+00
1.60000e+00
1.30000e+00
1.52000e+00
1.52000e+00
1.64000e+00
1.80000e+00
1.10000e+00
1.56000e+00
1.24000e+00
1.28000e+00
1.38000e+00
1.44000e+00
1.18000e+00
1.48000e+00
1.32000e+00
1.50000e+00
1.40000e+00
1.40000e+00
1.38000e+00
1.42000e+00
1.40000e+00
1.14000e+00
1.32000e+00
1.32000e+00
1.40000e+00
1.36000e+00
1.28000e+00
1.30000e+00
1.28000e+00
1.32000e+00
1.38000e+00
1.34000e+00
1.26000e+00
1.14000e+00
1.52000e+00
1.42000e+00
1.12000e+00
1.20000e+00
1.32000e+00
1.26000e+00
1.34000e+00
1.34000e+00
1.22000e+00
1.18000e+00
1.24000e+00
1.14000e+00
1.12000e+00
1.22000e+00
1.34000e+00
1.32000e+00
1.16000e+00
1.30000e+00
1.12000e+00
1.12000e+00
1.18000e+00
1.20000e+00
1.18000e+00
1.26000e+00
1.36000e+00
1.18000e+00
1.14000e+00
1.16000e+00
1.22000e+00
1.22000e+00
1.14000e+00
1.10000e+00
1.12000e+00
1.08000e+00
1.10000e+00
1.10000e+00
1.18000e+00
1.10000e+00
1.06000e+00
1.10000e+00
1.16000e+00
1.08000e+00
1.22000e+00
1.10000e+00
1.06000e+00
1.04000e+00
1.08000e+00
1.16000e+00
1.12000e+00
1.08000e+00
1.16000e+00
1.10000e+00
1.10000e+00
1.04000e+00
1.10000e+00
1.16000e+00
1.10000e+00
1.04000e+00
1.06000e+00
1.04000e+00
1.06000e+00
1.04000e+00
1.02000e+00
1.08000e+00
1.04000e+00
1.04000e+00
1.08000e+00
1.02000e+00
1.08000e+00
1.08000e+00
1.06000e+00
1.12000e+00
1.06000e+00
1.08000e+00
1.06000e+00
1.08000e+00
1.00000e+00
1.10000e+00
1.06000e+00
1.06000e+00
1.00000e+00
1.04000e+00
1.00000e+00
1.04000e+00
1.04000e+00
1.08000e+00
1.00000e+00
1.00000e+00
1.00000e+00
1.06000e+00
1.00000e+00
1.02000e+00
1.00000e+00
1.00000e+00
1.04000e+00
1.02000e+00
1.00000e+00
1.02000e+00
1.02000e+00
1.00000e+00
1.02000e+00
1.00000e+00
1.00000e+00
1.00000e+00
1.00000e+00
1.02000e+00
1.00000e+00
1.00000e+00
1.00000e+00
1.00000e+00
1.00000e+00
