0.00000e+00
1.75600e+01
1.63200e+01
1.18800e+01
1.58800e+01
1.54800e+01
1.58400e+01
1.53200e+01
1.32000e+01
1.48000e+01
1.54000e+01
1.18400e+01
1.19600e+01
1.24800e+01
1.36800e+01
1.27600e+01
1.28800e+01
1.33600e+01
1.23200e+01
1.22000e+01
1.08400e+01
1.05200e+01
9.60000e+00
1.05600e+01
1.19600e+01
1.32800e+01
1.18400e+01
1.50800e+01
1.14000e+01
7.52000e+00
8.60000e+00
8.76000e+00
1.14400e+01
1.21600e+01
1.11200e+01
1.07600e+01
8.96000e+00
9.76000e+00
9.76000e+00
1.00800e+01
9.32000e+00
1.02400e+01
8.48000e+00
8.12000e+00
7.56000e+00
8.88000e+00
8.72000e+00
8.96000e+00
8.68000e+00
9.76000e+00
7.84000e+00
9.36000e+00
6.96000e+00
5.20000e+00
7.36000e+00
7.84000e+00
8.76000e+00
6.48000e+00
5.80000e+00
8.28000e+00
8.84000e+00
9.32000e+00
8.44000e+00
7.80000e+00
8.32000e+00
5.88000e+00
6.64000e+00
8.12000e+00
7.60000e+00
7.12000e+00
7.68000e+00
9.12000e+00
6.92000e+00
5.92000e+00
7.28000e+00
8.16000e+00
6.48000e+00
7.16000e+00
1.02000e+01
6.72000e+00
8.32000e+00
6.32000e+00
8.96000e+00
7.68000e+00
9.16000e+00
5.40000e+00
6.52000e+00
6.44000e+00
4.84000e+00
7.08000e+00
6.00000e+00
7.32000e+00
7.68000e+00
6.76000e+00
7.60000e+00
6.24000e+00
7.92000e+00
7.28000e+00
5.20000e+00
7.56000e+00
8.04000e+00
6.12000e+00
7.00000e+00
5.68000e+00
6.56000e+00
6.48000e+00
6.20000e+00
4.24000e+00
7.44000e+00
6.08000e+00
5.44000e+00
5.36000e+00
6.28000e+00
5.16000e+00
6.32000e+00
6.88000e+00
5.60000e+00
6.08000e+00
6.80000e+00
5.84000e+00
5.04000e+00
6.24000e+00
5.44000e+00
5.96000e+00
4.60000e+00
4.56000e+00
5.28000e+00
5.76000e+00
5.52000e+00
5.16000e+00
5.36000e+00
4.36000e+00
5.32000e+00
5.84000e+00
5.32000e+00
3.72000e+00
4.96000e+00
5.32000e+00
3.48000e+00
5.32000e+00
4.56000e+00
4.40000e+00
5.60000e+00
6.12000e+00
4.88000e+00
4.92000e+00
4.44000e+00
4.80000e+00
4.16000e+00
4.28000e+00
5.24000e+00
3.52000e+00
4.88000e+00
4.64000e+00
4.56000e+00
4.12000e+00
3.72000e+00
6.24000e+00
4.48000e+00
5.20000e+00
5.32000e+00
4.60000e+00
4.32000e+00
4.52000e+00
4.64000e+00
4.48000e+00
4.36000e+00
4.72000e+00
3.80000e+00
4.20000e+00
4.00000e+00
3.60000e+00
3.68000e+00
4.20000e+00
3.56000e+00
4.12000e+00
3.20000e+00
4.88000e+00
4.72000e+00
4.20000e+00
4.00000e+00
4.48000e+00
4.52000e+00
3.64000e+00
4.20000e+00
4.12000e+00
3.44000e+00
3.24000e+00
3.12000e+00
4.00000e+00
3.96000e+00
4.96000e+00
3.72000e+00
3.48000e+00
3.76000e+00
3.28000e+00
4.20000e+00
4.00000e+00
3.64000e+00
3.44000e+00
3.52000e+00
3.08000e+00
4.28000e+00
3.32000e+00
3.28000e+00
4.24000e+00
3.56000e+00
3.36000e+00
3.36000e+00
3.48000e+00
3.68000e+00
3.00000e+00
3.60000e+00
3.24000e+00
3.12000e+00
3.48000e+00
3.64000e+00
3.88000e+00
3.24000e+00
2.88000e+00
3.36000e+00
2.92000e+00
3.40000e+00
2.96000e+00
3.80000e+00
2.80000e+00
3.40000e+00
4.44000e+00
3.40000e+00
3.48000e+00
3.52000e+00
3.24000e+00
3.36000e+00
3.20000e+00
2.80000e+00
3.20000e+00
3.32000e+00
3.36000e+00
3.48000e+00
3.40000e+00
2.92000e+00
3.20000e+00
3.40000e+00
3.12000e+00
3.00000e+00
2.84000e+00
2.88000e+00
3.00000e+00
3.00000e+00
3.16000e+00
2.56000e+00
3.04000e+00
3.00000e+00
3.24000e+00
3.60000e+00
2.20000e+00
3.08000e+00
2.44000e+00
2.56000e+00
2.76000e+00
2.84000e+00
2.36000e+00
2.88000e+00
2.64000e+00
2.96000e+00
2.80000e+00
2.80000e+00
2.76000e+00
2.84000e+00
2.76000e+00
2.28000e+00
2.64000e+00
2.64000e+00
2.76000e+00
2.72000e+00
2.56000e+00
2.60000e+00
2.52000e+00
2.64000e+00
2.76000e+00
2.68000e+00
2.52000e+00
2.28000e+00
3.04000e+00
2.84000e+00
2.24000e+00
2.40000e+00
2.64000e+00
2.52000e+00
2.68000e+00
2.64000e+00
2.44000e+00
2.36000e+00
2.48000e+00
2.28000e+00
2.24000e+00
2.44000e+00
2.64000e+00
2.64000e+00
2.32000e+00
2.60000e+00
2.24000e+00
2.24000e+00
2.36000e+00
2.40000e+00
2.36000e+00
2.52000e+00
2.72000e+00
2.36000e+00
2.28000e+00
2.32000e+00
2.44000e+00
2.44000e+00
2.28000e+00
2.20000e+00
2.24000e+00
2.16000e+00
2.20000e+00
2.20000e+00
2.36000e+00
2.20000e+00
2.12000e+00
2.20000e+00
2.32000e+00
2.16000e+00
2.44000e+00
2.20000e+00
2.12000e+00
2.08000e+00
2.16000e+00
2.32000e+00
2.24000e+00
2.16000e+00
2.32000e+00
2.20000e+00
2.20000e+00
2.08000e+00
2.20000e+00
2.32000e+00
2.20000e+00
2.08000e+00
2.12000e+00
2.08000e+00
2.12000e+00
2.08000e+00
2.04000e+00
2.16000e+00
2.08000e+00
2.08000e+00
2.16000e+00
2.04000e+00
2.16000e+00
2.16000e+00
2.12000e+00
2.24000e+00
2.12000e+00
2.16000e+00
2.12000e+00
2.16000e+00
2.00000e+00
2.20000e+00
2.12000e+00
2.12000e+00
2.00000e+00
2.08000e+00
2.00000e+00
2.08000e+00
2.08000e+00
2.16000e+00
2.00000e+00
2.00000e+00
2.00000e+00
2.12000e+00
2.00000e+00
2.04000e+00
2.00000e+00
2.00000e+00
2.08000e+00
2.04000e+00
2.00000e+00
2.04000e+00
2.04000e+00
2.00000e+00
2.04000e+00
2.00000e+00
2.00000e+00
2.00000e+00
2.00000e+00
2.04000e+00
2.00000e+00
2.00000e+00
2.00000e+00
2.00000e+00
2.00000e+00
