1.000000000000000000e+00
1.041263999999999967e+00
1.082896000000000081e+00
1.128271999999999942e+00
1.171967999999999899e+00
1.223407999999999829e+00
1.277887999999999913e+00
1.328320000000000167e+00
1.377327999999999886e+00
1.435247999999999857e+00
1.489680000000000115e+00
1.563615999999999895e+00
1.627023999999999804e+00
1.690911999999999971e+00
1.761808000000000041e+00
1.838303999999999938e+00
1.924096000000000029e+00
2.025552000000000241e+00
2.124576000000000242e+00
2.224783999999999651e+00
2.335759999999999614e+00
2.458175999999999917e+00
2.580335999999999963e+00
2.760032000000000263e+00
2.939344000000000179e+00
3.095504000000000033e+00
3.352863999999999844e+00
3.655264000000000291e+00
3.967296000000000156e+00
4.450224000000000402e+00
4.956272000000000233e+00
5.682288000000000672e+00
6.452831999999999013e+00
7.344736000000000153e+00
8.385552000000000561e+00
9.188159999999999883e+00
9.998368000000001032e+00
1.065345600000000026e+01
1.131600000000000072e+01
1.172376000000000040e+01
1.222315200000000068e+01
1.261907200000000095e+01
1.302417600000000064e+01
1.330035200000000017e+01
1.353996800000000000e+01
1.376505600000000129e+01
1.386796800000000118e+01
1.400964800000000032e+01
1.412814400000000070e+01
1.417401599999999995e+01
1.424859200000000037e+01
1.425121600000000122e+01
1.422972799999999971e+01
1.423099199999999875e+01
1.419137599999999999e+01
1.417169600000000074e+01
1.411443199999999898e+01
1.407360000000000078e+01
1.392068800000000017e+01
1.390073599999999843e+01
1.384451199999999815e+01
1.363699199999999934e+01
1.361214400000000069e+01
1.346688000000000152e+01
1.343447999999999887e+01
1.333531200000000005e+01
1.318364800000000159e+01
1.305993600000000043e+01
1.298937600000000003e+01
1.289423999999999992e+01
1.277835199999999816e+01
1.265598400000000012e+01
1.252574400000000132e+01
1.246318400000000004e+01
1.235895999999999972e+01
1.226707200000000064e+01
1.214822400000000080e+01
1.207641600000000182e+01
1.193758399999999931e+01
1.187059200000000025e+01
1.174425600000000181e+01
1.166092800000000018e+01
1.158449599999999968e+01
1.145974399999999882e+01
1.139000000000000057e+01
1.130827200000000055e+01
1.119985600000000225e+01
1.111756800000000034e+01
1.104689600000000027e+01
1.097534400000000154e+01
1.088020799999999788e+01
1.080014399999999952e+01
1.071024000000000065e+01
1.060316800000000015e+01
1.054073600000000077e+01
1.045211200000000140e+01
1.040859200000000051e+01
1.032217600000000068e+01
1.025351999999999997e+01
1.017887999999999948e+01
1.011806400000000039e+01
1.003948800000000041e+01
9.996624000000000621e+00
9.924863999999999464e+00
9.852639999999999176e+00
9.786272000000000304e+00
9.724592000000001235e+00
9.655808000000000391e+00
9.617567999999998563e+00
9.536239999999999384e+00
9.484031999999999130e+00
9.431760000000000588e+00
9.383216000000000889e+00
9.310752000000000805e+00
9.270031999999998717e+00
9.211583999999998440e+00
9.170831999999998985e+00
9.107376000000000360e+00
9.054688000000002290e+00
9.016288000000001190e+00
8.967071999999999932e+00
8.902848000000002315e+00
8.860288000000000608e+00
8.813120000000001397e+00
8.767552000000000234e+00
8.715744000000000824e+00
8.683087999999999695e+00
8.629711999999999605e+00
8.594223999999998753e+00
8.554607999999999990e+00
8.508815999999999491e+00
8.480608000000000146e+00
8.426384000000000540e+00
8.395232000000000028e+00
8.355679999999999552e+00
8.322799999999999088e+00
8.286543999999999244e+00
8.244815999999998368e+00
8.201583999999998653e+00
8.181712000000000984e+00
8.138384000000000285e+00
8.111039999999999139e+00
8.072575999999999752e+00
8.027328000000000685e+00
8.009664000000000783e+00
7.980704000000000242e+00
7.944848000000000354e+00
7.914239999999999498e+00
7.883696000000000481e+00
7.852224000000000537e+00
7.809664000000000605e+00
7.769056000000000850e+00
7.744848000000000177e+00
7.716736000000000928e+00
7.687584000000000195e+00
7.658847999999999878e+00
7.618687999999999683e+00
7.585280000000000022e+00
7.560655999999999821e+00
7.530399999999999316e+00
7.501824000000000048e+00
7.470703999999999567e+00
7.437184000000000239e+00
7.415776000000000145e+00
7.388415999999999428e+00
7.373456000000000010e+00
7.345072000000000045e+00
7.322656000000000276e+00
7.294191999999999787e+00
7.282175999999999760e+00
7.260479999999999379e+00
7.239360000000000461e+00
7.216992000000000296e+00
7.199023999999999646e+00
7.174336000000000269e+00
7.162656000000000134e+00
7.149200000000000443e+00
7.123488000000000042e+00
7.103631999999999280e+00
7.090192000000000938e+00
7.078799999999999315e+00
7.060223999999999833e+00
7.048031999999999186e+00
7.028992000000000573e+00
6.999343999999998900e+00
6.995280000000001053e+00
6.977327999999999086e+00
6.959039999999999004e+00
6.936703999999999759e+00
6.929824000000000872e+00
6.904416000000000331e+00
6.887247999999999593e+00
6.874591999999999814e+00
6.847583999999999449e+00
6.829615999999999687e+00
6.814783999999999509e+00
6.778608000000000189e+00
6.765967999999999982e+00
6.734335999999999878e+00
6.723056000000000587e+00
