1.000000000000000000e+00
1.041279999999999983e+00
1.082976000000000161e+00
1.128463999999999912e+00
1.172703999999999747e+00
1.224799999999999889e+00
1.280480000000000063e+00
1.332384000000000235e+00
1.383984000000000103e+00
1.445087999999999928e+00
1.502896000000000232e+00
1.583488000000000007e+00
1.654752000000000001e+00
1.726960000000000051e+00
1.810671999999999837e+00
1.901008000000000031e+00
2.006224000000000007e+00
2.133423999999999765e+00
2.265168000000000070e+00
2.403167999999999971e+00
2.574320000000000164e+00
2.752224000000000004e+00
2.954591999999999885e+00
3.308335999999999721e+00
3.666159999999999641e+00
4.084191999999999823e+00
4.787455999999999712e+00
5.918096000000000245e+00
7.478352000000000999e+00
1.027254399999999990e+01
1.435366400000000020e+01
2.176011199999999945e+01
3.186614399999999847e+01
4.578216000000000463e+01
6.554673600000000988e+01
8.631748799999999733e+01
1.112130240000000043e+02
1.381129440000000272e+02
1.671031199999999899e+02
1.935232160000000192e+02
2.243518880000000024e+02
2.550261599999999760e+02
2.865258240000000001e+02
3.193363519999999767e+02
3.474069439999999531e+02
3.790674880000000257e+02
4.036778239999999869e+02
4.323713759999999979e+02
4.597616319999999632e+02
4.873291520000000219e+02
5.114205599999999663e+02
5.326367360000000417e+02
5.572548480000000382e+02
5.793859519999999748e+02
6.024337279999998600e+02
6.214539359999999988e+02
6.419129120000000057e+02
6.575343520000001263e+02
6.741617120000000796e+02
6.930065600000000359e+02
7.102297760000000153e+02
7.188825279999999793e+02
7.343325439999999844e+02
7.480075199999999995e+02
7.611014399999999114e+02
7.758810399999998708e+02
7.821728480000000445e+02
7.932533919999999625e+02
8.031360320000001138e+02
8.139896160000000691e+02
8.211900799999999663e+02
8.306585119999999733e+02
8.367980160000000751e+02
8.462841920000000755e+02
8.543435520000000452e+02
8.629169119999999111e+02
8.668603360000000748e+02
8.752146399999999176e+02
8.797987200000000030e+02
8.877489120000000185e+02
8.893387680000000728e+02
8.957445760000000519e+02
9.008533280000000332e+02
9.052563679999999522e+02
9.090181919999999991e+02
9.135699519999999438e+02
9.181311999999999216e+02
9.220959520000000111e+02
9.251300959999999804e+02
9.291910880000000361e+02
9.324877920000000131e+02
9.351695360000001074e+02
9.372541599999999562e+02
9.389452479999998786e+02
9.420307040000000143e+02
9.453591359999999213e+02
9.485199680000000626e+02
9.499619040000000041e+02
9.534341919999999391e+02
9.544353919999999789e+02
9.564988000000000739e+02
9.576648480000000063e+02
9.607047519999999849e+02
9.630900479999999106e+02
9.642523840000001201e+02
9.652735040000000026e+02
9.662122399999999516e+02
9.684040159999999560e+02
9.701215200000000323e+02
9.706956319999999323e+02
9.717898080000001073e+02
9.732782239999999092e+02
9.742906240000000935e+02
9.747262399999999616e+02
9.770669599999999946e+02
9.771532320000001164e+02
9.782232159999999794e+02
9.794473440000000437e+02
9.800884640000000445e+02
9.813080799999999044e+02
9.816960000000000264e+02
9.819436799999999721e+02
9.840902720000000272e+02
9.848034239999999500e+02
9.849218720000000076e+02
9.857521599999998898e+02
9.854012960000001158e+02
9.864305599999999004e+02
9.872755999999999403e+02
9.879434080000000904e+02
9.881443679999999858e+02
9.877760640000000194e+02
9.885692960000000085e+02
9.893710080000000744e+02
9.899757600000000366e+02
9.898695360000000392e+02
9.908258559999999306e+02
9.911258559999999989e+02
9.921755360000000792e+02
9.916148000000000593e+02
9.928297279999999319e+02
9.925145440000000008e+02
9.930932479999999032e+02
9.931355999999999540e+02
9.939404799999999796e+02
9.936411360000000741e+02
9.937905600000000277e+02
9.940058880000000272e+02
9.946639999999999873e+02
9.945019360000000006e+02
9.950096320000000105e+02
9.954769919999999956e+02
9.949868800000000419e+02
9.949452479999998786e+02
9.952813280000000304e+02
9.959425760000000309e+02
9.957113600000001270e+02
9.960040960000001178e+02
9.965957600000000411e+02
9.965513599999998178e+02
9.967132960000001276e+02
9.966326080000000047e+02
9.966768000000000711e+02
9.970553119999999581e+02
9.972236480000000256e+02
9.969408159999999270e+02
9.973683359999999993e+02
9.972899680000000444e+02
9.974200960000000578e+02
9.978991200000000390e+02
9.976285279999999602e+02
9.979031519999999773e+02
9.979944960000000265e+02
9.979627520000001368e+02
9.981867039999999633e+02
9.981483360000000857e+02
9.979447040000001152e+02
9.983858560000001034e+02
9.983335840000000871e+02
9.982798719999999548e+02
9.985603680000000395e+02
9.986337280000000192e+02
9.988255039999999099e+02
9.987011199999999462e+02
9.987187360000000353e+02
9.987253600000001370e+02
9.990313759999999093e+02
9.989288640000000896e+02
9.990019039999999677e+02
9.990690240000000131e+02
9.988344640000000254e+02
9.989926080000000184e+02
9.992437919999999849e+02
9.990747519999999895e+02
9.991935039999999617e+02
9.991535999999998694e+02
9.991034079999999449e+02
9.990945120000000088e+02
9.993220320000001493e+02
9.992708000000000084e+02
