1.246285984691861728e+02 6.816849357970561130e+01
1.306310112804274581e+02 8.139060402684563655e+01
2.287927669475253651e+02 1.055852124891587209e+02
1.990184990960802622e+02 1.061965164414590390e+02
1.511242281304482731e+02 8.462368581110435173e+01
1.670269624749543595e+02 7.432916248855561037e+01
1.245162030785849367e+02 7.254978008796481959e+01
1.177542038465640388e+02 7.494404973357015365e+01
1.364280168935864026e+02 7.058337609030272120e+01
1.599049973213774933e+02 8.942465116279069548e+01
1.207893755254671220e+02 6.472365482233502121e+01
1.251951669352402092e+02 8.304443282801881310e+01
1.128109250394184784e+02 6.248030585934026959e+01
7.493203650336215560e+01 4.331859557867360166e+01
1.506537702976793014e+02 7.532529757420520866e+01
1.340731603490644659e+02 8.905399195864445971e+01
1.723377376877251947e+02 7.550263381478335134e+01
1.719968474045147957e+02 8.475637727759914242e+01
1.497826168457885387e+02 7.904237067845073739e+01
1.845964453974986270e+02 1.023632137443153169e+02
1.527909391722775467e+02 8.847560321715818077e+01
1.495995668736627806e+02 7.461527922990950401e+01
1.601752921496670865e+02 9.042659868281283764e+01
1.490526273193505062e+02 7.701599278274419191e+01
1.306425918625640463e+02 8.331374243733793605e+01
2.231995350568809613e+02 1.090330556657411023e+02
1.271623621809394393e+02 8.241908713692946264e+01
1.852615035391750098e+02 1.012354830738818947e+02
1.608158305667558921e+02 8.779137392005917206e+01
1.298538441894374387e+02 6.902117981520966339e+01
1.381585113566934240e+02 7.204092664092664222e+01
1.302868810720605666e+02 7.816630541871921878e+01
9.853432930313631744e+01 5.364362112691586759e+01
1.460512886950871518e+02 7.137770111638158710e+01
8.940560174840970831e+01 4.370490928495197380e+01
1.596536298698870269e+02 7.805194546721067184e+01
1.287998956745044552e+02 8.104715447154471519e+01
2.234979055869021920e+02 1.161317365269461135e+02
1.580000238804069284e+02 7.802857142857142492e+01
1.427247486981284794e+02 6.911345173745174009e+01
1.424961251768806960e+02 8.414731795802020997e+01
1.037340954196274794e+02 5.502578879124045841e+01
1.696797457493493084e+02 9.242680041639064825e+01
1.555259089036629518e+02 8.907264500205675972e+01
1.419823030116736504e+02 6.602841459476913144e+01
1.076690986742592742e+02 6.158356164383561548e+01
2.186244341914203346e+02 1.024422381635581019e+02
1.626202672237927800e+02 6.556427780719064913e+01
1.528222713427670953e+02 8.824789550072569000e+01
1.583015852993317765e+02 8.893875075803516950e+01
7.118695513502019878e+01 3.911018711018711258e+01
1.531523145843703446e+02 9.044678248103743101e+01
1.220985725260836148e+02 7.074468551391628068e+01
1.241809172038817195e+02 6.384068348250610114e+01
1.429832747929118852e+02 8.482224706539966519e+01
7.317303261792166325e+01 4.346245059288537504e+01
1.025984268992000636e+02 6.540942760942760970e+01
1.966686484964721160e+02 9.781085965063248011e+01
1.208056347256347323e+02 7.359855334538879390e+01
1.423060248317039793e+02 7.968680875997948476e+01
1.231920896908216605e+02 5.272468215694870963e+01
2.028020603146138683e+02 9.077790211437658741e+01
1.556103103349321657e+02 7.729087452471482322e+01
2.120614193524051529e+02 8.746831266668499438e+01
1.293805046608807459e+02 8.572215843857634354e+01
1.353089681573551957e+02 7.474648308889554471e+01
1.361273149289583557e+02 7.325025799793601777e+01
1.251328974407590238e+02 6.213077106139933647e+01
1.352024904223224269e+02 6.433493379892331632e+01
9.597099116730615265e+01 4.546524220693692087e+01
1.507178202704498347e+02 5.742824631860776208e+01
1.279630327289851692e+02 6.314762554999241218e+01
1.443485051758061957e+02 7.305545512288072985e+01
1.290611453700795153e+02 7.028468510341622277e+01
1.228928672152360662e+02 6.457636424506193862e+01
8.974574324083638999e+01 4.995751306862418062e+01
1.210450159175670848e+02 5.930171260369279906e+01
2.073109425105413379e+02 8.345870227486263104e+01
1.795761875275220802e+02 9.627758415679200255e+01
1.589078840392651841e+02 8.208172936479600423e+01
1.251955832378678650e+02 6.289476870913053830e+01
1.846154134063640981e+02 8.443539062930132388e+01
1.681703522645997566e+02 9.204894073478143923e+01
1.869157464023954560e+02 9.193453336390736297e+01
1.131043852385014361e+02 4.802481871869626673e+01
9.062422607736161240e+01 4.865920954511558705e+01
1.762199852784862060e+02 9.180286113049545804e+01
1.839551295835748590e+02 1.060433758830090483e+02
1.221345742315019152e+02 7.767992177314211233e+01
9.848930818267868403e+01 5.221764063353359120e+01
1.418931962703459533e+02 8.105738548636129792e+01
1.843263122011865107e+02 6.547976553341149497e+01
1.758408293963630626e+02 1.039430379746835484e+02
1.696181732106078073e+02 9.478813668600902531e+01
1.120965236725360654e+02 6.390505050505050377e+01
1.230400405694207961e+02 7.683551349846923983e+01
1.450528271854282139e+02 8.231705809641532312e+01
1.291916432124334051e+02 8.099354838709678006e+01
1.462474316707179298e+02 7.012431842966194040e+01
1.763707830805278149e+02 9.453252506411750744e+01
