0.00000e+00
1.08910e+04
1.12940e+04
1.12170e+04
1.04320e+04
1.07880e+04
1.07660e+04
1.07240e+04
1.03110e+04
1.02950e+04
1.02530e+04
9.14700e+03
1.01830e+04
1.05380e+04
1.08360e+04
1.08130e+04
1.08290e+04
1.03960e+04
1.07440e+04
1.07350e+04
1.06790e+04
1.02640e+04
1.02480e+04
1.01900e+04
1.05410e+04
9.81600e+03
1.01150e+04
1.01050e+04
1.04180e+04
1.03980e+04
9.64200e+03
9.63700e+03
1.02760e+04
9.95000e+03
9.88900e+03
1.02020e+04
9.85500e+03
9.44300e+03
9.45500e+03
9.73100e+03
9.71900e+03
9.66900e+03
9.64000e+03
9.60700e+03
9.56600e+03
9.58900e+03
9.52400e+03
9.19900e+03
9.78300e+03
9.75500e+03
9.37200e+03
9.70700e+03
9.64200e+03
9.31600e+03
9.29500e+03
9.23100e+03
9.25000e+03
9.51900e+03
9.47800e+03
9.43900e+03
9.38000e+03
9.39500e+03
9.01300e+03
9.31900e+03
9.27100e+03
8.91800e+03
8.90200e+03
8.60000e+03
8.22800e+03
8.77500e+03
9.09800e+03
8.70100e+03
9.04700e+03
8.69200e+03
8.97200e+03
8.62600e+03
8.55900e+03
8.56400e+03
8.51600e+03
8.15600e+03
8.19900e+03
8.41300e+03
8.69400e+03
7.78500e+03
7.50900e+03
8.01800e+03
8.26800e+03
8.52000e+03
8.19400e+03
8.15000e+03
7.58900e+03
8.11900e+03
7.49300e+03
8.32800e+03
8.27900e+03
8.28300e+03
7.38900e+03
8.17200e+03
8.18300e+03
7.60000e+03
8.09000e+03
8.02200e+03
7.73800e+03
7.70000e+03
7.95100e+03
7.37300e+03
7.91000e+03
7.62900e+03
7.59900e+03
7.75700e+03
7.73200e+03
7.50600e+03
7.15500e+03
7.13200e+03
7.13900e+03
7.58900e+03
7.53800e+03
7.00600e+03
7.48100e+03
7.42500e+03
7.15300e+03
6.86600e+03
7.11800e+03
7.11100e+03
6.78200e+03
6.99400e+03
7.20600e+03
6.71900e+03
7.10900e+03
7.08900e+03
6.85000e+03
7.02800e+03
6.96700e+03
6.93600e+03
6.27700e+03
6.65300e+03
6.37800e+03
6.39400e+03
6.36300e+03
6.80200e+03
6.26400e+03
6.45400e+03
6.18900e+03
6.16900e+03
6.32100e+03
6.53100e+03
6.48100e+03
5.83200e+03
6.24100e+03
5.95000e+03
5.92100e+03
6.34500e+03
6.30900e+03
5.58800e+03
5.81300e+03
6.17200e+03
5.72600e+03
5.72400e+03
5.86900e+03
5.97200e+03
5.79400e+03
5.75500e+03
5.70400e+03
5.51800e+03
5.82300e+03
5.78200e+03
5.20500e+03
5.54300e+03
5.11200e+03
5.61500e+03
5.45700e+03
5.55100e+03
5.17300e+03
5.51100e+03
5.08100e+03
5.07100e+03
4.66200e+03
5.14100e+03
5.30400e+03
5.06900e+03
4.99600e+03
5.16000e+03
5.08500e+03
4.78300e+03
4.88700e+03
4.65100e+03
4.81900e+03
4.98800e+03
4.59200e+03
4.33800e+03
4.78100e+03
4.41400e+03
4.42800e+03
4.49500e+03
4.01300e+03
4.14700e+03
4.55800e+03
4.23200e+03
4.22800e+03
4.10700e+03
3.93000e+03
3.90800e+03
3.61200e+03
4.13700e+03
4.25700e+03
3.88100e+03
4.02600e+03
3.82300e+03
4.01500e+03
3.63800e+03
3.87600e+03
3.56600e+03
3.63000e+03
3.25100e+03
3.81000e+03
3.48900e+03
3.72400e+03
3.18400e+03
3.39100e+03
3.29600e+03
3.43300e+03
2.70500e+03
3.10700e+03
3.11600e+03
3.01100e+03
2.92800e+03
3.03300e+03
3.20200e+03
2.84300e+03
2.79700e+03
2.55400e+03
2.79000e+03
2.86000e+03
2.72300e+03
2.89000e+03
2.71800e+03
2.29700e+03
2.25900e+03
2.42800e+03
2.52000e+03
2.35500e+03
2.25900e+03
2.43400e+03
2.26300e+03
2.43400e+03
2.02000e+03
2.17000e+03
2.00600e+03
2.14100e+03
1.55500e+03
1.95100e+03
1.63400e+03
2.05400e+03
1.94700e+03
1.72300e+03
1.43800e+03
1.54200e+03
1.32800e+03
1.61200e+03
1.54300e+03
1.26100e+03
1.17800e+03
1.23100e+03
1.23500e+03
1.09200e+03
1.40900e+03
1.18500e+03
8.31000e+02
1.09300e+03
7.51000e+02
8.11000e+02
7.89000e+02
9.57000e+02
9.06000e+02
7.81000e+02
7.00000e+02
6.42000e+02
6.32000e+02
5.98000e+02
4.93000e+02
7.06000e+02
4.54000e+02
3.85000e+02
3.39000e+02
4.48000e+02
3.34000e+02
3.33000e+02
2.88000e+02
3.72000e+02
3.49000e+02
2.44000e+02
1.72000e+02
2.57000e+02
2.16000e+02
2.10000e+02
1.20000e+02
2.01000e+02
1.89000e+02
1.90000e+02
1.79000e+02
1.34000e+02
1.35000e+02
1.07000e+02
1.14000e+02
1.26000e+02
1.37000e+02
1.09000e+02
9.40000e+01
1.42000e+02
1.06000e+02
1.08000e+02
9.00000e+01
9.10000e+01
1.28000e+02
7.00000e+01
1.00000e+02
8.10000e+01
9.90000e+01
8.40000e+01
6.80000e+01
8.60000e+01
7.20000e+01
1.06000e+02
1.02000e+02
8.40000e+01
6.70000e+01
8.30000e+01
7.30000e+01
5.40000e+01
7.60000e+01
5.10000e+01
8.00000e+01
5.30000e+01
7.00000e+01
4.80000e+01
6.20000e+01
5.20000e+01
5.90000e+01
7.90000e+01
5.90000e+01
5.80000e+01
5.10000e+01
5.50000e+01
4.80000e+01
4.10000e+01
4.80000e+01
5.20000e+01
3.90000e+01
4.50000e+01
4.90000e+01
5.00000e+01
4.30000e+01
4.90000e+01
5.10000e+01
3.80000e+01
4.60000e+01
3.90000e+01
3.90000e+01
4.70000e+01
4.40000e+01
4.00000e+01
4.20000e+01
3.80000e+01
3.90000e+01
4.20000e+01
3.70000e+01
3.40000e+01
3.90000e+01
3.20000e+01
3.60000e+01
3.40000e+01
3.10000e+01
3.30000e+01
3.20000e+01
3.60000e+01
3.30000e+01
3.30000e+01
3.40000e+01
3.40000e+01
3.10000e+01
3.00000e+01
3.10000e+01
3.00000e+01
3.00000e+01
3.00000e+01
3.10000e+01
3.20000e+01
3.10000e+01
3.00000e+01
3.10000e+01
0.00000e+00
0.00000e+00
0.00000e+00
0.00000e+00
