0.00000e+00
4.86000e+02
4.80000e+02
5.06000e+02
4.68000e+02
4.82000e+02
4.90000e+02
4.70000e+02
4.50000e+02
4.64000e+02
4.48000e+02
4.34000e+02
4.66000e+02
4.84000e+02
4.90000e+02
4.76000e+02
5.28000e+02
5.00000e+02
4.80000e+02
5.22000e+02
4.92000e+02
4.66000e+02
4.76000e+02
4.80000e+02
5.00000e+02
4.54000e+02
4.46000e+02
4.94000e+02
5.12000e+02
5.08000e+02
4.58000e+02
4.54000e+02
5.04000e+02
5.26000e+02
4.90000e+02
4.66000e+02
4.98000e+02
4.74000e+02
4.88000e+02
4.94000e+02
4.92000e+02
4.88000e+02
5.08000e+02
4.86000e+02
5.04000e+02
4.96000e+02
4.88000e+02
5.36000e+02
5.14000e+02
5.32000e+02
5.08000e+02
5.40000e+02
5.04000e+02
4.78000e+02
4.88000e+02
4.70000e+02
5.18000e+02
5.18000e+02
5.22000e+02
4.88000e+02
5.26000e+02
5.18000e+02
5.14000e+02
5.14000e+02
5.06000e+02
4.90000e+02
5.12000e+02
4.82000e+02
4.98000e+02
4.78000e+02
5.48000e+02
4.88000e+02
5.34000e+02
5.08000e+02
5.42000e+02
5.00000e+02
4.98000e+02
4.86000e+02
4.88000e+02
4.64000e+02
5.00000e+02
5.22000e+02
5.34000e+02
4.58000e+02
4.72000e+02
5.02000e+02
5.28000e+02
5.38000e+02
4.98000e+02
5.04000e+02
4.94000e+02
5.14000e+02
4.66000e+02
5.48000e+02
5.14000e+02
5.50000e+02
4.90000e+02
5.46000e+02
5.04000e+02
4.94000e+02
5.44000e+02
5.58000e+02
5.20000e+02
5.32000e+02
5.32000e+02
5.04000e+02
5.50000e+02
5.34000e+02
5.16000e+02
5.46000e+02
5.44000e+02
5.24000e+02
4.98000e+02
5.22000e+02
5.26000e+02
5.16000e+02
5.50000e+02
5.12000e+02
5.76000e+02
5.54000e+02
5.32000e+02
4.98000e+02
5.52000e+02
5.62000e+02
5.14000e+02
5.44000e+02
5.64000e+02
5.56000e+02
5.62000e+02
5.58000e+02
5.90000e+02
5.40000e+02
5.64000e+02
5.54000e+02
5.30000e+02
5.40000e+02
5.44000e+02
5.66000e+02
5.80000e+02
6.08000e+02
5.48000e+02
5.52000e+02
5.66000e+02
5.24000e+02
5.46000e+02
5.84000e+02
5.84000e+02
5.30000e+02
5.80000e+02
5.48000e+02
5.58000e+02
6.18000e+02
5.92000e+02
5.46000e+02
6.10000e+02
5.98000e+02
5.60000e+02
5.82000e+02
5.64000e+02
6.12000e+02
5.80000e+02
5.96000e+02
5.70000e+02
5.62000e+02
6.32000e+02
6.12000e+02
5.72000e+02
5.70000e+02
5.40000e+02
6.24000e+02
6.24000e+02
6.16000e+02
5.64000e+02
6.26000e+02
5.84000e+02
5.86000e+02
5.64000e+02
6.30000e+02
6.40000e+02
6.54000e+02
6.32000e+02
6.26000e+02
6.32000e+02
6.04000e+02
7.14000e+02
6.28000e+02
6.52000e+02
6.94000e+02
6.58000e+02
5.98000e+02
6.44000e+02
6.38000e+02
6.68000e+02
6.68000e+02
6.16000e+02
6.56000e+02
7.08000e+02
7.02000e+02
7.22000e+02
6.70000e+02
6.60000e+02
6.64000e+02
6.22000e+02
7.42000e+02
7.34000e+02
6.60000e+02
6.94000e+02
6.86000e+02
7.52000e+02
7.26000e+02
7.42000e+02
7.14000e+02
7.12000e+02
7.22000e+02
7.90000e+02
7.38000e+02
8.32000e+02
7.18000e+02
7.64000e+02
8.24000e+02
7.94000e+02
6.14000e+02
7.62000e+02
7.76000e+02
7.64000e+02
8.06000e+02
8.04000e+02
8.18000e+02
8.28000e+02
8.32000e+02
7.50000e+02
7.82000e+02
8.76000e+02
7.84000e+02
8.64000e+02
8.46000e+02
7.14000e+02
7.18000e+02
7.54000e+02
7.98000e+02
7.96000e+02
7.58000e+02
8.78000e+02
8.60000e+02
8.58000e+02
8.06000e+02
8.34000e+02
8.28000e+02
8.74000e+02
6.76000e+02
8.78000e+02
7.94000e+02
9.44000e+02
9.14000e+02
8.58000e+02
7.28000e+02
7.28000e+02
7.62000e+02
8.32000e+02
8.38000e+02
7.04000e+02
7.30000e+02
7.26000e+02
7.68000e+02
7.16000e+02
7.84000e+02
8.20000e+02
5.34000e+02
7.56000e+02
5.64000e+02
6.58000e+02
6.44000e+02
7.16000e+02
6.78000e+02
6.36000e+02
5.32000e+02
5.42000e+02
5.46000e+02
5.98000e+02
4.52000e+02
6.50000e+02
4.76000e+02
3.72000e+02
3.74000e+02
4.66000e+02
3.86000e+02
4.00000e+02
3.82000e+02
4.20000e+02
4.20000e+02
3.20000e+02
2.56000e+02
3.56000e+02
3.24000e+02
2.96000e+02
1.98000e+02
2.82000e+02
2.74000e+02
2.76000e+02
2.84000e+02
2.14000e+02
2.14000e+02
1.84000e+02
1.96000e+02
2.14000e+02
2.34000e+02
1.90000e+02
1.68000e+02
2.44000e+02
1.84000e+02
1.86000e+02
1.62000e+02
1.46000e+02
2.18000e+02
1.36000e+02
1.70000e+02
1.54000e+02
1.64000e+02
1.50000e+02
1.30000e+02
1.64000e+02
1.34000e+02
1.84000e+02
1.84000e+02
1.44000e+02
1.26000e+02
1.46000e+02
1.40000e+02
1.06000e+02
1.38000e+02
1.02000e+02
1.40000e+02
1.04000e+02
1.26000e+02
9.40000e+01
1.20000e+02
1.04000e+02
1.14000e+02
1.36000e+02
1.10000e+02
1.10000e+02
1.02000e+02
1.06000e+02
9.60000e+01
8.20000e+01
9.60000e+01
1.04000e+02
7.80000e+01
8.60000e+01
9.80000e+01
1.00000e+02
8.60000e+01
9.60000e+01
9.80000e+01
7.60000e+01
9.20000e+01
7.80000e+01
7.60000e+01
9.00000e+01
8.60000e+01
8.00000e+01
8.40000e+01
7.60000e+01
7.80000e+01
8.40000e+01
7.40000e+01
6.80000e+01
7.80000e+01
6.40000e+01
7.00000e+01
6.80000e+01
6.20000e+01
6.60000e+01
6.40000e+01
7.20000e+01
6.60000e+01
6.60000e+01
6.80000e+01
6.80000e+01
6.20000e+01
6.00000e+01
6.20000e+01
6.00000e+01
6.00000e+01
6.00000e+01
6.20000e+01
6.40000e+01
6.20000e+01
6.00000e+01
6.20000e+01
0.00000e+00
0.00000e+00
0.00000e+00
0.00000e+00
