   0.42545
   0.42581
   0.42334
   0.42370
   0.42465
   0.42627
   0.42729
   0.42643
   0.42603
   0.42152
   0.43054
   0.42735
   0.42674
   0.42896
   0.42183
   0.42371
   0.42619
   0.42671
   0.43676
   0.42900
   0.42602
   0.42709
   0.42874
   0.43248
   0.42895
   0.42897
   0.43084
   0.42174
   0.42226
   0.42602
   0.42875
   0.43763
   0.42366
   0.42507
   0.43277
   0.43247
   0.42426
   0.42891
   0.42312
   0.42852
   0.42803
   0.42432
   0.41900
   0.42531
   0.42481
   0.42340
   0.42004
   0.42415
   0.42770
   0.43017
   0.42552
   0.42284
   0.42625
   0.43128
   0.43206
   0.42745
   0.42941
   0.42644
   0.43056
   0.43014
   0.43014
   0.43015
   0.42404
   0.42138
   0.44023
   0.42362
   0.43104
   0.42850
   0.42151
   0.42652
   0.42785
   0.42180
   0.43467
   0.43313
   0.44064
   0.43602
   0.42860
   0.42741
   0.43099
   0.41963
   0.43140
   0.42187
   0.42618
   0.42268
   0.42786
   0.43527
   0.43585
   0.43560
   0.42589
   0.41260
   0.43481
   0.43140
   0.42801
   0.42882
   0.42949
   0.42457
   0.43949
   0.42444
   0.43654
   0.43584
   0.44151
   0.43144
   0.43668
   0.41812
   0.42376
   0.42736
   0.44445
   0.42655
   0.43899
   0.40892
   0.44829
   0.43362
   0.43298
   0.42954
   0.42964
   0.43228
   0.43374
   0.42510
   0.42758
   0.42788
   0.43210
   0.43486
   0.42859
   0.43681
   0.42499
   0.43120
   0.42579
   0.43186
   0.44067
   0.41836
   0.43939
   0.44217
   0.43485
   0.41811
   0.43581
   0.42589
   0.43439
   0.41265
   0.41611
   0.42578
   0.44156
   0.40624
   0.42220
   0.42394
   0.44148
   0.43638
   0.43657
   0.43538
   0.44028
   0.42541
   0.43650
   0.43952
   0.42877
   0.43023
   0.42571
   0.44031
   0.42218
   0.43243
   0.43613
   0.42860
   0.43034
   0.41264
   0.43483
   0.44034
   0.42969
   0.43472
   0.43235
   0.41278
   0.42793
   0.42812
   0.43428
   0.43689
   0.43038
   0.43024
   0.43319
   0.42205
   0.42850
   0.43665
   0.44270
   0.43825
   0.42134
   0.43261
   0.43381
   0.43223
   0.43059
   0.44105
   0.43162
   0.43767
   0.43427
   0.42037
   0.43262
   0.43879
   0.43385
   0.43748
   0.42957
   0.43488
   0.43830
   0.43656
   0.43749
   0.43595
   0.43361
   0.43554
   0.43952
   0.44456
   0.44249
   0.44656
   0.44168
   0.44521
   0.44792
   0.44892
   0.44897
   0.44906
   0.44289
   0.45016
   0.45609
   0.46044
   0.45465
   0.46293
   0.46519
   0.46333
   0.46543
   0.46350
   0.46165
   0.45947
   0.46011
   0.46090
   0.45606
   0.46682
   0.46015
   0.46252
   0.46078
   0.46518
   0.45865
   0.45862
   0.46145
   0.47107
   0.46708
   0.46860
   0.46864
   0.46576
   0.46310
   0.47165
   0.46678
   0.47408
   0.47300
   0.47408
   0.47913
   0.48533
   0.48834
   0.48935
   0.48883
   0.49318
   0.49258
   0.49995
   0.50081
   0.50055
   0.50435
   0.50646
   0.50644
   0.50607
   0.50491
   0.51030
   0.51149
   0.51507
   0.50751
   0.50694
   0.50891
   0.51989
   0.51527
   0.51264
   0.51561
   0.51844
   0.51832
   0.52052
   0.52364
   0.52673
   0.52778
   0.52574
   0.52937
   0.53413
   0.53506
   0.53962
   0.54205
   0.54586
   0.55013
   0.55046
   0.55617
   0.55762
   0.55911
   0.56449
   0.56452
   0.57067
   0.57679
   0.57823
   0.57997
   0.58164
   0.58379
   0.58472
   0.59006
   0.59357
   0.59785
   0.60034
   0.60521
   0.60835
   0.61394
   0.60974
   0.61595
   0.60985
   0.61493
   0.62131
   0.62288
   0.62601
   0.62910
   0.62677
   0.62841
   0.63713
   0.63713
   0.63984
   0.63439
   0.63842
   0.64491
   0.64234
   0.64174
   0.63730
   0.63277
   0.63397
   0.63686
   0.64678
   0.64762
   0.64561
   0.65226
   0.64998
   0.64710
   0.64527
   0.64547
   0.64972
   0.64895
   0.64632
   0.64683
   0.64023
   0.64168
   0.64180
   0.65535
   0.65813
   0.66086
   0.67661
   0.67821
   0.68044
   0.68962
   0.69212
   0.68379
   0.67952
   0.66989
   0.66839
   0.66446
   0.69983
   0.69875
   0.69823
   0.69068
   0.68901
   0.68902
   0.68841
   0.70871
   0.69094
   0.67529
   0.66157
   0.65397
   0.65515
   0.63194
   0.56214
   0.61459
   0.52633
   0.72043
   0.70913
   0.71152
   0.71152
   0.71133
   0.69301
   0.68857
   0.68023
   0.60496
   0.59267
   0.50118
   0.47283
   0.47283
   0.46208
   0.46208
   0.40685
   0.25397
   0.25397
