0.00000e+00
1.59200e+01
1.61200e+01
1.52800e+01
1.60400e+01
1.58400e+01
1.68800e+01
1.61200e+01
1.60000e+01
1.72800e+01
1.70400e+01
1.62000e+01
1.63200e+01
1.64800e+01
1.58000e+01
1.65600e+01
1.61600e+01
1.58400e+01
1.63200e+01
1.48000e+01
1.60800e+01
1.68000e+01
1.65200e+01
1.53200e+01
1.65600e+01
1.65600e+01
1.53200e+01
1.62000e+01
1.67600e+01
1.70400e+01
1.58400e+01
1.66400e+01
1.64400e+01
1.66000e+01
1.65200e+01
1.58400e+01
1.63600e+01
1.51200e+01
1.58800e+01
1.70000e+01
1.64400e+01
1.59600e+01
1.65600e+01
1.57600e+01
1.54000e+01
1.67200e+01
1.68000e+01
1.76400e+01
1.64800e+01
1.61200e+01
1.63600e+01
1.57600e+01
1.61600e+01
1.67200e+01
1.66800e+01
1.62000e+01
1.64400e+01
1.66000e+01
1.78400e+01
1.52000e+01
1.52000e+01
1.74800e+01
1.65600e+01
1.70400e+01
1.72400e+01
1.64000e+01
1.62000e+01
1.65200e+01
1.69600e+01
1.62000e+01
1.69200e+01
1.63200e+01
1.65200e+01
1.72400e+01
1.76000e+01
1.65600e+01
1.66000e+01
1.58000e+01
1.67200e+01
1.66800e+01
1.59200e+01
1.72400e+01
1.71600e+01
1.71200e+01
1.65200e+01
1.80000e+01
1.70800e+01
1.62400e+01
1.68800e+01
1.66400e+01
1.71600e+01
1.60800e+01
1.75200e+01
1.70000e+01
1.67200e+01
1.75200e+01
1.63200e+01
1.67600e+01
1.72800e+01
1.78400e+01
1.86400e+01
1.65200e+01
1.70000e+01
1.61200e+01
1.74000e+01
1.73200e+01
1.72800e+01
1.73200e+01
1.76000e+01
1.58800e+01
1.62000e+01
1.55600e+01
1.64000e+01
1.83200e+01
1.74000e+01
1.64400e+01
1.80000e+01
1.79200e+01
1.75200e+01
1.78400e+01
1.74800e+01
1.65600e+01
1.84000e+01
1.78000e+01
1.67600e+01
1.84400e+01
1.78000e+01
1.62000e+01
1.77600e+01
1.82400e+01
1.76800e+01
1.81200e+01
1.77600e+01
1.71600e+01
1.77200e+01
1.80400e+01
1.70000e+01
1.84400e+01
1.72800e+01
1.84400e+01
1.72000e+01
1.69200e+01
1.70800e+01
1.84800e+01
1.78800e+01
1.82000e+01
1.84400e+01
1.74400e+01
1.82800e+01
1.58800e+01
1.83600e+01
1.66000e+01
1.82400e+01
1.91200e+01
1.77600e+01
1.86000e+01
1.79600e+01
1.85200e+01
1.81200e+01
1.65200e+01
1.82000e+01
1.86800e+01
1.78800e+01
1.81200e+01
1.96400e+01
1.70800e+01
1.84400e+01
1.83200e+01
2.01600e+01
1.84800e+01
1.90400e+01
1.81600e+01
1.84400e+01
2.00000e+01
1.91200e+01
1.96800e+01
1.82800e+01
1.96800e+01
1.91600e+01
1.80800e+01
1.92400e+01
1.92400e+01
2.01200e+01
1.92000e+01
1.94000e+01
1.97600e+01
2.02000e+01
2.13600e+01
2.09600e+01
1.89600e+01
1.98400e+01
1.84400e+01
1.98800e+01
1.91600e+01
1.99600e+01
1.99200e+01
2.03600e+01
2.06400e+01
1.90000e+01
1.99600e+01
1.89600e+01
2.00400e+01
1.97200e+01
2.12400e+01
2.10400e+01
2.02800e+01
1.96800e+01
2.21600e+01
1.96400e+01
2.04800e+01
2.14400e+01
2.23600e+01
2.14400e+01
2.16800e+01
2.15600e+01
2.10000e+01
2.26000e+01
2.15600e+01
2.16400e+01
2.29600e+01
2.16000e+01
2.23600e+01
2.38800e+01
2.56800e+01
2.37200e+01
2.18400e+01
2.58000e+01
2.24000e+01
2.41200e+01
2.30000e+01
2.38000e+01
2.31600e+01
2.56800e+01
2.16800e+01
2.40800e+01
2.41200e+01
2.32000e+01
2.41200e+01
2.43200e+01
2.30400e+01
2.46400e+01
2.57200e+01
2.53600e+01
2.60800e+01
2.67200e+01
2.48000e+01
2.81600e+01
2.53600e+01
2.54800e+01
2.84000e+01
2.72400e+01
2.64400e+01
3.06400e+01
3.18000e+01
2.63200e+01
2.66800e+01
2.82800e+01
2.72000e+01
2.55600e+01
2.82000e+01
2.65200e+01
2.98000e+01
2.82000e+01
2.82000e+01
2.40000e+01
2.33200e+01
2.68800e+01
2.78400e+01
2.82800e+01
2.38400e+01
2.34400e+01
2.52400e+01
2.43200e+01
2.61200e+01
2.70400e+01
2.49600e+01
2.00000e+01
1.90800e+01
2.16800e+01
1.93200e+01
2.03200e+01
1.96400e+01
1.77600e+01
2.02400e+01
1.68400e+01
1.83200e+01
1.62000e+01
1.43200e+01
1.52000e+01
1.47200e+01
1.50400e+01
1.38000e+01
1.32000e+01
1.35200e+01
1.17200e+01
1.09600e+01
1.12000e+01
1.02400e+01
1.26400e+01
1.02800e+01
9.68000e+00
9.96000e+00
8.84000e+00
8.60000e+00
6.68000e+00
5.68000e+00
8.36000e+00
7.64000e+00
6.60000e+00
7.64000e+00
5.48000e+00
6.24000e+00
6.80000e+00
6.20000e+00
5.88000e+00
5.36000e+00
5.92000e+00
5.28000e+00
6.12000e+00
5.92000e+00
5.76000e+00
4.72000e+00
4.44000e+00
5.08000e+00
4.96000e+00
5.28000e+00
5.52000e+00
4.88000e+00
4.80000e+00
3.92000e+00
4.24000e+00
4.48000e+00
4.64000e+00
4.32000e+00
4.20000e+00
4.40000e+00
4.16000e+00
3.32000e+00
3.88000e+00
3.64000e+00
4.24000e+00
3.64000e+00
3.36000e+00
3.20000e+00
3.64000e+00
4.16000e+00
3.52000e+00
3.24000e+00
3.12000e+00
3.16000e+00
2.88000e+00
3.16000e+00
2.72000e+00
2.72000e+00
2.80000e+00
3.00000e+00
2.44000e+00
2.64000e+00
2.96000e+00
2.68000e+00
2.52000e+00
2.48000e+00
2.24000e+00
2.80000e+00
2.48000e+00
2.48000e+00
2.60000e+00
2.16000e+00
2.52000e+00
2.44000e+00
2.48000e+00
2.28000e+00
2.20000e+00
2.24000e+00
2.16000e+00
2.32000e+00
2.28000e+00
2.20000e+00
2.04000e+00
2.04000e+00
2.20000e+00
2.08000e+00
2.04000e+00
2.12000e+00
2.00000e+00
2.08000e+00
2.00000e+00
2.04000e+00
2.00000e+00
2.00000e+00
2.04000e+00
2.00000e+00
2.00000e+00
2.00000e+00
