0.00000e+00
3.67780e+02
3.67600e+02
3.58860e+02
3.57440e+02
3.64380e+02
3.63740e+02
3.61620e+02
3.53060e+02
3.67600e+02
3.45100e+02
3.57960e+02
3.56860e+02
3.48740e+02
3.60820e+02
3.46900e+02
3.38040e+02
3.51360e+02
3.42860e+02
3.41400e+02
3.48460e+02
3.41580e+02
3.39020e+02
3.30660e+02
3.52240e+02
3.50880e+02
3.42540e+02
3.47660e+02
3.40040e+02
3.39340e+02
3.36960e+02
3.30300e+02
3.29880e+02
3.41720e+02
3.34000e+02
3.39180e+02
3.24900e+02
2.97700e+02
3.28740e+02
3.36100e+02
3.27180e+02
3.27260e+02
3.25520e+02
3.18340e+02
3.03520e+02
3.09420e+02
3.15400e+02
3.27500e+02
3.19480e+02
3.11460e+02
3.11300e+02
2.78960e+02
3.02160e+02
3.20980e+02
3.06800e+02
3.04860e+02
3.04620e+02
3.16600e+02
3.16220e+02
2.94900e+02
2.94220e+02
3.11960e+02
3.10940e+02
3.03060e+02
2.95940e+02
3.01860e+02
2.88440e+02
2.99220e+02
2.99480e+02
2.90800e+02
2.88920e+02
2.89380e+02
2.93180e+02
2.99800e+02
2.98700e+02
2.96820e+02
2.83760e+02
2.77120e+02
2.82000e+02
2.86800e+02
2.68780e+02
2.90500e+02
2.85160e+02
2.72040e+02
2.74940e+02
2.81400e+02
2.78440e+02
2.71940e+02
2.81880e+02
2.81100e+02
2.69080e+02
2.73340e+02
2.73280e+02
2.71940e+02
2.76660e+02
2.69700e+02
2.46880e+02
2.62280e+02
2.65720e+02
2.70620e+02
2.64240e+02
2.59060e+02
2.62140e+02
2.51100e+02
2.60980e+02
2.53120e+02
2.62960e+02
2.56600e+02
2.60680e+02
2.44860e+02
2.43920e+02
2.26160e+02
2.50920e+02
2.55960e+02
2.39760e+02
2.42120e+02
2.43340e+02
2.47660e+02
2.45120e+02
2.43120e+02
2.37500e+02
2.32780e+02
2.40940e+02
2.38580e+02
2.23100e+02
2.38100e+02
2.35860e+02
2.20860e+02
2.37580e+02
2.31700e+02
2.26440e+02
2.34540e+02
2.28720e+02
2.14460e+02
2.24760e+02
2.30080e+02
2.06480e+02
2.20600e+02
2.17660e+02
2.21720e+02
2.11800e+02
2.18360e+02
1.96260e+02
2.21820e+02
2.15340e+02
2.13380e+02
2.08540e+02
2.04440e+02
1.98820e+02
1.84860e+02
2.05080e+02
1.87220e+02
2.07960e+02
2.05820e+02
1.95160e+02
1.99480e+02
1.91160e+02
2.00380e+02
1.92420e+02
1.82160e+02
1.88960e+02
1.93600e+02
1.82540e+02
1.87280e+02
1.96340e+02
1.74580e+02
1.82500e+02
1.85500e+02
1.92860e+02
1.79920e+02
1.91220e+02
1.65440e+02
1.77380e+02
1.82760e+02
1.72680e+02
1.70320e+02
1.63720e+02
1.77640e+02
1.76300e+02
1.65780e+02
1.71500e+02
1.67060e+02
1.73080e+02
1.64260e+02
1.63800e+02
1.68420e+02
1.64860e+02
1.70460e+02
1.62700e+02
1.53680e+02
1.53120e+02
1.48960e+02
1.57060e+02
1.48480e+02
1.54900e+02
1.46760e+02
1.52860e+02
1.52660e+02
1.39980e+02
1.40760e+02
1.41100e+02
1.36460e+02
1.48260e+02
1.49480e+02
1.35900e+02
1.37660e+02
1.34260e+02
1.35740e+02
1.33280e+02
1.34580e+02
1.38800e+02
1.39840e+02
1.20900e+02
1.28020e+02
1.19620e+02
1.26160e+02
1.31980e+02
1.16140e+02
1.11440e+02
1.25480e+02
1.16540e+02
1.10440e+02
1.14460e+02
1.20040e+02
1.08620e+02
1.03840e+02
1.10100e+02
1.11200e+02
1.08060e+02
1.08740e+02
1.03160e+02
1.03900e+02
1.03040e+02
9.00800e+01
9.81000e+01
9.11800e+01
9.29800e+01
9.23200e+01
9.51000e+01
8.59600e+01
8.67400e+01
8.12600e+01
8.48400e+01
7.46800e+01
9.24800e+01
7.70400e+01
7.94800e+01
7.63400e+01
7.19400e+01
7.56200e+01
6.82800e+01
7.27000e+01
6.44000e+01
6.90000e+01
5.85800e+01
6.71400e+01
6.41000e+01
6.13600e+01
5.44800e+01
5.67800e+01
6.42200e+01
4.93600e+01
5.63200e+01
5.11400e+01
4.54000e+01
4.13200e+01
4.28400e+01
4.83400e+01
4.59600e+01
3.41800e+01
3.58800e+01
4.04600e+01
3.55800e+01
4.17400e+01
3.60000e+01
3.26600e+01
2.46400e+01
2.35800e+01
2.28000e+01
2.08600e+01
2.14600e+01
1.95000e+01
1.67400e+01
2.24800e+01
1.67600e+01
1.77200e+01
1.47600e+01
1.23800e+01
1.28200e+01
1.27600e+01
1.47200e+01
1.13200e+01
1.07400e+01
1.12600e+01
8.80000e+00
8.80000e+00
8.74000e+00
7.42000e+00
8.42000e+00
6.94000e+00
6.62000e+00
6.86000e+00
5.72000e+00
5.42000e+00
4.26000e+00
3.60000e+00
5.48000e+00
4.60000e+00
3.84000e+00
4.84000e+00
3.08000e+00
3.58000e+00
3.96000e+00
3.78000e+00
3.28000e+00
3.16000e+00
3.36000e+00
2.90000e+00
3.56000e+00
3.50000e+00
3.22000e+00
2.58000e+00
2.36000e+00
2.92000e+00
2.70000e+00
2.94000e+00
2.96000e+00
2.64000e+00
2.60000e+00
2.14000e+00
2.26000e+00
2.38000e+00
2.48000e+00
2.32000e+00
2.32000e+00
2.30000e+00
2.14000e+00
1.72000e+00
2.04000e+00
1.90000e+00
2.16000e+00
1.88000e+00
1.76000e+00
1.62000e+00
1.82000e+00
2.08000e+00
1.80000e+00
1.64000e+00
1.56000e+00
1.60000e+00
1.46000e+00
1.64000e+00
1.36000e+00
1.36000e+00
1.46000e+00
1.52000e+00
1.22000e+00
1.32000e+00
1.52000e+00
1.34000e+00
1.26000e+00
1.24000e+00
1.12000e+00
1.40000e+00
1.24000e+00
1.24000e+00
1.30000e+00
1.08000e+00
1.26000e+00
1.22000e+00
1.24000e+00
1.14000e+00
1.10000e+00
1.12000e+00
1.08000e+00
1.16000e+00
1.14000e+00
1.10000e+00
1.02000e+00
1.02000e+00
1.10000e+00
1.04000e+00
1.02000e+00
1.06000e+00
1.00000e+00
1.04000e+00
1.00000e+00
1.02000e+00
1.00000e+00
1.00000e+00
1.02000e+00
1.00000e+00
1.00000e+00
1.00000e+00
