1.60400e+01
1.66200e+01
1.58000e+01
1.67200e+01
1.66200e+01
1.61200e+01
1.60600e+01
1.61000e+01
1.64400e+01
1.61000e+01
1.57400e+01
1.57600e+01
1.60000e+01
1.66200e+01
1.61800e+01
1.60800e+01
1.54800e+01
1.56600e+01
1.60200e+01
1.60400e+01
1.66800e+01
1.55600e+01
1.61400e+01
1.57600e+01
1.61000e+01
1.64400e+01
1.58000e+01
1.67600e+01
1.60600e+01
1.56600e+01
1.69200e+01
1.57400e+01
1.59200e+01
1.68800e+01
1.65000e+01
1.58800e+01
1.61000e+01
1.59400e+01
1.55000e+01
1.58400e+01
1.66600e+01
1.62200e+01
1.56600e+01
1.58400e+01
1.63400e+01
1.56400e+01
1.52800e+01
1.67000e+01
1.57800e+01
1.55600e+01
1.54800e+01
1.57600e+01
1.56800e+01
1.66000e+01
1.59600e+01
1.60800e+01
1.57000e+01
1.65600e+01
1.50800e+01
1.54400e+01
1.54000e+01
1.58800e+01
1.54800e+01
1.64800e+01
1.57000e+01
1.54200e+01
1.54400e+01
1.60400e+01
1.60600e+01
1.54800e+01
1.58200e+01
1.56600e+01
1.56600e+01
1.52200e+01
1.61600e+01
1.68800e+01
1.65000e+01
1.48600e+01
1.54800e+01
1.57200e+01
1.55400e+01
1.62200e+01
1.60600e+01
1.56600e+01
1.62200e+01
1.62000e+01
1.58200e+01
1.50400e+01
1.54800e+01
1.50200e+01
1.50200e+01
1.58200e+01
1.58600e+01
1.53400e+01
1.53400e+01
1.67000e+01
1.55000e+01
1.60200e+01
1.48800e+01
1.62000e+01
1.42800e+01
1.52000e+01
1.60000e+01
1.61000e+01
1.57600e+01
1.61200e+01
1.56200e+01
1.46800e+01
1.59600e+01
1.51800e+01
1.48600e+01
1.60200e+01
1.51000e+01
1.55800e+01
1.50000e+01
1.53200e+01
1.50000e+01
1.48800e+01
1.56400e+01
1.48600e+01
1.56800e+01
1.61600e+01
1.63200e+01
1.45600e+01
1.61000e+01
1.51200e+01
1.54000e+01
1.53200e+01
1.60000e+01
1.57200e+01
1.66800e+01
1.51000e+01
1.47400e+01
1.57000e+01
1.64600e+01
1.54600e+01
1.64200e+01
1.56800e+01
1.56400e+01
1.63200e+01
1.60000e+01
1.50600e+01
1.69800e+01
1.59800e+01
1.67400e+01
1.49600e+01
1.52400e+01
1.57400e+01
1.57800e+01
1.59400e+01
1.49600e+01
1.64800e+01
1.52600e+01
1.52800e+01
1.56200e+01
1.53800e+01
1.65600e+01
1.55400e+01
1.58600e+01
1.57800e+01
1.46200e+01
1.55800e+01
1.51200e+01
1.46200e+01
1.57800e+01
1.62200e+01
1.55800e+01
1.55000e+01
1.63600e+01
1.58600e+01
1.56000e+01
1.58000e+01
1.64600e+01
1.62000e+01
1.64800e+01
1.58600e+01
1.55200e+01
1.67800e+01
1.53200e+01
1.60000e+01
1.67400e+01
1.54800e+01
1.67800e+01
1.58000e+01
1.59400e+01
1.63600e+01
1.59000e+01
1.61800e+01
1.55000e+01
1.62400e+01
1.66600e+01
1.60000e+01
1.65800e+01
1.62800e+01
1.63400e+01
1.68000e+01
1.69800e+01
1.69200e+01
1.57200e+01
1.63000e+01
1.65400e+01
1.76600e+01
1.69600e+01
1.63800e+01
1.74000e+01
1.70600e+01
1.63200e+01
1.66600e+01
1.57600e+01
1.73200e+01
1.75800e+01
1.66400e+01
1.63400e+01
1.66400e+01
1.72800e+01
1.64400e+01
1.67400e+01
1.61400e+01
1.72800e+01
1.69400e+01
1.62400e+01
1.72000e+01
1.61200e+01
1.72800e+01
1.68600e+01
1.60000e+01
1.66600e+01
1.74200e+01
1.64800e+01
1.73600e+01
1.81800e+01
1.80600e+01
1.80800e+01
1.79200e+01
1.74000e+01
1.68800e+01
1.79600e+01
1.83000e+01
1.79400e+01
1.77600e+01
1.89200e+01
1.82600e+01
1.76600e+01
1.98000e+01
1.74200e+01
1.76600e+01
1.73600e+01
1.85600e+01
1.77800e+01
1.75200e+01
1.81800e+01
1.90400e+01
1.84000e+01
1.84000e+01
1.78000e+01
2.02800e+01
1.75800e+01
1.95200e+01
1.88200e+01
1.95800e+01
1.76200e+01
1.84000e+01
1.89000e+01
1.89800e+01
2.04800e+01
1.86400e+01
2.18000e+01
2.00600e+01
1.86800e+01
2.09200e+01
1.83600e+01
2.06200e+01
2.00800e+01
2.00200e+01
2.14000e+01
2.22200e+01
1.92800e+01
2.04200e+01
2.15000e+01
2.02600e+01
2.09200e+01
2.14200e+01
1.92400e+01
2.05400e+01
2.22600e+01
2.27400e+01
2.07600e+01
2.12200e+01
2.43000e+01
1.96000e+01
2.25800e+01
2.14000e+01
2.16800e+01
2.48800e+01
2.12000e+01
2.20800e+01
2.18000e+01
2.22400e+01
2.38800e+01
2.43800e+01
2.24800e+01
2.08600e+01
2.38400e+01
2.35200e+01
2.07000e+01
2.53600e+01
2.26400e+01
2.39400e+01
2.35400e+01
2.46600e+01
2.32800e+01
2.11200e+01
2.30400e+01
2.10600e+01
2.43200e+01
2.22600e+01
2.56000e+01
2.47600e+01
2.32400e+01
2.13600e+01
2.05400e+01
1.94000e+01
2.17400e+01
2.18200e+01
2.30400e+01
2.18600e+01
2.26200e+01
2.29000e+01
2.11800e+01
1.95600e+01
1.98800e+01
2.05000e+01
1.95000e+01
1.76400e+01
1.97400e+01
1.98800e+01
1.48600e+01
1.85800e+01
1.78800e+01
1.55400e+01
1.63200e+01
1.47200e+01
1.27200e+01
1.34000e+01
1.53600e+01
1.01800e+01
1.13800e+01
1.19600e+01
1.20200e+01
8.00000e+00
1.06200e+01
7.56000e+00
1.04400e+01
8.58000e+00
8.50000e+00
9.90000e+00
9.96000e+00
8.58000e+00
7.36000e+00
7.46000e+00
6.62000e+00
6.10000e+00
6.36000e+00
7.04000e+00
5.60000e+00
7.04000e+00
5.32000e+00
4.98000e+00
4.28000e+00
4.86000e+00
4.10000e+00
3.86000e+00
4.24000e+00
3.88000e+00
3.92000e+00
3.84000e+00
3.92000e+00
3.06000e+00
3.64000e+00
3.58000e+00
2.98000e+00
3.18000e+00
3.06000e+00
2.72000e+00
2.60000e+00
2.50000e+00
2.56000e+00
2.48000e+00
2.38000e+00
2.54000e+00
2.18000e+00
2.16000e+00
2.12000e+00
2.08000e+00
0.00000e+00
