3.65790e+02
3.75700e+02
3.55720e+02
3.70470e+02
3.69770e+02
3.65090e+02
3.59530e+02
3.62580e+02
3.65740e+02
3.64540e+02
3.48310e+02
3.54290e+02
3.57960e+02
3.59860e+02
3.56130e+02
3.47450e+02
3.42740e+02
3.41970e+02
3.44160e+02
3.47700e+02
3.47350e+02
3.45400e+02
3.47220e+02
3.46040e+02
3.46270e+02
3.45760e+02
3.40430e+02
3.38590e+02
3.41760e+02
3.30940e+02
3.35680e+02
3.35120e+02
3.35040e+02
3.36420e+02
3.39770e+02
3.35800e+02
3.24370e+02
3.30720e+02
3.32320e+02
3.23470e+02
3.35400e+02
3.22040e+02
3.25200e+02
3.27370e+02
3.16310e+02
3.21280e+02
3.15750e+02
3.31250e+02
3.18760e+02
3.07820e+02
3.15560e+02
3.16280e+02
3.23430e+02
3.18290e+02
3.11840e+02
3.12830e+02
3.04340e+02
3.12790e+02
3.00270e+02
3.04850e+02
2.87460e+02
3.16430e+02
3.03900e+02
3.03360e+02
3.08980e+02
3.08680e+02
3.07870e+02
3.03790e+02
2.99030e+02
2.92770e+02
2.95470e+02
2.92230e+02
2.94800e+02
2.94540e+02
2.93880e+02
2.90230e+02
2.88400e+02
2.81740e+02
2.88290e+02
2.90890e+02
2.84600e+02
2.80080e+02
2.84710e+02
2.81860e+02
2.80200e+02
2.88100e+02
2.80970e+02
2.73970e+02
2.73680e+02
2.76240e+02
2.69600e+02
2.76730e+02
2.68590e+02
2.70810e+02
2.59850e+02
2.75960e+02
2.74080e+02
2.71920e+02
2.64950e+02
2.64840e+02
2.63010e+02
2.59980e+02
2.64470e+02
2.60770e+02
2.61980e+02
2.67960e+02
2.61760e+02
2.52100e+02
2.60020e+02
2.53390e+02
2.39000e+02
2.56550e+02
2.47560e+02
2.52900e+02
2.49720e+02
2.44740e+02
2.51370e+02
2.44380e+02
2.50150e+02
2.41640e+02
2.50070e+02
2.51610e+02
2.51280e+02
2.39730e+02
2.47660e+02
2.40840e+02
2.29540e+02
2.28950e+02
2.37350e+02
2.39150e+02
2.39060e+02
2.35710e+02
2.27130e+02
2.26120e+02
2.39520e+02
2.35130e+02
2.36730e+02
2.25060e+02
2.30480e+02
2.27660e+02
2.31500e+02
2.22320e+02
2.25860e+02
2.17260e+02
2.26540e+02
2.21130e+02
2.20880e+02
2.21440e+02
2.15660e+02
2.21450e+02
2.16220e+02
2.21470e+02
2.12520e+02
2.04430e+02
2.19130e+02
2.07560e+02
2.11540e+02
2.11430e+02
2.04390e+02
2.05560e+02
1.99620e+02
2.09000e+02
1.96950e+02
1.96300e+02
1.96720e+02
2.02880e+02
2.08470e+02
1.97850e+02
1.96490e+02
2.03090e+02
1.90470e+02
1.99480e+02
1.97770e+02
1.95320e+02
1.94620e+02
1.83450e+02
1.93830e+02
1.94050e+02
1.85210e+02
1.85130e+02
1.88320e+02
1.81350e+02
1.84420e+02
1.81300e+02
1.83120e+02
1.84260e+02
1.81860e+02
1.80590e+02
1.74930e+02
1.78180e+02
1.78490e+02
1.79250e+02
1.78990e+02
1.71620e+02
1.70920e+02
1.75770e+02
1.71360e+02
1.71890e+02
1.65030e+02
1.71850e+02
1.69200e+02
1.58640e+02
1.70600e+02
1.60100e+02
1.63120e+02
1.58300e+02
1.64950e+02
1.58130e+02
1.51610e+02
1.55720e+02
1.61710e+02
1.50410e+02
1.42430e+02
1.53820e+02
1.49730e+02
1.42680e+02
1.47360e+02
1.46500e+02
1.42490e+02
1.50100e+02
1.36370e+02
1.47340e+02
1.34960e+02
1.48120e+02
1.42970e+02
1.35660e+02
1.40430e+02
1.35800e+02
1.34500e+02
1.32560e+02
1.32020e+02
1.34810e+02
1.30860e+02
1.31890e+02
1.27110e+02
1.28290e+02
1.32470e+02
1.25960e+02
1.31010e+02
1.23510e+02
1.27750e+02
1.15980e+02
1.27860e+02
1.22310e+02
1.19290e+02
1.21370e+02
1.13940e+02
1.13450e+02
1.15960e+02
1.12360e+02
1.15840e+02
1.16710e+02
1.11020e+02
1.13420e+02
1.07530e+02
1.12520e+02
1.04330e+02
1.11840e+02
1.04110e+02
9.87200e+01
9.25900e+01
1.05040e+02
1.01070e+02
1.05250e+02
9.71000e+01
9.13400e+01
9.85800e+01
9.61700e+01
9.19500e+01
9.95600e+01
8.93000e+01
9.36200e+01
8.93700e+01
9.11600e+01
8.56400e+01
8.72000e+01
8.52000e+01
8.71400e+01
8.37100e+01
8.28600e+01
7.70800e+01
7.78300e+01
7.79500e+01
7.20200e+01
7.20100e+01
8.14800e+01
7.33100e+01
6.83700e+01
7.14600e+01
7.35600e+01
6.59500e+01
6.64000e+01
7.00500e+01
6.27700e+01
6.52800e+01
6.80200e+01
6.45600e+01
6.15400e+01
5.85700e+01
5.72500e+01
5.90700e+01
6.11600e+01
6.04900e+01
5.78300e+01
5.53700e+01
4.92300e+01
5.70800e+01
4.28500e+01
4.69900e+01
4.82700e+01
4.78500e+01
5.05200e+01
4.31700e+01
4.45400e+01
4.13900e+01
4.50200e+01
3.79800e+01
4.57600e+01
3.67400e+01
3.43900e+01
3.31000e+01
2.99000e+01
3.01700e+01
2.84600e+01
3.25700e+01
2.84700e+01
2.95400e+01
2.78400e+01
2.42200e+01
2.37600e+01
2.14900e+01
2.18300e+01
2.18900e+01
1.75900e+01
2.35400e+01
2.07300e+01
1.36500e+01
1.79000e+01
1.83100e+01
1.41400e+01
1.51200e+01
1.32500e+01
1.12100e+01
1.22900e+01
1.62000e+01
8.78000e+00
8.44000e+00
9.12000e+00
9.46000e+00
5.18000e+00
7.39000e+00
4.94000e+00
7.75000e+00
6.11000e+00
5.69000e+00
7.10000e+00
7.15000e+00
5.81000e+00
4.37000e+00
4.69000e+00
3.88000e+00
3.49000e+00
3.80000e+00
4.05000e+00
3.14000e+00
4.28000e+00
3.06000e+00
2.65000e+00
2.21000e+00
2.63000e+00
2.16000e+00
2.04000e+00
2.23000e+00
2.03000e+00
2.05000e+00
1.97000e+00
1.99000e+00
1.57000e+00
1.85000e+00
1.85000e+00
1.58000e+00
1.61000e+00
1.55000e+00
1.36000e+00
1.30000e+00
1.25000e+00
1.30000e+00
1.24000e+00
1.20000e+00
1.27000e+00
1.09000e+00
1.08000e+00
1.06000e+00
1.04000e+00
0.00000e+00
