2.614900000000000091e+01
3.263100000000000023e+01
2.730999999999999872e+01
2.864799999999999969e+01
3.380400000000000205e+01
3.405700000000000216e+01
3.132799999999999940e+01
2.989399999999999835e+01
2.970100000000000051e+01
3.117899999999999849e+01
3.058699999999999974e+01
3.613600000000000279e+01
2.926000000000000156e+01
2.980399999999999849e+01
3.439500000000000313e+01
1.723000000000000043e+01
3.245199999999999818e+01
3.188800000000000168e+01
3.864500000000000313e+01
2.892899999999999849e+01
2.773900000000000077e+01
2.686400000000000077e+01
3.126599999999999824e+01
3.423899999999999721e+01
2.637999999999999901e+01
2.626500000000000057e+01
3.284199999999999875e+01
3.414099999999999824e+01
4.046500000000000341e+01
3.431499999999999773e+01
3.388700000000000045e+01
4.125099999999999767e+01
3.099299999999999855e+01
2.546000000000000085e+01
3.322399999999999665e+01
2.885500000000000043e+01
3.014499999999999957e+01
3.336399999999999721e+01
2.833800000000000097e+01
2.652899999999999991e+01
2.647700000000000031e+01
3.003699999999999903e+01
2.710500000000000043e+01
1.769000000000000128e+01
3.255400000000000205e+01
3.382900000000000063e+01
3.877000000000000313e+01
3.009100000000000108e+01
3.058599999999999852e+01
2.897400000000000020e+01
1.649699999999999989e+01
2.512099999999999866e+01
2.217800000000000082e+01
3.518099999999999739e+01
2.627100000000000080e+01
3.058699999999999974e+01
3.466499999999999915e+01
2.022500000000000142e+01
2.859400000000000119e+01
3.077499999999999858e+01
3.212800000000000011e+01
2.835699999999999932e+01
3.275500000000000256e+01
3.141400000000000148e+01
3.209700000000000131e+01
3.205700000000000216e+01
4.064900000000000091e+01
2.916499999999999915e+01
3.246900000000000119e+01
3.516499999999999915e+01
2.621399999999999864e+01
3.213499999999999801e+01
2.530000000000000071e+01
3.184700000000000131e+01
3.382099999999999795e+01
2.644699999999999918e+01
2.880099999999999838e+01
3.118100000000000094e+01
3.388600000000000279e+01
2.984299999999999997e+01
3.362299999999999756e+01
2.776099999999999923e+01
2.973699999999999832e+01
3.791299999999999670e+01
3.000199999999999889e+01
3.286800000000000210e+01
3.085900000000000176e+01
3.073000000000000043e+01
3.485199999999999676e+01
3.707200000000000273e+01
2.920400000000000063e+01
1.632400000000000162e+01
2.869399999999999906e+01
3.414999999999999858e+01
2.670700000000000074e+01
2.936100000000000065e+01
2.981899999999999906e+01
2.731299999999999883e+01
2.973499999999999943e+01
3.430400000000000205e+01
3.045299999999999940e+01
3.361899999999999977e+01
3.266400000000000148e+01
3.031500000000000128e+01
3.125499999999999901e+01
3.050700000000000145e+01
3.278799999999999670e+01
1.957400000000000162e+01
3.128900000000000148e+01
3.376500000000000057e+01
3.424699999999999989e+01
3.979500000000000171e+01
1.119400000000000084e+01
2.626399999999999935e+01
3.284599999999999653e+01
3.170700000000000074e+01
3.210199999999999676e+01
2.991700000000000159e+01
3.616199999999999903e+01
3.287400000000000233e+01
3.385999999999999943e+01
3.788700000000000045e+01
2.738599999999999923e+01
3.009600000000000009e+01
3.247699999999999676e+01
3.292199999999999704e+01
3.206400000000000006e+01
1.675000000000000000e+01
2.669399999999999906e+01
3.546900000000000119e+01
2.586799999999999855e+01
2.638500000000000156e+01
3.293200000000000216e+01
3.720000000000000284e+01
4.286599999999999966e+01
2.853099999999999881e+01
3.265299999999999869e+01
2.767999999999999972e+01
2.979299999999999926e+01
2.005799999999999983e+01
3.127499999999999858e+01
2.794500000000000028e+01
3.012199999999999989e+01
3.197100000000000009e+01
3.211099999999999710e+01
2.744099999999999895e+01
2.474299999999999855e+01
3.195799999999999841e+01
2.821900000000000119e+01
2.711499999999999844e+01
2.928900000000000148e+01
3.002299999999999969e+01
3.041300000000000026e+01
3.014799999999999969e+01
3.268200000000000216e+01
3.593599999999999994e+01
2.836299999999999955e+01
2.785399999999999920e+01
2.703099999999999881e+01
3.550200000000000244e+01
2.836799999999999855e+01
5.222999999999999865e+00
2.761100000000000065e+01
2.873600000000000065e+01
2.939199999999999946e+01
3.005699999999999861e+01
3.228499999999999659e+01
3.430499999999999972e+01
2.987900000000000134e+01
3.671500000000000341e+01
2.696399999999999864e+01
3.159299999999999997e+01
2.765700000000000003e+01
3.103600000000000136e+01
3.530299999999999727e+01
3.257399999999999807e+01
3.048999999999999844e+01
2.912199999999999989e+01
3.424300000000000210e+01
2.865399999999999991e+01
2.903200000000000003e+01
1.798199999999999932e+01
3.538100000000000023e+01
3.112300000000000111e+01
2.981099999999999994e+01
2.865800000000000125e+01
3.667699999999999960e+01
2.569600000000000151e+01
1.761100000000000065e+01
3.059299999999999997e+01
3.657600000000000051e+01
3.240599999999999881e+01
2.908299999999999841e+01
3.339699999999999847e+01
2.806200000000000117e+01
3.356700000000000017e+01
2.904700000000000060e+01
2.783099999999999952e+01
3.586800000000000210e+01
2.980799999999999983e+01
1.553400000000000070e+01
3.146399999999999864e+01
3.622599999999999909e+01
1.230000000000000071e+01
2.985200000000000031e+01
3.461200000000000188e+01
2.936100000000000065e+01
3.479200000000000159e+01
2.678200000000000003e+01
2.565299999999999869e+01
2.566300000000000026e+01
2.676999999999999957e+01
3.344400000000000261e+01
2.862099999999999866e+01
2.745100000000000051e+01
3.295499999999999829e+01
2.759799999999999898e+01
3.790899999999999892e+01
3.889699999999999847e+01
1.230000000000000071e+01
3.297599999999999909e+01
2.585900000000000176e+01
2.962900000000000134e+01
3.424000000000000199e+01
2.892899999999999849e+01
3.488400000000000034e+01
3.808400000000000318e+01
3.287700000000000244e+01
3.022800000000000153e+01
3.501200000000000045e+01
2.467800000000000082e+01
3.415400000000000347e+01
2.768100000000000094e+01
5.945000000000000284e+00
3.388000000000000256e+01
3.967600000000000193e+01
3.394500000000000028e+01
3.292199999999999704e+01
3.040099999999999980e+01
3.057700000000000173e+01
3.099399999999999977e+01
3.180999999999999872e+01
2.991100000000000136e+01
2.764000000000000057e+01
3.566700000000000159e+01
3.169699999999999918e+01
3.355899999999999750e+01
4.186399999999999721e+01
2.812099999999999866e+01
3.336899999999999977e+01
2.729200000000000159e+01
3.279500000000000171e+01
3.197200000000000131e+01
3.360099999999999909e+01
2.834299999999999997e+01
2.817399999999999949e+01
3.749799999999999756e+01
3.201599999999999824e+01
2.949899999999999878e+01
1.360999999999999988e+00
3.674900000000000233e+01
3.598799999999999955e+01
2.616400000000000148e+01
3.931700000000000017e+01
3.700800000000000267e+01
3.654899999999999949e+01
1.848000000000000087e+00
3.332699999999999818e+01
2.980099999999999838e+01
3.488700000000000045e+01
3.012800000000000011e+01
2.890700000000000003e+01
3.252100000000000080e+01
2.017999999999999972e+01
2.764099999999999824e+01
3.715500000000000114e+01
3.152799999999999869e+01
2.772800000000000153e+01
3.176000000000000156e+01
2.831400000000000006e+01
3.039099999999999824e+01
3.433700000000000330e+01
3.128900000000000148e+01
3.177700000000000102e+01
2.975199999999999889e+01
3.206400000000000006e+01
2.712099999999999866e+01
3.415699999999999648e+01
4.649000000000000021e+00
2.598400000000000176e+01
3.356799999999999784e+01
3.789800000000000324e+01
2.982199999999999918e+01
3.024200000000000088e+01
3.225900000000000034e+01
3.254699999999999704e+01
3.090599999999999881e+01
3.169300000000000139e+01
2.828600000000000136e+01
3.230499999999999972e+01
2.929799999999999827e+01
2.799500000000000099e+01
2.874899999999999878e+01
3.737100000000000222e+01
2.300900000000000034e+01
3.072599999999999909e+01
3.142899999999999849e+01
3.117599999999999838e+01
3.001099999999999923e+01
3.427300000000000324e+01
2.894099999999999895e+01
3.668099999999999739e+01
2.611799999999999855e+01
3.180199999999999960e+01
2.876399999999999935e+01
2.685099999999999909e+01
3.276299999999999812e+01
3.553999999999999915e+01
3.107000000000000028e+01
2.855799999999999983e+01
3.537299999999999756e+01
2.870700000000000074e+01
2.994000000000000128e+01
3.332800000000000296e+01
2.950100000000000122e+01
2.481899999999999906e+01
1.079800000000000004e+01
2.635699999999999932e+01
3.642399999999999949e+01
3.289000000000000057e+01
2.975100000000000122e+01
2.497700000000000031e+01
2.870499999999999829e+01
2.746499999999999986e+01
2.616900000000000048e+01
2.876099999999999923e+01
2.944200000000000017e+01
3.542399999999999949e+01
3.063100000000000023e+01
3.294299999999999784e+01
2.933999999999999986e+01
2.898699999999999832e+01
3.220900000000000318e+01
2.535600000000000165e+01
3.289999999999999858e+01
3.388499999999999801e+01
3.252900000000000347e+01
1.991100000000000136e+01
3.777499999999999858e+01
2.974299999999999855e+01
2.807600000000000051e+01
2.902299999999999969e+01
2.122200000000000131e+01
3.691499999999999915e+01
3.309000000000000341e+01
3.514200000000000301e+01
2.826599999999999824e+01
3.576200000000000045e+01
3.308200000000000074e+01
3.918299999999999983e+01
3.376599999999999824e+01
2.779700000000000060e+01
2.959700000000000131e+01
3.466499999999999915e+01
2.949599999999999866e+01
2.979500000000000171e+01
2.944800000000000040e+01
3.180699999999999861e+01
2.584199999999999875e+01
3.593599999999999994e+01
3.065200000000000102e+01
3.421699999999999875e+01
2.562399999999999878e+01
2.889699999999999847e+01
1.157399999999999984e+01
1.292999999999999927e+00
3.735199999999999676e+01
3.280499999999999972e+01
3.343999999999999773e+01
3.274499999999999744e+01
3.490200000000000102e+01
3.062999999999999901e+01
2.814999999999999858e+01
3.398499999999999943e+01
3.155600000000000094e+01
3.529800000000000182e+01
2.892899999999999849e+01
2.818100000000000094e+01
3.182400000000000162e+01
3.087000000000000099e+01
3.631600000000000250e+01
2.880000000000000071e+01
2.699500000000000099e+01
3.012399999999999878e+01
2.997100000000000009e+01
3.211800000000000210e+01
2.511400000000000077e+01
3.610099999999999909e+01
3.690100000000000335e+01
2.975900000000000034e+01
2.889099999999999824e+01
2.778500000000000014e+01
3.620199999999999818e+01
3.029500000000000171e+01
2.927599999999999980e+01
1.451600000000000001e+01
2.504899999999999949e+01
3.333700000000000330e+01
3.289600000000000080e+01
3.176000000000000156e+01
3.521000000000000085e+01
3.085999999999999943e+01
3.100100000000000122e+01
3.441799999999999926e+01
3.095200000000000173e+01
2.914099999999999824e+01
1.377200000000000024e+01
3.429899999999999949e+01
3.706700000000000017e+01
2.912399999999999878e+01
4.052600000000000335e+01
3.023400000000000176e+01
2.933200000000000074e+01
2.391199999999999903e+01
3.571399999999999864e+01
3.389500000000000313e+01
2.861599999999999966e+01
3.384499999999999886e+01
3.631799999999999784e+01
3.078600000000000136e+01
2.792899999999999849e+01
2.885500000000000043e+01
2.477400000000000091e+01
3.184499999999999886e+01
2.464199999999999946e+01
1.761700000000000088e+01
3.015399999999999991e+01
3.180699999999999861e+01
2.889000000000000057e+01
2.594699999999999918e+01
2.631599999999999895e+01
3.270700000000000074e+01
3.308500000000000085e+01
3.364399999999999835e+01
3.572899999999999920e+01
3.158999999999999986e+01
2.380699999999999861e+01
2.842099999999999937e+01
3.050499999999999901e+01
2.704899999999999949e+01
2.799599999999999866e+01
3.070499999999999829e+01
3.164999999999999858e+01
2.743799999999999883e+01
2.974099999999999966e+01
3.033899999999999864e+01
3.214099999999999824e+01
2.983699999999999974e+01
3.412500000000000000e+01
3.683299999999999841e+01
2.846699999999999875e+01
3.692699999999999960e+01
2.932400000000000162e+01
3.533899999999999864e+01
2.005900000000000105e+01
3.004200000000000159e+01
2.971600000000000108e+01
2.974200000000000088e+01
3.258800000000000097e+01
2.344300000000000139e+01
3.031299999999999883e+01
3.443699999999999761e+01
8.310999999999999943e+00
2.806299999999999883e+01
2.821000000000000085e+01
3.400800000000000267e+01
6.307999999999999829e+00
2.885200000000000031e+01
3.069200000000000017e+01
3.218399999999999750e+01
2.661400000000000077e+01
1.799500000000000099e+01
2.683200000000000074e+01
3.807500000000000284e+01
2.942800000000000082e+01
2.938800000000000168e+01
3.932300000000000040e+01
3.350099999999999767e+01
2.918100000000000094e+01
3.510799999999999699e+01
3.393900000000000006e+01
2.849200000000000088e+01
3.253999999999999915e+01
2.889499999999999957e+01
2.994600000000000151e+01
2.874099999999999966e+01
3.437299999999999756e+01
3.895000000000000284e+01
2.990299999999999869e+01
3.649000000000000199e+01
2.999099999999999966e+01
3.201500000000000057e+01
3.278999999999999915e+01
3.601400000000000290e+01
1.805699999999999861e+01
2.791600000000000037e+01
3.110900000000000176e+01
2.756500000000000128e+01
3.072599999999999909e+01
3.056099999999999994e+01
3.057100000000000151e+01
3.165899999999999892e+01
3.220900000000000318e+01
3.123199999999999932e+01
3.727100000000000080e+01
3.227000000000000313e+01
3.137399999999999878e+01
3.430199999999999960e+01
3.171799999999999997e+01
4.689300000000000068e+01
1.755799999999999983e+01
3.358800000000000097e+01
3.494400000000000261e+01
2.267299999999999827e+01
3.367499999999999716e+01
3.110900000000000176e+01
3.609199999999999875e+01
2.863400000000000034e+01
2.773000000000000043e+01
3.082499999999999929e+01
2.473499999999999943e+01
3.234899999999999665e+01
3.229899999999999949e+01
3.702000000000000313e+01
3.115099999999999980e+01
2.730799999999999983e+01
3.085500000000000043e+01
3.514999999999999858e+01
2.863500000000000156e+01
2.829899999999999949e+01
3.847899999999999920e+01
2.711299999999999955e+01
3.009900000000000020e+01
3.803099999999999881e+01
5.982999999999999652e+00
2.800499999999999901e+01
3.611299999999999955e+01
3.278799999999999670e+01
2.321799999999999997e+01
3.152299999999999969e+01
2.819500000000000028e+01
3.488499999999999801e+01
3.534199999999999875e+01
3.357900000000000063e+01
2.456500000000000128e+01
3.062600000000000122e+01
2.709600000000000009e+01
2.768100000000000094e+01
3.056899999999999906e+01
2.906899999999999906e+01
3.238900000000000290e+01
3.415200000000000102e+01
3.198000000000000043e+01
2.694999999999999929e+01
2.460699999999999932e+01
3.102100000000000080e+01
2.937600000000000122e+01
3.016700000000000159e+01
3.431799999999999784e+01
3.190899999999999892e+01
2.657000000000000028e+01
3.161499999999999844e+01
3.699799999999999756e+01
1.927499999999999858e+01
3.323700000000000188e+01
3.457999999999999829e+01
2.632799999999999940e+01
3.222899999999999920e+01
3.050799999999999912e+01
3.162999999999999901e+01
3.033699999999999974e+01
3.585499999999999687e+01
2.765800000000000125e+01
3.486399999999999721e+01
2.878500000000000014e+01
2.924599999999999866e+01
3.238300000000000267e+01
2.994399999999999906e+01
3.791899999999999693e+01
2.775700000000000145e+01
3.347399999999999665e+01
3.691299999999999670e+01
2.968299999999999983e+01
2.760500000000000043e+01
2.633800000000000097e+01
3.001099999999999923e+01
3.207000000000000028e+01
7.956999999999999851e+00
3.023999999999999844e+01
2.506500000000000128e+01
2.803800000000000026e+01
2.818700000000000117e+01
3.000199999999999889e+01
2.719000000000000128e+01
3.205599999999999739e+01
3.403000000000000114e+01
3.127899999999999991e+01
3.315800000000000125e+01
2.912600000000000122e+01
3.289699999999999847e+01
2.917599999999999838e+01
3.321699999999999875e+01
3.322200000000000131e+01
3.100499999999999901e+01
2.869999999999999929e+01
3.257900000000000063e+01
3.101099999999999923e+01
3.005099999999999838e+01
3.638100000000000023e+01
2.966799999999999926e+01
2.073199999999999932e+01
3.606199999999999761e+01
2.717200000000000060e+01
3.935900000000000176e+01
3.497099999999999653e+01
3.033599999999999852e+01
2.180099999999999838e+01
3.343399999999999750e+01
2.918700000000000117e+01
3.665100000000000335e+01
3.324600000000000222e+01
3.132499999999999929e+01
2.844699999999999918e+01
3.264300000000000068e+01
3.332399999999999807e+01
2.945100000000000051e+01
2.611599999999999966e+01
3.246000000000000085e+01
3.088100000000000023e+01
3.593999999999999773e+01
2.961799999999999855e+01
1.713700000000000045e+01
3.164000000000000057e+01
3.090500000000000114e+01
2.878300000000000125e+01
1.514700000000000024e+01
3.077299999999999969e+01
2.304299999999999926e+01
3.695900000000000318e+01
3.054799999999999827e+01
2.959700000000000131e+01
2.993100000000000094e+01
2.967000000000000171e+01
3.294700000000000273e+01
3.010099999999999909e+01
3.089799999999999969e+01
2.938599999999999923e+01
3.126599999999999824e+01
2.909400000000000119e+01
2.730600000000000094e+01
3.379500000000000171e+01
3.307000000000000028e+01
3.275099999999999767e+01
2.878000000000000114e+01
2.842299999999999827e+01
2.884600000000000009e+01
3.352100000000000080e+01
3.561800000000000210e+01
2.594600000000000151e+01
3.538900000000000290e+01
3.054299999999999926e+01
1.053100000000000058e+01
9.675000000000000711e+00
3.075700000000000145e+01
3.149800000000000111e+01
2.898499999999999943e+01
3.935199999999999676e+01
3.487400000000000233e+01
2.963800000000000168e+01
1.920799999999999841e+01
3.853099999999999881e+01
2.872700000000000031e+01
3.242199999999999704e+01
3.299600000000000222e+01
2.543599999999999994e+01
3.402900000000000347e+01
3.569400000000000261e+01
3.309400000000000119e+01
3.044000000000000128e+01
2.978999999999999915e+01
3.481300000000000239e+01
1.880000000000000071e+01
3.105699999999999861e+01
3.108899999999999864e+01
2.990399999999999991e+01
3.203300000000000125e+01
3.010999999999999943e+01
2.967099999999999937e+01
2.718299999999999983e+01
2.986499999999999844e+01
3.290599999999999881e+01
3.288400000000000034e+01
3.044000000000000128e+01
1.493999999999999950e+01
1.633999999999999986e+01
2.364499999999999957e+01
3.474600000000000222e+01
3.744299999999999784e+01
2.765500000000000114e+01
3.515200000000000102e+01
3.190099999999999980e+01
2.993499999999999872e+01
2.092899999999999849e+01
3.017999999999999972e+01
2.660900000000000176e+01
3.074899999999999878e+01
3.632300000000000040e+01
2.737900000000000134e+01
2.944699999999999918e+01
3.647999999999999687e+01
2.946600000000000108e+01
2.890500000000000114e+01
3.403999999999999915e+01
3.205299999999999727e+01
3.145299999999999940e+01
1.398600000000000065e+01
2.608200000000000074e+01
2.485900000000000176e+01
3.200800000000000267e+01
3.154299999999999926e+01
3.299900000000000233e+01
2.816100000000000136e+01
3.022700000000000031e+01
2.703399999999999892e+01
2.589300000000000068e+01
3.416100000000000136e+01
3.256099999999999994e+01
1.204899999999999949e+01
3.334599999999999653e+01
3.439600000000000080e+01
3.054100000000000037e+01
3.698199999999999932e+01
2.659100000000000108e+01
3.128800000000000026e+01
3.422999999999999687e+01
2.849699999999999989e+01
2.838899999999999935e+01
2.946999999999999886e+01
2.471600000000000108e+01
3.215299999999999869e+01
1.674200000000000088e+01
2.943900000000000006e+01
3.148400000000000176e+01
2.590200000000000102e+01
3.069699999999999918e+01
2.928600000000000136e+01
3.404999999999999716e+01
3.577499999999999858e+01
2.202599999999999980e+01
3.077700000000000102e+01
3.060900000000000176e+01
2.789000000000000057e+01
3.299799999999999756e+01
2.832199999999999918e+01
2.796799999999999997e+01
3.348400000000000176e+01
1.854899999999999949e+01
2.845100000000000051e+01
3.836200000000000188e+01
3.368500000000000227e+01
3.486299999999999955e+01
3.136799999999999855e+01
3.190299999999999869e+01
2.799399999999999977e+01
2.951200000000000045e+01
3.057999999999999829e+01
3.003500000000000014e+01
2.479400000000000048e+01
3.087000000000000099e+01
1.022400000000000020e+01
3.712800000000000011e+01
3.101699999999999946e+01
3.278000000000000114e+01
3.203499999999999659e+01
2.493700000000000117e+01
2.132999999999999829e+01
3.420900000000000318e+01
3.404599999999999937e+01
