1.665939597315436449e-01
1.731208053691275506e-01
1.789597315436241842e-01
1.859932885906040445e-01
1.924194630872483325e-01
1.982080536912751434e-01
2.035402684563758224e-01
2.092248322147650941e-01
2.137315436241610800e-01
2.206275167785234914e-01
2.268255033557046996e-01
2.310033557046980157e-01
2.352483221476509845e-01
2.405973154362416044e-01
2.440536912751677945e-01
2.498456375838926102e-01
2.549563758389261636e-01
2.575637583892617655e-01
2.608959731543624150e-01
2.652818791946308652e-01
2.677080536912751496e-01
2.712181208053691117e-01
2.735369127516778520e-01
2.770000000000000240e-01
2.806778523489932842e-01
2.817684563758389160e-01
2.846409395973154011e-01
2.872583892617449619e-01
2.886442953020134095e-01
2.926778523489932948e-01
2.945637583892617428e-01
2.970402684563758777e-01
2.998825503355704858e-01
2.991006711409395225e-01
3.009093959731543588e-01
3.035536912751677363e-01
3.056577181208053884e-01
3.066409395973154206e-01
3.088926174496644528e-01
3.116140939597315529e-01
3.122684563758389431e-01
3.125134228187919083e-01
3.150167785234899709e-01
3.170738255033556663e-01
3.183087248322147289e-01
3.186577181208053999e-01
3.209295302013422391e-01
3.210771812080536747e-01
3.232382550335570204e-01
3.228926174496644097e-01
3.261342281879194838e-01
3.249630872483221800e-01
3.265536912751678122e-01
3.271744966442953206e-01
3.284127516778523881e-01
3.290872483221476963e-01
3.297248322147651178e-01
3.311644295302013652e-01
3.320771812080536844e-01
3.343523489932886394e-01
3.336208053691275266e-01
3.346644295302013683e-01
3.348993288590604300e-01
3.363087248322147449e-01
3.365369127516778525e-01
3.383120805369128070e-01
3.372483221476510473e-01
3.380067114093959768e-01
3.394496644295302290e-01
3.415134228187919341e-01
3.415000000000000258e-01
3.419362416107382674e-01
3.436644295302013208e-01
3.437550335570470073e-01
3.439429530201342788e-01
3.454731543624161572e-01
3.456644295302013226e-01
3.458489932885905893e-01
3.466510067114094151e-01
3.478624161073824994e-01
3.497416107382550488e-01
3.496543624161073671e-01
3.482818791946308279e-01
3.500973154362416184e-01
3.513657718120805629e-01
3.518557046979866043e-01
3.519832214765101219e-01
3.536241610738254937e-01
3.546040268456375766e-01
3.533691275167785140e-01
3.551140939597315915e-01
3.556308724832215051e-01
3.559127516778523570e-01
3.568724832214765219e-01
3.569731543624161674e-01
3.571174496644294871e-01
3.582046979865771696e-01
3.588523489932886057e-01
3.585234899328859082e-01
3.583691275167785184e-01
