1.000000000000000021e-02
2.999999999999999889e-02
5.000000000000000278e-02
7.000000000000000666e-02
9.000000000000001055e-02
1.100000000000000144e-01
1.300000000000000044e-01
1.499999999999999944e-01
1.699999999999999845e-01
1.899999999999999745e-01
2.099999999999999645e-01
2.299999999999999545e-01
2.499999999999999445e-01
2.699999999999999623e-01
2.899999999999999800e-01
3.099999999999999978e-01
3.300000000000000155e-01
3.500000000000000333e-01
3.700000000000000511e-01
3.900000000000000688e-01
4.100000000000000866e-01
4.300000000000001044e-01
4.500000000000001221e-01
4.700000000000001399e-01
4.900000000000001577e-01
5.100000000000001199e-01
5.300000000000001377e-01
5.500000000000001554e-01
5.700000000000001732e-01
5.900000000000001910e-01
6.100000000000002087e-01
6.300000000000002265e-01
6.500000000000002442e-01
6.700000000000002620e-01
6.900000000000002798e-01
7.100000000000002975e-01
7.300000000000003153e-01
7.500000000000003331e-01
7.700000000000003508e-01
7.900000000000003686e-01
8.100000000000003864e-01
8.300000000000004041e-01
8.500000000000004219e-01
8.700000000000004396e-01
8.900000000000004574e-01
9.100000000000004752e-01
9.300000000000004929e-01
9.500000000000005107e-01
9.700000000000005285e-01
9.900000000000005462e-01
