1.731358748931837166e-01
1.859069288526093988e-01
1.959308286071334837e-01
2.089630647890856063e-01
2.209310035372478720e-01
2.325381265524382457e-01
2.399561445586463337e-01
2.494755882727604235e-01
2.564449501492644945e-01
2.645174584779615978e-01
2.718221838414100477e-01
2.787667397017593585e-01
2.831483148677729766e-01
2.902015080241511780e-01
2.929794260133523065e-01
2.965274048386747907e-01
3.021571363611696426e-01
3.049596738149525921e-01
3.077861054873161639e-01
3.104750397909897264e-01
3.152280808074750529e-01
3.168313477549103419e-01
3.181145176802355201e-01
3.237791419014185990e-01
3.228392997194127756e-01
3.275092444485717125e-01
3.287824939419403680e-01
3.296588643651388595e-01
3.296033171569157649e-01
3.321420787903269778e-01
3.344270158812466254e-01
3.364892932767462597e-01
3.380481725931680503e-01
3.397325643673228535e-01
3.396124515403544097e-01
3.433297353296700383e-01
3.443663850074129007e-01
3.491713453379142740e-01
3.462816803477661298e-01
3.471061892385153280e-01
3.504265606811549083e-01
3.498728591943996435e-01
3.530860963767845639e-01
3.524994821289842428e-01
3.487173380637029751e-01
3.590789671124922644e-01
3.590821768957018212e-01
3.550532316582183379e-01
3.598560701510392090e-01
3.534384920634920380e-01
