5.000042223786066442e-01
4.965601688951442050e-01
4.942617874736100481e-01
4.917888810696692259e-01
4.896439127375087907e-01
4.875728360309641296e-01
4.860049261083743133e-01
4.835981703026037692e-01
4.815376495425756631e-01
4.793272343420126869e-01
4.777536945812808078e-01
4.762878254750175788e-01
4.746734693877551203e-01
4.725883180858549970e-01
4.721576354679802856e-01
4.709049964813512013e-01
4.675869106263195185e-01
4.679401829697396042e-01
4.654095707248416813e-01
4.640647431386347721e-01
4.626938775510203716e-01
4.613525686136523696e-01
4.606805066854327557e-01
4.599254046446164534e-01
4.582266009852217215e-01
4.566769880365939005e-01
4.555095003518649377e-01
4.546790992258972208e-01
4.533926812104152049e-01
4.524553131597466304e-01
4.509718508092891986e-01
4.496080225193525570e-01
4.492202674173118027e-01
4.472068965517241312e-01
4.471365235749472089e-01
4.452061928219563369e-01
4.444032371569316964e-01
4.429901477832512424e-01
4.424391273750880038e-01
4.404820548909218481e-01
4.404890921885995514e-01
4.391681914144968668e-01
4.374954257565094595e-01
4.365200562983814203e-01
4.353793103448275748e-01
4.350647431386347463e-01
4.336924700914848718e-01
4.320070372976776985e-01
4.317529908515130299e-01
4.305826882477128970e-01
4.291787473610134129e-01
4.288684025334271732e-01
4.268719211822659676e-01
4.259429978888107371e-01
4.249838142153413156e-01
4.245341308937368163e-01
4.235446868402533704e-01
4.222948627726952897e-01
4.217135819845179712e-01
4.204855735397606820e-01
4.198838845883181015e-01
4.188662913441238422e-01
4.171667839549612622e-01
4.157452498240675753e-01
4.159359605911330249e-01
4.141273750879662097e-01
4.123448275862068857e-01
4.126629134412385103e-01
4.115306122448979531e-01
4.101104855735397958e-01
4.091400422237860268e-01
4.078817733990147132e-01
4.077691766361717374e-01
4.062146375791695352e-01
4.052660098522167798e-01
4.032624912033779263e-01
4.039028852920478752e-01
4.024123856439127400e-01
4.015235749472202409e-01
4.013624208304010788e-01
4.002026741731175008e-01
3.992836030964109773e-01
3.986833216045038153e-01
3.975467980295566695e-01
3.968810696692470219e-01
3.954285714285714626e-01
3.954919071076706816e-01
3.942899366643208836e-01
3.938022519352568085e-01
3.931266713581984540e-01
3.918458831808585563e-01
3.912990851513019064e-01
3.909380717804363248e-01
3.900105559465165683e-01
3.895517241379310436e-01
3.886059113300492363e-01
3.891020408163264888e-01
3.885643912737508643e-01
3.875918367346938842e-01
3.874236453201970187e-01
