   0.42545
   0.42460
   0.43077
   0.42271
   0.42718
   0.42501
   0.42784
   0.42422
   0.42803
   0.42645
   0.42505
   0.42635
   0.42750
   0.42121
   0.42573
   0.42118
   0.42886
   0.42265
   0.42728
   0.42622
   0.43006
   0.42376
   0.42252
   0.42682
   0.42569
   0.42395
   0.42272
   0.42832
   0.42353
   0.42780
   0.42456
   0.42621
   0.42574
   0.41828
   0.42646
   0.42273
   0.43209
   0.42736
   0.42441
   0.42055
   0.42768
   0.42363
   0.42919
   0.42231
   0.42586
   0.42008
   0.43645
   0.42475
   0.42291
   0.42533
   0.42649
   0.42917
   0.42004
   0.42908
   0.42843
   0.41478
   0.43967
   0.42536
   0.42413
   0.42598
   0.42884
   0.42546
   0.43616
   0.42005
   0.42894
   0.42743
   0.42798
   0.42528
   0.42799
   0.42436
   0.42193
   0.42580
   0.42424
   0.41316
   0.42458
   0.44346
   0.41481
   0.41840
   0.41826
   0.41756
   0.42275
   0.42688
   0.43003
   0.42936
   0.42370
   0.43541
   0.42456
   0.42035
   0.43021
   0.42544
   0.42200
   0.41726
   0.42343
   0.43698
   0.41586
   0.42301
   0.42713
   0.41994
   0.43537
   0.43062
   0.42472
   0.43579
   0.43875
   0.42285
   0.42500
   0.42616
   0.42098
   0.42521
   0.42009
   0.42164
   0.42746
   0.42603
   0.43209
   0.42307
   0.43328
   0.44376
   0.44671
   0.42963
   0.43318
   0.44046
   0.42170
   0.41719
   0.43806
   0.43106
   0.43359
   0.43081
   0.42438
   0.42346
   0.41198
   0.42107
   0.42241
   0.44044
   0.44685
   0.42656
   0.43194
   0.41960
   0.44221
   0.43080
   0.42275
   0.42161
   0.42275
   0.42012
   0.42859
   0.42366
   0.42183
   0.41768
   0.42990
   0.42251
   0.42917
   0.40856
   0.42909
   0.43220
   0.42848
   0.41336
   0.43731
   0.43173
   0.42410
   0.43178
   0.42929
   0.42329
   0.42487
   0.43775
   0.43707
   0.43988
   0.43728
   0.41780
   0.43269
   0.43258
   0.41562
   0.42049
   0.42751
   0.44388
   0.43878
   0.42177
   0.43087
   0.43496
   0.44308
   0.40337
   0.43348
   0.43764
   0.41585
   0.44684
   0.39188
   0.42631
   0.40786
   0.43267
   0.41176
   0.42930
   0.43652
   0.42569
   0.43151
   0.44076
   0.44262
   0.43683
   0.40559
   0.42040
   0.43480
   0.43361
   0.41641
   0.42249
   0.43305
   0.40986
   0.40938
   0.45146
   0.45426
   0.42236
   0.44095
   0.44905
   0.42901
   0.40154
   0.42199
   0.45402
   0.40956
   0.43467
   0.42674
   0.43194
   0.43326
   0.42161
   0.41826
   0.43017
   0.42963
   0.45016
   0.41955
   0.41847
   0.41760
   0.42856
   0.41249
   0.44591
   0.44929
   0.41765
   0.44493
   0.42969
   0.41948
   0.45330
   0.42860
   0.45660
   0.43927
   0.42972
   0.42337
   0.42613
   0.45313
   0.46059
   0.45244
   0.40609
   0.45158
   0.44743
   0.40024
   0.41509
   0.43663
   0.43404
   0.43766
   0.42632
   0.46720
   0.40918
   0.44924
   0.42867
   0.43866
   0.46092
   0.43475
   0.43383
   0.42994
   0.44479
   0.43357
   0.44509
   0.45331
   0.43017
   0.43970
   0.44677
   0.43532
   0.48277
   0.46896
   0.45506
   0.44486
   0.47648
   0.42772
   0.44106
   0.43680
   0.44213
   0.43667
   0.40719
   0.45184
   0.43861
   0.47325
   0.46394
   0.47969
   0.42187
   0.49822
   0.42780
   0.47242
   0.49236
   0.46035
   0.44617
   0.45230
   0.45235
   0.45909
   0.47455
   0.44475
   0.47574
   0.47352
   0.48606
   0.48174
   0.50830
   0.48243
   0.45072
   0.50521
   0.47377
   0.47372
   0.52864
   0.46962
   0.49129
   0.49802
   0.51241
   0.50841
   0.53348
   0.49024
   0.47264
   0.51789
   0.51671
   0.48050
   0.50225
   0.45994
   0.46666
   0.50193
   0.50810
   0.53569
   0.46547
   0.48804
   0.54354
   0.54398
   0.55301
   0.49744
   0.52216
   0.52980
   0.52020
   0.61051
   0.54036
   0.51476
   0.58343
   0.60001
   0.54760
   0.47297
   0.57388
   0.64603
   0.56729
   0.57750
   0.61672
   0.59056
   0.58733
   0.60451
   0.62107
   0.59234
   0.58174
   0.58091
   0.57140
   0.62823
   0.68775
   0.59971
   0.69603
   0.68763
   0.67032
   0.59700
   0.66466
   0.60578
   0.59588
   0.73060
   0.71806
   0.70591
   0.75689
   0.70817
   0.59784
   0.72035
   0.67834
   0.59656
   0.71495
   0.76084
   0.71881
   0.71843
   0.56810
   0.75938
   0.71089
   0.60868
   0.67728
   0.61117
   0.58400
   0.44873
   0.55622
   0.44260
   0.00000
   0.44444
   0.23554
   0.00000
