1.00200e+01
1.58500e+01
1.37100e+01
1.47800e+01
1.52000e+01
1.31900e+01
1.24800e+01
1.10300e+01
8.17000e+00
1.26000e+01
1.27900e+01
1.28500e+01
1.48800e+01
9.83000e+00
9.69000e+00
1.38800e+01
1.19600e+01
8.74000e+00
1.12700e+01
1.02500e+01
8.95000e+00
9.18000e+00
9.88000e+00
1.16700e+01
8.39000e+00
8.00000e+00
7.46000e+00
9.24000e+00
8.78000e+00
9.22000e+00
8.97000e+00
9.23000e+00
1.09300e+01
1.07800e+01
8.43000e+00
8.46000e+00
7.04000e+00
8.59000e+00
7.28000e+00
8.67000e+00
8.82000e+00
6.81000e+00
7.72000e+00
7.50000e+00
6.34000e+00
7.03000e+00
7.58000e+00
5.65000e+00
6.10000e+00
7.93000e+00
6.08000e+00
1.00600e+01
8.91000e+00
7.67000e+00
7.10000e+00
6.20000e+00
7.34000e+00
6.84000e+00
6.62000e+00
6.57000e+00
6.00000e+00
5.50000e+00
6.52000e+00
5.95000e+00
5.28000e+00
5.85000e+00
5.61000e+00
6.29000e+00
5.76000e+00
5.73000e+00
6.54000e+00
4.69000e+00
6.15000e+00
5.83000e+00
5.20000e+00
6.79000e+00
5.33000e+00
5.48000e+00
6.57000e+00
4.98000e+00
5.62000e+00
5.96000e+00
4.81000e+00
5.60000e+00
6.69000e+00
5.34000e+00
4.82000e+00
4.94000e+00
4.87000e+00
4.62000e+00
4.41000e+00
4.64000e+00
4.80000e+00
4.68000e+00
4.83000e+00
4.67000e+00
5.91000e+00
4.36000e+00
5.04000e+00
4.61000e+00
4.50000e+00
4.14000e+00
3.86000e+00
3.92000e+00
5.30000e+00
4.34000e+00
4.94000e+00
4.55000e+00
4.66000e+00
5.23000e+00
4.54000e+00
4.34000e+00
4.79000e+00
3.90000e+00
3.56000e+00
3.81000e+00
4.85000e+00
4.14000e+00
3.19000e+00
3.53000e+00
3.89000e+00
4.13000e+00
3.72000e+00
4.05000e+00
3.85000e+00
3.51000e+00
4.52000e+00
3.09000e+00
3.76000e+00
3.40000e+00
4.17000e+00
3.85000e+00
4.23000e+00
3.55000e+00
3.30000e+00
3.42000e+00
3.84000e+00
3.26000e+00
3.58000e+00
3.40000e+00
3.64000e+00
2.96000e+00
3.40000e+00
2.97000e+00
3.36000e+00
3.56000e+00
3.03000e+00
3.41000e+00
3.48000e+00
3.02000e+00
3.19000e+00
3.86000e+00
2.93000e+00
2.97000e+00
2.70000e+00
2.78000e+00
3.06000e+00
3.50000e+00
2.92000e+00
2.83000e+00
2.45000e+00
2.92000e+00
3.00000e+00
2.53000e+00
2.56000e+00
2.82000e+00
3.17000e+00
2.68000e+00
2.79000e+00
3.20000e+00
2.15000e+00
2.70000e+00
2.74000e+00
3.44000e+00
2.62000e+00
2.13000e+00
2.42000e+00
2.50000e+00
2.94000e+00
2.45000e+00
2.89000e+00
2.75000e+00
3.34000e+00
2.17000e+00
2.71000e+00
2.58000e+00
2.79000e+00
2.38000e+00
2.62000e+00
2.64000e+00
2.54000e+00
2.50000e+00
2.56000e+00
2.15000e+00
2.12000e+00
2.76000e+00
2.32000e+00
2.55000e+00
2.62000e+00
2.33000e+00
2.16000e+00
2.02000e+00
2.22000e+00
2.29000e+00
2.44000e+00
2.13000e+00
2.37000e+00
2.53000e+00
2.42000e+00
1.97000e+00
2.17000e+00
2.31000e+00
2.52000e+00
2.19000e+00
2.09000e+00
2.17000e+00
2.07000e+00
2.29000e+00
1.98000e+00
2.03000e+00
1.95000e+00
2.08000e+00
2.36000e+00
1.79000e+00
2.00000e+00
2.01000e+00
1.96000e+00
1.97000e+00
2.09000e+00
1.84000e+00
2.00000e+00
2.35000e+00
2.14000e+00
2.04000e+00
1.77000e+00
1.94000e+00
1.70000e+00
1.90000e+00
1.86000e+00
1.78000e+00
1.68000e+00
1.60000e+00
1.81000e+00
1.60000e+00
1.89000e+00
1.78000e+00
1.74000e+00
1.91000e+00
1.60000e+00
2.09000e+00
1.44000e+00
1.83000e+00
1.77000e+00
1.52000e+00
1.94000e+00
1.81000e+00
1.69000e+00
1.71000e+00
1.69000e+00
1.79000e+00
1.65000e+00
1.82000e+00
1.75000e+00
1.87000e+00
1.85000e+00
1.70000e+00
1.72000e+00
1.79000e+00
1.81000e+00
1.98000e+00
1.68000e+00
1.68000e+00
1.51000e+00
1.50000e+00
1.75000e+00
1.60000e+00
1.56000e+00
1.71000e+00
1.54000e+00
1.53000e+00
1.68000e+00
1.71000e+00
1.54000e+00
1.68000e+00
1.58000e+00
1.65000e+00
1.47000e+00
1.73000e+00
1.84000e+00
1.52000e+00
1.73000e+00
1.51000e+00
1.60000e+00
1.58000e+00
1.45000e+00
1.65000e+00
1.60000e+00
1.59000e+00
1.57000e+00
1.37000e+00
1.33000e+00
1.40000e+00
1.56000e+00
1.42000e+00
1.36000e+00
1.47000e+00
1.55000e+00
1.52000e+00
1.34000e+00
1.55000e+00
1.40000e+00
1.42000e+00
1.40000e+00
1.37000e+00
1.34000e+00
1.41000e+00
1.40000e+00
1.29000e+00
1.25000e+00
1.45000e+00
1.38000e+00
1.25000e+00
1.36000e+00
1.32000e+00
1.30000e+00
1.32000e+00
1.42000e+00
1.25000e+00
1.32000e+00
1.43000e+00
1.32000e+00
1.24000e+00
1.18000e+00
1.28000e+00
1.20000e+00
1.21000e+00
1.27000e+00
1.29000e+00
1.41000e+00
1.25000e+00
1.19000e+00
1.20000e+00
1.21000e+00
1.21000e+00
1.32000e+00
1.23000e+00
1.16000e+00
1.25000e+00
1.25000e+00
1.14000e+00
1.32000e+00
1.14000e+00
1.18000e+00
1.23000e+00
1.21000e+00
1.15000e+00
1.18000e+00
1.17000e+00
1.20000e+00
1.11000e+00
1.14000e+00
1.17000e+00
1.07000e+00
1.15000e+00
1.17000e+00
1.13000e+00
1.11000e+00
1.15000e+00
1.13000e+00
1.08000e+00
1.11000e+00
1.14000e+00
1.06000e+00
1.10000e+00
1.10000e+00
1.09000e+00
1.07000e+00
1.06000e+00
1.05000e+00
1.08000e+00
1.05000e+00
1.04000e+00
1.02000e+00
1.03000e+00
1.01000e+00
1.02000e+00
1.03000e+00
1.01000e+00
1.04000e+00
1.03000e+00
1.00000e+00
1.01000e+00
1.00000e+00
1.00000e+00
0.00000e+00
