1.08600e+01
1.58800e+01
1.56400e+01
1.55400e+01
1.64800e+01
1.48000e+01
1.42000e+01
1.28000e+01
1.08400e+01
1.40200e+01
1.38200e+01
1.39000e+01
1.71000e+01
1.15600e+01
1.19600e+01
1.63000e+01
1.38800e+01
1.12200e+01
1.29200e+01
1.27800e+01
1.06000e+01
1.17000e+01
1.29000e+01
1.35200e+01
1.08400e+01
1.01800e+01
1.03200e+01
1.18800e+01
1.14000e+01
1.19400e+01
1.15400e+01
1.12400e+01
1.35000e+01
1.31200e+01
1.10200e+01
1.11800e+01
9.42000e+00
1.13800e+01
1.01800e+01
1.16000e+01
1.10400e+01
9.10000e+00
1.08400e+01
1.02600e+01
9.28000e+00
9.62000e+00
1.08400e+01
8.38000e+00
8.78000e+00
1.00800e+01
8.60000e+00
1.32800e+01
1.17400e+01
1.07800e+01
1.00400e+01
9.16000e+00
1.01600e+01
9.54000e+00
9.52000e+00
9.04000e+00
9.04000e+00
8.00000e+00
9.26000e+00
8.12000e+00
7.96000e+00
8.88000e+00
8.48000e+00
9.14000e+00
8.44000e+00
8.32000e+00
9.26000e+00
7.52000e+00
8.86000e+00
8.68000e+00
8.36000e+00
9.64000e+00
7.68000e+00
8.06000e+00
9.14000e+00
7.90000e+00
8.30000e+00
8.68000e+00
7.88000e+00
8.14000e+00
9.82000e+00
8.04000e+00
7.10000e+00
7.18000e+00
7.28000e+00
7.28000e+00
6.70000e+00
7.84000e+00
7.44000e+00
7.34000e+00
7.90000e+00
7.22000e+00
8.66000e+00
6.90000e+00
7.80000e+00
7.32000e+00
7.32000e+00
6.70000e+00
6.66000e+00
6.62000e+00
8.16000e+00
7.24000e+00
7.62000e+00
7.24000e+00
7.36000e+00
8.34000e+00
7.34000e+00
7.14000e+00
7.84000e+00
6.64000e+00
6.12000e+00
6.42000e+00
7.70000e+00
6.90000e+00
5.48000e+00
6.26000e+00
6.70000e+00
6.84000e+00
6.20000e+00
6.74000e+00
6.48000e+00
6.00000e+00
7.56000e+00
5.68000e+00
6.18000e+00
5.78000e+00
7.06000e+00
6.32000e+00
6.66000e+00
6.10000e+00
5.72000e+00
5.86000e+00
6.54000e+00
5.76000e+00
6.26000e+00
5.72000e+00
5.98000e+00
5.28000e+00
5.86000e+00
5.38000e+00
6.00000e+00
5.88000e+00
5.60000e+00
5.90000e+00
5.98000e+00
5.48000e+00
5.62000e+00
6.70000e+00
5.32000e+00
5.10000e+00
4.90000e+00
5.06000e+00
5.38000e+00
6.00000e+00
5.14000e+00
4.86000e+00
4.60000e+00
5.18000e+00
5.36000e+00
4.82000e+00
4.78000e+00
5.02000e+00
5.64000e+00
4.98000e+00
5.02000e+00
5.86000e+00
4.04000e+00
4.94000e+00
5.14000e+00
6.08000e+00
4.70000e+00
4.10000e+00
4.54000e+00
4.58000e+00
5.22000e+00
4.50000e+00
5.30000e+00
5.10000e+00
6.26000e+00
4.04000e+00
5.14000e+00
4.52000e+00
5.28000e+00
4.50000e+00
4.82000e+00
4.96000e+00
4.58000e+00
4.62000e+00
4.66000e+00
3.98000e+00
4.02000e+00
5.10000e+00
4.14000e+00
4.62000e+00
4.84000e+00
4.50000e+00
4.16000e+00
3.82000e+00
4.14000e+00
4.22000e+00
4.46000e+00
4.04000e+00
4.62000e+00
4.58000e+00
4.60000e+00
3.82000e+00
4.14000e+00
4.44000e+00
4.68000e+00
4.10000e+00
3.90000e+00
4.22000e+00
3.94000e+00
4.48000e+00
3.76000e+00
3.90000e+00
3.78000e+00
3.86000e+00
4.54000e+00
3.52000e+00
3.86000e+00
3.92000e+00
3.72000e+00
3.82000e+00
3.96000e+00
3.64000e+00
3.88000e+00
4.34000e+00
4.12000e+00
3.92000e+00
3.48000e+00
3.82000e+00
3.28000e+00
3.70000e+00
3.62000e+00
3.48000e+00
3.30000e+00
3.16000e+00
3.48000e+00
3.12000e+00
3.70000e+00
3.50000e+00
3.40000e+00
3.76000e+00
3.12000e+00
4.04000e+00
2.82000e+00
3.54000e+00
3.38000e+00
3.00000e+00
3.76000e+00
3.46000e+00
3.26000e+00
3.38000e+00
3.34000e+00
3.48000e+00
3.24000e+00
3.54000e+00
3.40000e+00
3.60000e+00
3.56000e+00
3.40000e+00
3.34000e+00
3.42000e+00
3.52000e+00
3.88000e+00
3.32000e+00
3.32000e+00
3.00000e+00
3.00000e+00
3.42000e+00
3.06000e+00
3.04000e+00
3.34000e+00
3.04000e+00
3.06000e+00
3.26000e+00
3.36000e+00
3.04000e+00
3.28000e+00
3.10000e+00
3.28000e+00
2.90000e+00
3.36000e+00
3.62000e+00
3.00000e+00
3.46000e+00
3.00000e+00
3.14000e+00
3.12000e+00
2.86000e+00
3.28000e+00
3.08000e+00
3.14000e+00
3.08000e+00
2.74000e+00
2.66000e+00
2.78000e+00
3.10000e+00
2.84000e+00
2.72000e+00
2.92000e+00
3.10000e+00
3.04000e+00
2.68000e+00
3.08000e+00
2.76000e+00
2.82000e+00
2.76000e+00
2.74000e+00
2.68000e+00
2.82000e+00
2.78000e+00
2.58000e+00
2.50000e+00
2.86000e+00
2.76000e+00
2.48000e+00
2.68000e+00
2.60000e+00
2.58000e+00
2.64000e+00
2.80000e+00
2.50000e+00
2.64000e+00
2.80000e+00
2.64000e+00
2.48000e+00
2.36000e+00
2.56000e+00
2.40000e+00
2.42000e+00
2.52000e+00
2.56000e+00
2.78000e+00
2.48000e+00
2.38000e+00
2.40000e+00
2.42000e+00
2.42000e+00
2.64000e+00
2.46000e+00
2.32000e+00
2.50000e+00
2.50000e+00
2.28000e+00
2.62000e+00
2.28000e+00
2.36000e+00
2.46000e+00
2.42000e+00
2.30000e+00
2.36000e+00
2.34000e+00
2.40000e+00
2.22000e+00
2.28000e+00
2.34000e+00
2.14000e+00
2.30000e+00
2.34000e+00
2.26000e+00
2.22000e+00
2.30000e+00
2.26000e+00
2.16000e+00
2.22000e+00
2.28000e+00
2.12000e+00
2.20000e+00
2.20000e+00
2.18000e+00
2.14000e+00
2.12000e+00
2.08000e+00
2.16000e+00
2.10000e+00
2.08000e+00
2.04000e+00
2.06000e+00
2.02000e+00
2.04000e+00
2.06000e+00
2.02000e+00
2.08000e+00
2.06000e+00
2.00000e+00
2.02000e+00
2.00000e+00
2.00000e+00
0.00000e+00
