1.000000000000000000e+00
1.083200000000000163e+00
1.163399999999999990e+00
1.280299999999999772e+00
1.380699999999999594e+00
1.505399999999999849e+00
1.623199999999999976e+00
1.822299999999999809e+00
2.013900000000000023e+00
2.240600000000000147e+00
2.500799999999999912e+00
2.870300000000000296e+00
3.422300000000000342e+00
3.937800000000000189e+00
5.100799999999999557e+00
6.747799999999999798e+00
9.488199999999999079e+00
1.335459999999999781e+01
1.998099999999999810e+01
2.822560000000000002e+01
3.676010000000000133e+01
4.896880000000000166e+01
6.107889999999999731e+01
7.415270000000001005e+01
8.790580000000001348e+01
9.943649999999999523e+01
1.072257000000000176e+02
1.165082000000000022e+02
1.223534000000000077e+02
1.324047999999999945e+02
1.405034999999999741e+02
1.452182999999999709e+02
1.500087999999999795e+02
1.557192999999999756e+02
1.593928999999999974e+02
1.644557000000000073e+02
1.657904999999999802e+02
1.704059999999999491e+02
1.720993999999999460e+02
1.758119999999999834e+02
1.778525999999999954e+02
1.792456000000000245e+02
1.820317000000000291e+02
1.832418000000000120e+02
1.854411999999999807e+02
1.864050999999999760e+02
1.876847999999999956e+02
1.889664000000000215e+02
1.891113000000000000e+02
1.906246000000000720e+02
1.914423999999999353e+02
1.920219000000000165e+02
1.927601999999999975e+02
1.936323000000000434e+02
1.940584000000000060e+02
1.945023000000000195e+02
1.949227999999999952e+02
1.950271000000000186e+02
1.959378999999999849e+02
1.959787000000000035e+02
1.961597999999999900e+02
1.968169999999999789e+02
1.969887999999999977e+02
1.971816999999999780e+02
1.972375000000000114e+02
1.972653999999999996e+02
1.977972999999999502e+02
1.981277999999999793e+02
1.982477999999999838e+02
1.983709000000000060e+02
1.984336000000000126e+02
1.984752000000000010e+02
1.986479000000000497e+02
1.987874999999999659e+02
1.988410999999999262e+02
1.989317000000000064e+02
1.990815000000000055e+02
1.990641999999999712e+02
1.990801999999999623e+02
1.991355999999999824e+02
1.994911000000000172e+02
1.992866000000000213e+02
1.995643999999999778e+02
1.994929999999999666e+02
1.994710999999999785e+02
1.995358999999999980e+02
1.996862999999999602e+02
1.995658999999999708e+02
1.997797999999999945e+02
1.996182000000000016e+02
1.997733000000000061e+02
1.997437000000000182e+02
1.997605999999999824e+02
1.996698999999999842e+02
1.996181999999999732e+02
1.998764000000000181e+02
1.997718000000000131e+02
1.998616999999999848e+02
1.997652000000000498e+02
1.999254000000000531e+02
