1.000000000000000000e+00
1.083000000000000185e+00
1.162700000000000067e+00
1.277999999999999803e+00
1.372500000000000053e+00
1.491200000000000303e+00
1.600300000000000278e+00
1.771000000000000130e+00
1.940499999999999892e+00
2.108900000000000219e+00
2.287799999999999834e+00
2.541300000000000114e+00
2.863399999999999945e+00
3.130700000000000038e+00
3.612200000000000077e+00
4.140699999999999825e+00
4.911600000000000854e+00
5.669799999999998619e+00
6.840899999999999537e+00
7.906900000000002038e+00
8.714400000000001256e+00
9.832199999999998496e+00
1.055869999999999820e+01
1.113050000000000139e+01
1.148819999999999908e+01
1.174069999999999681e+01
1.162330000000000396e+01
1.169880000000000031e+01
1.152480000000000082e+01
1.153030000000000221e+01
1.142689999999999806e+01
1.127900000000000169e+01
1.111529999999999951e+01
1.080090000000000217e+01
1.074919999999999831e+01
1.056880000000000130e+01
1.034259999999999913e+01
1.017459999999999987e+01
9.970199999999998397e+00
9.893299999999999983e+00
9.736500000000001265e+00
9.553300000000000125e+00
9.388999999999999346e+00
9.322599999999999554e+00
9.163200000000001566e+00
9.044499999999997542e+00
8.881999999999999673e+00
8.719799999999999329e+00
8.615499999999999048e+00
8.504500000000001947e+00
8.404799999999999827e+00
8.244699999999999918e+00
8.162100000000000577e+00
8.053100000000000591e+00
7.957100000000000506e+00
7.877700000000000813e+00
7.761699999999999378e+00
7.679299999999999571e+00
7.571299999999999919e+00
7.517000000000000348e+00
7.446799999999998754e+00
7.352800000000001113e+00
7.264100000000000001e+00
7.207999999999999297e+00
7.117300000000000182e+00
7.068500000000001116e+00
6.995199999999998752e+00
6.969400000000000261e+00
6.885200000000001097e+00
6.820199999999999818e+00
6.776800000000000601e+00
6.678300000000001901e+00
6.657999999999999474e+00
6.575700000000000323e+00
6.563900000000001178e+00
6.515600000000000946e+00
6.435700000000000642e+00
6.407499999999998863e+00
6.351899999999999658e+00
6.299999999999999822e+00
6.280399999999999316e+00
6.234499999999999709e+00
6.207700000000000884e+00
6.177400000000001334e+00
6.143399999999998862e+00
6.102900000000000880e+00
6.064499999999998892e+00
6.039400000000000546e+00
6.006799999999999251e+00
5.955000000000000071e+00
5.956599999999998118e+00
5.904399999999998983e+00
5.869699999999999029e+00
5.842799999999998661e+00
5.801999999999999602e+00
5.768299999999999095e+00
5.728500000000000369e+00
5.704099999999999504e+00
5.662900000000000489e+00
5.637999999999999901e+00
