1.000000000000000000e+00
1.078999999999999959e+00
1.175499999999999989e+00
1.273299999999999876e+00
1.384899999999999576e+00
1.500000000000000000e+00
1.628100000000000325e+00
1.819199999999999484e+00
1.968700000000000117e+00
2.235000000000000320e+00
2.494500000000000384e+00
2.957099999999999618e+00
3.389200000000000212e+00
3.931499999999999773e+00
5.169900000000000162e+00
7.012300000000001532e+00
9.345899999999998542e+00
1.383740000000000059e+01
1.956289999999999907e+01
2.713700000000000756e+01
3.795150000000000290e+01
4.927440000000000708e+01
6.171939999999999316e+01
7.597369999999999379e+01
8.555230000000001667e+01
9.781109999999998195e+01
1.066846999999999781e+02
1.158915999999999968e+02
1.258331999999999908e+02
1.317278000000000304e+02
1.385508000000000095e+02
1.453048000000000002e+02
1.494449999999999932e+02
1.563641000000000076e+02
1.597578000000000031e+02
1.628391000000000020e+02
1.671202999999999861e+02
1.704532000000000096e+02
1.722823999999999671e+02
1.748973000000000013e+02
1.770794999999999959e+02
1.794207999999999856e+02
1.820404000000000053e+02
1.834117000000000246e+02
1.858302999999999940e+02
1.864991999999999734e+02
1.879363000000000170e+02
1.883224999999999909e+02
1.889048999999999694e+02
1.902691000000000088e+02
1.912829999999999870e+02
1.918742000000000303e+02
1.929029000000000451e+02
1.934450999999999965e+02
1.937944000000000528e+02
1.951603000000000634e+02
1.949697999999999922e+02
1.949828000000000259e+02
1.958172000000000139e+02
1.960045000000000357e+02
1.964377999999999815e+02
1.963887000000000285e+02
1.970103999999999758e+02
1.972969999999999686e+02
1.977516000000000247e+02
1.976354000000000042e+02
1.980591000000000008e+02
1.980270999999999901e+02
1.982811999999999841e+02
1.979274999999999523e+02
1.984002000000000407e+02
1.987442000000000064e+02
1.988158999999999992e+02
1.990439000000000078e+02
1.988455000000000155e+02
1.989842999999999904e+02
1.990323999999999671e+02
1.992153000000000134e+02
1.993262000000000285e+02
1.992052999999999656e+02
1.994266999999999825e+02
1.995495999999999981e+02
1.993993999999999858e+02
1.994304000000000201e+02
1.995351000000000283e+02
1.994638999999999101e+02
1.995748999999999853e+02
1.995003999999999849e+02
1.997801000000000329e+02
1.997719000000000733e+02
1.996764000000000010e+02
1.997554999999999836e+02
1.998592999999999904e+02
1.995339999999999918e+02
1.998242000000000473e+02
1.998803000000000623e+02
1.998594000000000221e+02
1.998663000000000238e+02
1.999286999999999921e+02
1.998979000000000212e+02
