1.000000000000000000e+00
1.078899999999999970e+00
1.174799999999999844e+00
1.272199999999999775e+00
1.379299999999999748e+00
1.488099999999999756e+00
1.608100000000000307e+00
1.769800000000000262e+00
1.895999999999999686e+00
2.108599999999999586e+00
2.295500000000000096e+00
2.588000000000000078e+00
2.830200000000000493e+00
3.103099999999999525e+00
3.622200000000000308e+00
4.228200000000000180e+00
4.861000000000000654e+00
5.840699999999999115e+00
6.737099999999998090e+00
7.744800000000000573e+00
8.924399999999998556e+00
9.835500000000001464e+00
1.056490000000000151e+01
1.120739999999999803e+01
1.136559999999999881e+01
1.174479999999999968e+01
1.160999999999999943e+01
1.169109999999999872e+01
1.151060000000000016e+01
1.142250000000000298e+01
1.143840000000000146e+01
1.120339999999999669e+01
1.105760000000000254e+01
1.092290000000000028e+01
1.071150000000000091e+01
1.047909999999999542e+01
1.043410000000000082e+01
1.019019999999999904e+01
9.974299999999999500e+00
9.897300000000001319e+00
9.741500000000000270e+00
9.543199999999998795e+00
9.425499999999999545e+00
9.299099999999999255e+00
9.151699999999999946e+00
9.000999999999999446e+00
8.816600000000001103e+00
8.682000000000000384e+00
8.598099999999998744e+00
8.516099999999999781e+00
8.370900000000000674e+00
8.266600000000000392e+00
8.155799999999997496e+00
8.091400000000000148e+00
7.928699999999999193e+00
7.856400000000000716e+00
7.798500000000000654e+00
7.654499999999999638e+00
7.576799999999999535e+00
7.509200000000000763e+00
7.419500000000000206e+00
7.358999999999999986e+00
7.290799999999999059e+00
7.230399999999999494e+00
7.171400000000001107e+00
7.104899999999999771e+00
7.024200000000000443e+00
6.891200000000000436e+00
6.895999999999999908e+00
6.798300000000000232e+00
6.751999999999998892e+00
6.708999999999999631e+00
6.649199999999998667e+00
6.609500000000000597e+00
6.564800000000001745e+00
6.488900000000000112e+00
6.441100000000001380e+00
6.406799999999999606e+00
6.321800000000000530e+00
6.306499999999998884e+00
6.267400000000001192e+00
6.257200000000000095e+00
6.204699999999998106e+00
6.175499999999999545e+00
6.172299999999999898e+00
6.091699999999999449e+00
6.064899999999998847e+00
6.055800000000000516e+00
5.972199999999999953e+00
5.952000000000000846e+00
5.909499999999999531e+00
5.878699999999998482e+00
5.894399999999999196e+00
5.834099999999999397e+00
5.833099999999999064e+00
5.773199999999998333e+00
5.707800000000000651e+00
5.693300000000000693e+00
5.659800000000000608e+00
5.642400000000000304e+00
