1.000000000000000000e+00
1.083399999999999919e+00
1.171999999999999931e+00
1.282799999999999940e+00
1.381499999999999950e+00
1.487099999999999866e+00
1.645999999999999908e+00
1.795199999999999907e+00
1.973500000000000032e+00
2.208600000000000563e+00
2.498399999999999732e+00
2.873800000000000132e+00
3.385599999999998833e+00
4.113999999999999879e+00
5.242299999999999294e+00
6.914399999999999658e+00
9.229400000000000048e+00
1.388390000000000413e+01
1.940850000000000009e+01
2.790960000000000463e+01
3.672580000000000666e+01
4.884799999999999187e+01
6.208020000000001204e+01
7.514289999999999736e+01
8.518130000000000734e+01
9.615109999999999957e+01
1.071570000000000107e+02
1.175050999999999846e+02
1.251631000000000142e+02
1.319939999999999998e+02
1.382301999999999964e+02
1.445732999999999890e+02
1.490110999999999990e+02
1.559414000000000158e+02
1.594027000000000100e+02
1.635029000000000110e+02
1.665526000000000124e+02
1.697920000000000300e+02
1.723122999999999934e+02
1.760925999999999760e+02
1.776067999999999643e+02
1.793715000000000259e+02
1.808181000000000438e+02
1.831141000000000076e+02
1.846090999999999553e+02
1.862959999999999923e+02
1.872170000000000414e+02
1.890660000000000593e+02
1.892418000000000120e+02
1.905598999999999705e+02
1.914062999999999874e+02
1.924767999999999688e+02
1.926586000000000354e+02
1.928036999999999921e+02
1.934681999999999960e+02
1.943819000000000301e+02
1.946233999999999753e+02
1.951698999999999842e+02
1.953899999999999579e+02
1.961884000000000015e+02
1.962623999999999569e+02
1.965731999999999857e+02
1.968729999999999620e+02
1.972122999999999990e+02
1.975689000000000419e+02
1.977709999999999866e+02
1.977461999999999875e+02
1.981640999999999906e+02
1.983610999999999933e+02
1.981487999999999658e+02
1.983797999999999888e+02
1.985910000000000082e+02
1.986404000000000565e+02
1.986583999999999719e+02
1.988881999999999834e+02
1.988795000000000073e+02
1.992395000000000209e+02
1.989456999999999596e+02
1.991510000000000105e+02
1.991949000000000183e+02
1.995442999999999643e+02
1.992829000000000121e+02
1.995848000000000013e+02
1.994804000000000030e+02
1.994391999999999712e+02
1.994295999999999651e+02
1.996368000000000507e+02
1.994632999999999754e+02
1.995981000000000165e+02
1.996927000000000305e+02
1.996149000000000626e+02
1.997993000000000166e+02
1.997933000000000163e+02
1.998316000000000372e+02
1.996703999999999724e+02
1.998412999999999613e+02
1.997500000000000000e+02
1.997554000000000372e+02
1.998924000000000092e+02
1.998271000000000015e+02
