1.000000000000000000e+00
1.083199999999999719e+00
1.171600000000000197e+00
1.279900000000000038e+00
1.375399999999999956e+00
1.475900000000000656e+00
1.622000000000000552e+00
1.755500000000000060e+00
1.900900000000000034e+00
2.091700000000000337e+00
2.292399999999999771e+00
2.540099999999999802e+00
2.837200000000000166e+00
3.202799999999999869e+00
3.658700000000000063e+00
4.208400000000000141e+00
4.784199999999999342e+00
5.771299999999999208e+00
6.765700000000000713e+00
7.892799999999999372e+00
8.707000000000000739e+00
9.720200000000000173e+00
1.052460000000000306e+01
1.108170000000000144e+01
1.142199999999999882e+01
1.151779999999999937e+01
1.164160000000000039e+01
1.172980000000000267e+01
1.155770000000000231e+01
1.152779999999999916e+01
1.131839999999999868e+01
1.121540000000000248e+01
1.095969999999999800e+01
1.087449999999999761e+01
1.074019999999999975e+01
1.050409999999999933e+01
1.037630000000000052e+01
1.019209999999999994e+01
1.005279999999999951e+01
9.895599999999999952e+00
9.642699999999997829e+00
9.507700000000001594e+00
9.394000000000000128e+00
9.257200000000000983e+00
9.086199999999999832e+00
8.998999999999998778e+00
8.810799999999998633e+00
8.739499999999999602e+00
8.610700000000001353e+00
8.507299999999998974e+00
8.375500000000000611e+00
8.283400000000002095e+00
8.121700000000000585e+00
8.046599999999999753e+00
7.940499999999998337e+00
7.835900000000001420e+00
7.767699999999998717e+00
7.651500000000001300e+00
7.606300000000000061e+00
7.503800000000000026e+00
7.424699999999998745e+00
7.358900000000001107e+00
7.297800000000000509e+00
7.195499999999999119e+00
7.147400000000000198e+00
7.094999999999998863e+00
7.025900000000000034e+00
6.948899999999998300e+00
6.889199999999999768e+00
6.829000000000000625e+00
6.739199999999999413e+00
6.744800000000000573e+00
6.676800000000000956e+00
6.606300000000000949e+00
6.531299999999998995e+00
6.522600000000000620e+00
6.454699999999999882e+00
6.403500000000001080e+00
6.361699999999998134e+00
6.325500000000000789e+00
6.259999999999999787e+00
6.247700000000000919e+00
6.217200000000000060e+00
6.161500000000000199e+00
6.130999999999999339e+00
6.105400000000000382e+00
6.063500000000000334e+00
6.052799999999999514e+00
6.023099999999999454e+00
5.960200000000001275e+00
5.944100000000000605e+00
5.898000000000000576e+00
5.871700000000000585e+00
5.869299999999999073e+00
5.804200000000000692e+00
5.759600000000002495e+00
5.762199999999999989e+00
5.689099999999999824e+00
5.692599999999999660e+00
5.663899999999999935e+00
