1.000000000000000000e+00
1.088799999999999990e+00
1.171999999999999931e+00
1.285900000000000043e+00
1.381099999999999772e+00
1.496800000000000130e+00
1.653699999999999726e+00
1.788600000000000190e+00
1.991400000000000059e+00
2.221700000000000230e+00
2.491299999999999848e+00
2.891599999999999504e+00
3.335900000000000976e+00
4.164499999999999424e+00
5.158599999999999852e+00
7.052700000000000635e+00
9.656699999999998951e+00
1.363670000000000115e+01
1.967370000000000019e+01
2.830949999999999989e+01
3.723440000000000083e+01
5.066720000000000823e+01
6.133089999999999264e+01
7.453950000000000387e+01
8.469389999999997087e+01
9.628369999999999607e+01
1.068697000000000088e+02
1.174672000000000054e+02
1.256207999999999743e+02
1.327919000000000267e+02
1.378871000000000038e+02
1.439414999999999907e+02
1.508471999999999866e+02
1.560457999999999856e+02
1.599435000000000002e+02
1.635960000000000036e+02
1.664853999999999701e+02
1.705149000000000115e+02
1.735933000000000277e+02
1.750331999999999653e+02
1.784904999999999973e+02
1.789686000000000092e+02
1.812186000000000092e+02
1.828323000000000320e+02
1.842995999999999981e+02
1.861585000000000321e+02
1.869615999999999758e+02
1.887824999999999989e+02
1.896274999999999977e+02
1.904165999999999883e+02
1.912850000000000250e+02
1.920603999999999587e+02
1.930674999999999955e+02
1.933796999999999855e+02
1.940266999999999769e+02
1.946864000000000203e+02
1.944165999999999883e+02
1.954402000000000044e+02
1.957930000000000348e+02
1.960488000000000568e+02
1.965061000000000320e+02
1.967784999999999513e+02
1.970067999999999699e+02
1.969781999999999584e+02
1.977072000000000003e+02
1.977191000000000258e+02
1.976477000000000146e+02
1.979354999999999905e+02
1.981716999999999871e+02
1.983824000000000183e+02
1.981324000000000183e+02
1.986197999999999979e+02
1.985785999999999660e+02
1.987789999999999679e+02
1.990848000000000297e+02
1.989923999999999751e+02
1.990511000000000479e+02
1.992722999999999729e+02
1.991996999999999787e+02
1.989307999999999765e+02
1.992493000000000336e+02
1.993744000000000653e+02
1.993627000000000180e+02
1.992966999999999871e+02
1.994998000000000218e+02
1.995746000000000038e+02
1.997169000000000665e+02
1.996013999999999839e+02
1.996522999999999968e+02
1.996049999999999898e+02
1.996799000000000035e+02
1.997756000000000540e+02
1.998445999999999856e+02
1.997760000000000105e+02
1.997420000000000186e+02
1.998087999999999624e+02
1.998746000000000151e+02
1.998752000000000066e+02
1.998950000000000387e+02
1.998699000000000296e+02
