1.000000000000000000e+00
1.088600000000000234e+00
1.171100000000000030e+00
1.282099999999999795e+00
1.375199999999999756e+00
1.484499999999999931e+00
1.629000000000000004e+00
1.748100000000000209e+00
1.914000000000000368e+00
2.092400000000000038e+00
2.284200000000000230e+00
2.543899999999999828e+00
2.793200000000000127e+00
3.204700000000000326e+00
3.603899999999999437e+00
4.230500000000000149e+00
4.907100000000000684e+00
5.677000000000001378e+00
6.782799999999998164e+00
8.001199999999998980e+00
8.825000000000001066e+00
9.878300000000001191e+00
1.051300000000000168e+01
1.116210000000000058e+01
1.132630000000000159e+01
1.160570000000000235e+01
1.169609999999999950e+01
1.170179999999999865e+01
1.160019999999999918e+01
1.139309999999999867e+01
1.135840000000000138e+01
1.125639999999999930e+01
1.109170000000000122e+01
1.090690000000000026e+01
1.072270000000000145e+01
1.057549999999999990e+01
1.042960000000000065e+01
1.019120000000000026e+01
1.007459999999999845e+01
9.874600000000000932e+00
9.683899999999999508e+00
9.594199999999998951e+00
9.422599999999999199e+00
9.189200000000001367e+00
9.106299999999999173e+00
9.027599999999999625e+00
8.817500000000000782e+00
8.709600000000000009e+00
8.594500000000001805e+00
8.538299999999997780e+00
8.369100000000001316e+00
8.267099999999999227e+00
8.149599999999999511e+00
8.090499999999998693e+00
7.964199999999999946e+00
7.837799999999998768e+00
7.779099999999999682e+00
7.676300000000000345e+00
7.594999999999999751e+00
7.513500000000001400e+00
7.459699999999998887e+00
7.347999999999999865e+00
7.287600000000000300e+00
7.218999999999999417e+00
7.175599999999999312e+00
7.056200000000000472e+00
7.013799999999999812e+00
6.927000000000000490e+00
6.822100000000000719e+00
6.819499999999997897e+00
6.768299999999999095e+00
6.719100000000000072e+00
6.661700000000001509e+00
6.598200000000000287e+00
6.544100000000001138e+00
6.504299999999999748e+00
6.407300000000000217e+00
6.398500000000000298e+00
6.339500000000000135e+00
6.300200000000000244e+00
6.287300000000000111e+00
6.194600000000000328e+00
6.205199999999999605e+00
6.151800000000000601e+00
6.123099999999999099e+00
6.105799999999999450e+00
6.058500000000000441e+00
6.010500000000000398e+00
6.016600000000000392e+00
5.979899999999998883e+00
5.936900000000000510e+00
5.913800000000000168e+00
5.867100000000001536e+00
5.816200000000001147e+00
5.801799999999998292e+00
5.770599999999999064e+00
5.765399999999998748e+00
5.721999999999999531e+00
5.660700000000000287e+00
5.631199999999999761e+00
