1.000000000000000000e+00
1.084400000000000031e+00
1.175400000000000000e+00
1.279299999999999882e+00
1.384099999999999886e+00
1.511299999999999866e+00
1.647799999999999931e+00
1.821599999999999886e+00
2.012999999999999901e+00
2.227800000000000225e+00
2.488800000000000345e+00
2.866800000000000015e+00
3.321400000000000574e+00
4.291599999999999859e+00
5.122099999999999653e+00
7.065900000000000070e+00
9.316900000000002180e+00
1.362019999999999698e+01
1.981220000000000425e+01
2.686260000000000048e+01
3.677000000000000313e+01
5.164140000000000441e+01
6.238059999999998695e+01
7.475279999999999347e+01
8.536849999999999739e+01
9.719030000000000769e+01
1.082954999999999899e+02
1.166247999999999934e+02
1.246404999999999887e+02
1.324281000000000006e+02
1.387948000000000093e+02
1.464813000000000045e+02
1.493096000000000174e+02
1.555945000000000107e+02
1.602994999999999948e+02
1.639879999999999995e+02
1.666791000000000054e+02
1.702772999999999968e+02
1.724380000000000166e+02
1.752213999999999885e+02
1.778756000000000199e+02
1.793432999999999709e+02
1.823494000000000312e+02
1.831805999999999699e+02
1.839805000000000632e+02
1.870480999999999767e+02
1.879546999999999457e+02
1.883255000000000052e+02
1.895401999999999987e+02
1.907218000000000018e+02
1.918668999999999869e+02
1.919419999999999789e+02
1.928397000000000219e+02
1.934859000000000435e+02
1.936422000000000025e+02
1.941470000000000198e+02
1.953713000000000193e+02
1.953295999999999992e+02
1.955680999999999869e+02
1.961663999999999817e+02
1.965308999999999742e+02
1.969745999999999810e+02
1.970120999999999469e+02
1.975476999999999919e+02
1.973892999999999915e+02
1.977033999999999878e+02
1.979070999999999856e+02
1.978056000000000267e+02
1.982585999999999729e+02
1.983167000000000257e+02
1.981979000000000326e+02
1.984753999999999792e+02
1.986468000000000131e+02
1.987928999999999746e+02
1.991336000000000013e+02
1.990767000000000166e+02
1.992343999999999937e+02
1.990333000000000254e+02
1.992571999999999832e+02
1.994599000000000046e+02
1.993918000000000461e+02
1.993858999999999924e+02
1.994900000000000091e+02
1.995170999999999992e+02
1.994911000000000172e+02
1.996731000000000051e+02
1.997066999999999837e+02
1.996970000000000027e+02
1.996804000000000201e+02
1.995262999999999636e+02
1.996308999999999969e+02
1.998004000000000531e+02
1.995585000000000093e+02
1.997930999999999813e+02
1.998596000000000288e+02
1.997690000000000623e+02
1.997793000000000347e+02
1.998213999999999828e+02
1.998454000000000121e+02
1.998891000000000417e+02
