1.000000000000000000e+00
1.084300000000000264e+00
1.174399999999999888e+00
1.276999999999999913e+00
1.377099999999999991e+00
1.493999999999999995e+00
1.618500000000000272e+00
1.771699999999999831e+00
1.930200000000000138e+00
2.101300000000000168e+00
2.291000000000000369e+00
2.550000000000000266e+00
2.804999999999999272e+00
3.263700000000000045e+00
3.612499999999999378e+00
4.264999999999999680e+00
4.853200000000000180e+00
5.815000000000000391e+00
6.788999999999999702e+00
7.711599999999999788e+00
8.766400000000000858e+00
9.954099999999998616e+00
1.053910000000000124e+01
1.113380000000000081e+01
1.135830000000000162e+01
1.173160000000000380e+01
1.169749999999999801e+01
1.164440000000000097e+01
1.163899999999999579e+01
1.144239999999999924e+01
1.133039999999999736e+01
1.127270000000000216e+01
1.101469999999999949e+01
1.091039999999999921e+01
1.075160000000000160e+01
1.056220000000000070e+01
1.032690000000000019e+01
1.023339999999999783e+01
1.003389999999999915e+01
9.886699999999999378e+00
9.647700000000000387e+00
9.537700000000000955e+00
9.382300000000000750e+00
9.257699999999999818e+00
9.151699999999998170e+00
8.957800000000000651e+00
8.886799999999999145e+00
8.682399999999999451e+00
8.608100000000000307e+00
8.497999999999999332e+00
8.388999999999999346e+00
8.287299999999998334e+00
8.128399999999999181e+00
8.084199999999999164e+00
7.976599999999999469e+00
7.874100000000001209e+00
7.788899999999999935e+00
7.699199999999998489e+00
7.598600000000001131e+00
7.540499999999999758e+00
7.470400000000000595e+00
7.373899999999999899e+00
7.270900000000000141e+00
7.190600000000000769e+00
7.161500000000000199e+00
7.104500000000000703e+00
6.986000000000000654e+00
6.943800000000001305e+00
6.872600000000001153e+00
6.824599999999999334e+00
6.779699999999999172e+00
6.691300000000000914e+00
6.669400000000001327e+00
6.603000000000000647e+00
6.591399999999998371e+00
6.498599999999998822e+00
6.450599999999999667e+00
6.400400000000001199e+00
6.382100000000000328e+00
6.301400000000000112e+00
6.279599999999999405e+00
6.233299999999998953e+00
6.184200000000000585e+00
6.183200000000002028e+00
6.141000000000000014e+00
6.072800000000000864e+00
6.081899999999999196e+00
6.051800000000000956e+00
6.003300000000000303e+00
5.979400000000000936e+00
5.941100000000000492e+00
5.919099999999999362e+00
5.880400000000000738e+00
5.825399999999999245e+00
5.794900000000000162e+00
5.753800000000000914e+00
5.763899999999999579e+00
5.694900000000000517e+00
5.671499999999998209e+00
5.648100000000000342e+00
