1.000000000000000000e+00
1.079900000000000082e+00
1.177900000000000169e+00
1.280299999999999994e+00
1.381799999999999695e+00
1.493399999999999839e+00
1.614099999999999868e+00
1.753599999999999826e+00
1.925400000000000222e+00
2.101199999999999957e+00
2.284800000000000608e+00
2.591899999999999871e+00
2.813200000000000145e+00
3.173599999999999977e+00
3.629000000000000448e+00
4.103399999999999714e+00
4.765200000000000102e+00
5.809300000000000352e+00
6.558699999999999974e+00
7.881999999999999673e+00
8.918200000000000571e+00
9.887399999999999523e+00
1.041579999999999906e+01
1.110739999999999839e+01
1.139050000000000118e+01
1.147760000000000069e+01
1.162470000000000425e+01
1.161660000000000004e+01
1.146310000000000251e+01
1.153439999999999976e+01
1.138860000000000205e+01
1.116239999999999988e+01
1.108309999999999995e+01
1.085519999999999996e+01
1.067730000000000068e+01
1.061090000000000089e+01
1.040310000000000024e+01
1.021630000000000038e+01
1.004299999999999926e+01
9.867199999999998639e+00
9.768600000000001060e+00
9.524800000000000821e+00
9.404099999999999682e+00
9.235699999999999577e+00
9.132200000000000983e+00
8.947599999999999554e+00
8.885000000000001563e+00
8.729800000000000892e+00
8.634399999999999409e+00
8.478500000000000369e+00
8.408800000000001162e+00
8.278999999999999915e+00
8.140500000000001180e+00
8.063899999999998514e+00
7.970399999999998819e+00
7.877700000000000813e+00
7.730699999999999683e+00
7.670399999999999885e+00
7.626400000000000290e+00
7.521800000000000708e+00
7.481199999999998518e+00
7.393500000000000405e+00
7.253199999999999648e+00
7.225300000000000722e+00
7.151599999999998403e+00
7.068699999999999761e+00
7.035199999999999676e+00
6.942099999999999049e+00
6.882400000000000517e+00
6.812600000000000655e+00
6.763199999999999434e+00
6.713699999999999335e+00
6.648100000000002119e+00
6.618800000000000239e+00
6.552799999999998626e+00
6.475400000000000489e+00
6.446899999999999409e+00
6.404399999999998983e+00
6.357399999999999274e+00
6.324199999999999378e+00
6.263100000000000556e+00
6.242499999999999716e+00
6.210700000000000109e+00
6.157000000000000028e+00
6.136099999999999888e+00
6.112799999999998235e+00
6.074699999999999100e+00
6.038499999999999091e+00
6.019899999999998919e+00
5.963999999999999524e+00
5.948400000000001242e+00
5.936599999999999433e+00
5.896200000000000330e+00
5.833999999999999631e+00
5.820600000000000662e+00
5.771399999999999864e+00
5.732099999999999973e+00
5.693100000000000271e+00
5.668300000000000338e+00
5.633799999999999919e+00
