1.000000000000000000e+00
1.080100000000000060e+00
1.178400000000000114e+00
1.283000000000000140e+00
1.388700000000000045e+00
1.506800000000000139e+00
1.641600000000000170e+00
1.804200000000000248e+00
2.007799999999999585e+00
2.226100000000000190e+00
2.499000000000000110e+00
2.956199999999999939e+00
3.324300000000000033e+00
4.008599999999999497e+00
5.107699999999999463e+00
6.634999999999998899e+00
9.023799999999999599e+00
1.391260000000000296e+01
1.882069999999999865e+01
2.747940000000000182e+01
3.789719999999999800e+01
4.974429999999999552e+01
5.996149999999998670e+01
7.522260000000001412e+01
8.521850000000000591e+01
9.674169999999999447e+01
1.064149000000000029e+02
1.161170999999999935e+02
1.249407999999999817e+02
1.324319999999999879e+02
1.396760000000000161e+02
1.455058999999999969e+02
1.504220999999999719e+02
1.541388000000000034e+02
1.624046000000000163e+02
1.646844999999999573e+02
1.679514000000000067e+02
1.709047999999999945e+02
1.718093999999999824e+02
1.752357000000000085e+02
1.787116000000000042e+02
1.801125999999999863e+02
1.804963999999999942e+02
1.842023999999999830e+02
1.850622999999999649e+02
1.867818000000000040e+02
1.877682000000000073e+02
1.889080999999999904e+02
1.897357999999999834e+02
1.908531000000000120e+02
1.916820999999999913e+02
1.921609999999999729e+02
1.931155999999999722e+02
1.936892000000000280e+02
1.936525999999999783e+02
1.943180999999999869e+02
1.944686999999999557e+02
1.954043999999999812e+02
1.958563000000000045e+02
1.962507999999999697e+02
1.965748000000000388e+02
1.964229999999999450e+02
1.966343000000000529e+02
1.971279999999999859e+02
1.974575000000000102e+02
1.978204000000000065e+02
1.975125999999999920e+02
1.979977000000000089e+02
1.978471999999999866e+02
1.981020000000000039e+02
1.985260999999999569e+02
1.984780000000000371e+02
1.986644000000000290e+02
1.985971999999999298e+02
1.989881000000000029e+02
1.991894999999999811e+02
1.989479000000000042e+02
1.991756000000000029e+02
1.990975999999999715e+02
1.992425999999999817e+02
1.993410000000000082e+02
1.995369999999999777e+02
1.995120000000000005e+02
1.994408999999999992e+02
1.995370999999999810e+02
1.996164000000000271e+02
1.996535000000000082e+02
1.996800000000000068e+02
1.997325000000000728e+02
1.997335000000000207e+02
1.997276999999999987e+02
1.997799999999999159e+02
1.997118000000000393e+02
1.997724000000000046e+02
1.998747999999999649e+02
1.997938000000000045e+02
1.999368000000000336e+02
1.998728000000000122e+02
1.998344999999999629e+02
1.998264000000000067e+02
