1.000000000000000000e+00
1.085500000000000131e+00
1.171899999999999942e+00
1.272699999999999942e+00
1.380500000000000060e+00
1.486700000000000133e+00
1.610000000000000098e+00
1.745800000000000018e+00
1.931999999999999940e+00
2.088000000000000078e+00
2.274499999999999744e+00
2.515299999999999869e+00
2.849799999999999667e+00
3.186099999999999710e+00
3.649099999999999788e+00
4.256400000000000183e+00
4.877799999999998803e+00
5.902100000000000790e+00
6.613099999999999312e+00
7.695100000000000939e+00
9.188299999999999912e+00
9.870599999999999596e+00
1.056450000000000244e+01
1.113110000000000177e+01
1.138699999999999513e+01
1.159070000000000000e+01
1.164160000000000039e+01
1.169309999999999938e+01
1.146589999999999954e+01
1.150260000000000282e+01
1.138379999999999903e+01
1.121220000000000105e+01
1.108689999999999820e+01
1.094589999999999996e+01
1.069200000000000195e+01
1.060719999999999885e+01
1.035849999999999937e+01
1.023789999999999978e+01
9.995499999999999829e+00
9.857099999999999085e+00
9.647299999999999542e+00
9.560600000000000875e+00
9.438799999999998747e+00
9.260699999999999932e+00
9.109400000000000830e+00
8.988200000000000855e+00
8.815800000000001191e+00
8.756299999999999528e+00
8.622099999999999653e+00
8.478300000000000836e+00
8.376899999999999125e+00
8.267500000000001847e+00
8.147400000000001086e+00
8.025099999999998346e+00
7.988400000000001278e+00
7.859200000000000408e+00
7.762199999999999100e+00
7.710300000000000153e+00
7.601599999999999469e+00
7.522899999999999920e+00
7.464999999999999858e+00
7.395900000000000141e+00
7.265100000000001224e+00
7.192699999999999427e+00
7.150700000000000500e+00
7.089399999999999480e+00
7.022900000000000809e+00
6.947100000000000719e+00
6.893099999999999561e+00
6.820799999999999308e+00
6.765200000000000102e+00
6.720800000000000551e+00
6.623599999999999710e+00
6.589199999999999946e+00
6.557600000000000762e+00
6.493299999999999628e+00
6.474500000000000810e+00
6.416400000000001214e+00
6.340200000000001168e+00
6.343699999999999228e+00
6.275600000000001621e+00
6.235300000000000509e+00
6.192099999999999049e+00
6.143100000000000449e+00
6.132699999999998930e+00
6.124299999999999855e+00
6.065199999999999925e+00
6.041500000000000981e+00
6.005000000000000782e+00
5.963499999999999801e+00
5.957200000000000273e+00
5.898700000000001609e+00
5.867500000000001492e+00
5.808099999999999596e+00
5.823999999999998956e+00
5.761500000000000732e+00
5.760399999999999743e+00
5.723100000000000520e+00
5.705000000000000071e+00
5.629300000000000637e+00
