1.000000000000000000e+00
1.085799999999999876e+00
1.172599999999999865e+00
1.274900000000000144e+00
1.386200000000000321e+00
1.499300000000000299e+00
1.638700000000000045e+00
1.792100000000000026e+00
2.007299999999999862e+00
2.210100000000000176e+00
2.460099999999999731e+00
2.820400000000000240e+00
3.415299999999999780e+00
4.102199999999999847e+00
5.300299999999998235e+00
7.078400000000001135e+00
9.473399999999999821e+00
1.430639999999999823e+01
1.871300000000000097e+01
2.640670000000000073e+01
4.002709999999999724e+01
4.809250000000000824e+01
6.156359999999999388e+01
7.468779999999999575e+01
8.632290000000000418e+01
9.736760000000002435e+01
1.073303999999999974e+02
1.177523999999999802e+02
1.224591999999999956e+02
1.332625999999999920e+02
1.394359000000000037e+02
1.460685999999999751e+02
1.507010999999999967e+02
1.554864000000000033e+02
1.596712999999999738e+02
1.645110000000000241e+02
1.674395000000000095e+02
1.707966000000000406e+02
1.721450000000000102e+02
1.755815999999999519e+02
1.770857999999999777e+02
1.793837999999999511e+02
1.815865999999999758e+02
1.829081999999999653e+02
1.857042999999999893e+02
1.863318000000000154e+02
1.873173999999999921e+02
1.884646999999999650e+02
1.899259999999999877e+02
1.906734000000000151e+02
1.910458999999999889e+02
1.913934000000000140e+02
1.933940000000000055e+02
1.935084000000000515e+02
1.936778000000000191e+02
1.944495000000000005e+02
1.949678999999999860e+02
1.957466000000000008e+02
1.959270000000000493e+02
1.962723999999999762e+02
1.962574999999999932e+02
1.966739999999999782e+02
1.970144000000000233e+02
1.972478999999999587e+02
1.973657000000000039e+02
1.976212999999999624e+02
1.975099999999999909e+02
1.980257000000000289e+02
1.982574999999999648e+02
1.984096999999999866e+02
1.982769000000000119e+02
1.984247999999999479e+02
1.989817999999999927e+02
1.986900999999999726e+02
1.990737999999999772e+02
1.990278999999999598e+02
1.991258999999999730e+02
1.991600000000000250e+02
1.991356999999999857e+02
1.993551000000000215e+02
1.992853999999999246e+02
1.993621000000000265e+02
1.994318000000000382e+02
1.995220000000000198e+02
1.996842999999999790e+02
1.995918000000000063e+02
1.995166000000000111e+02
1.995455000000000041e+02
1.997312000000000012e+02
1.996743999999999915e+02
1.997113000000000227e+02
1.998131000000000199e+02
1.997417000000000087e+02
1.997122000000000526e+02
1.998077999999999861e+02
1.998740999999999985e+02
1.996266999999999712e+02
1.998780999999999892e+02
1.996824999999999761e+02
1.998888000000000034e+02
