1.000000000000000000e+00
1.076699999999999990e+00
1.176400000000000112e+00
1.288600000000000190e+00
1.385900000000000132e+00
1.486599999999999699e+00
1.636799999999999589e+00
1.784599999999999742e+00
1.949999999999999956e+00
2.145300000000000207e+00
2.276699999999999946e+00
2.571400000000000574e+00
2.819599999999999884e+00
3.180599999999999650e+00
3.606499999999999595e+00
4.167999999999999261e+00
4.810000000000000497e+00
5.747799999999999798e+00
6.673000000000000931e+00
7.806800000000000850e+00
8.708999999999999631e+00
9.828099999999999170e+00
1.071039999999999992e+01
1.103870000000000040e+01
1.152650000000000396e+01
1.153160000000000096e+01
1.176700000000000301e+01
1.175890000000000057e+01
1.158000000000000007e+01
1.153509999999999991e+01
1.128399999999999892e+01
1.125600000000000200e+01
1.107540000000000013e+01
1.095139999999999958e+01
1.076699999999999768e+01
1.056760000000000055e+01
1.032130000000000081e+01
1.019969999999999999e+01
9.981400000000000716e+00
9.870200000000000529e+00
9.753400000000000958e+00
9.532400000000000873e+00
9.414999999999999147e+00
9.263799999999999812e+00
9.102699999999998681e+00
9.010600000000000165e+00
8.896400000000001640e+00
8.720200000000000173e+00
8.586199999999999832e+00
8.473900000000000432e+00
8.400700000000002277e+00
8.333500000000000796e+00
8.163000000000000256e+00
8.064500000000002444e+00
7.944900000000000517e+00
7.843500000000000583e+00
7.759499999999998288e+00
7.689799999999999969e+00
7.581699999999999662e+00
7.499800000000000466e+00
7.429899999999999061e+00
7.370700000000000252e+00
7.298500000000000654e+00
7.211599999999999788e+00
7.176099999999999035e+00
7.069899999999998741e+00
7.007200000000000095e+00
6.941300000000000026e+00
6.888600000000000279e+00
6.826499999999999346e+00
6.767199999999998994e+00
6.696000000000000618e+00
6.666399999999999437e+00
6.573500000000000121e+00
6.514799999999999258e+00
6.492799999999997240e+00
6.450800000000000090e+00
6.410400000000001874e+00
6.369200000000001083e+00
6.318100000000000271e+00
6.272400000000001086e+00
6.230399999999999494e+00
6.202800000000000757e+00
6.165800000000000836e+00
6.122200000000000308e+00
6.109099999999999753e+00
6.042800000000000615e+00
6.025499999999999190e+00
6.017000000000001236e+00
5.959699999999998887e+00
5.923500000000000654e+00
5.927399999999998670e+00
5.860100000000000975e+00
5.841300000000000381e+00
5.814900000000001512e+00
5.776799999999999713e+00
5.747299999999999187e+00
5.705199999999999605e+00
5.660799999999999166e+00
5.647399999999999309e+00
