1.000000000000000000e+00
1.076699999999999990e+00
1.177299999999999791e+00
1.291800000000000059e+00
1.392900000000000249e+00
1.498500000000000609e+00
1.663800000000000168e+00
1.834199999999999831e+00
2.035400000000000098e+00
2.299500000000000099e+00
2.464999999999999858e+00
2.904900000000000482e+00
3.360899999999999554e+00
4.069300000000000139e+00
5.091900000000000759e+00
6.784100000000000463e+00
9.347699999999999676e+00
1.361480000000000246e+01
1.924040000000000106e+01
2.705000000000000071e+01
3.605330000000000723e+01
4.841309999999999292e+01
6.253679999999999950e+01
7.364630000000001075e+01
8.712469999999999004e+01
9.734980000000000189e+01
1.088174999999999812e+02
1.148360999999999876e+02
1.247501999999999924e+02
1.312158000000000300e+02
1.392194999999999823e+02
1.441377999999999986e+02
1.517159000000000049e+02
1.561195000000000164e+02
1.584256000000000029e+02
1.644945999999999913e+02
1.667118000000000109e+02
1.685782000000000380e+02
1.723515999999999906e+02
1.752428999999999633e+02
1.775512999999999977e+02
1.794239000000000033e+02
1.813530000000000371e+02
1.841284999999999741e+02
1.849247000000000014e+02
1.859364000000000203e+02
1.879886000000000479e+02
1.888441000000000258e+02
1.893726000000000340e+02
1.903108999999999753e+02
1.908698000000000263e+02
1.924186999999999443e+02
1.928586000000000524e+02
1.937377000000000180e+02
1.938161999999999807e+02
1.943575000000000443e+02
1.949445000000000050e+02
1.951085999999999672e+02
1.956375999999999920e+02
1.961999000000000422e+02
1.964899999999999523e+02
1.965497000000000014e+02
1.972603000000000009e+02
1.972859999999999729e+02
1.971525000000000034e+02
1.977843999999999767e+02
1.975604999999999905e+02
1.977866999999999962e+02
1.980952000000000339e+02
1.982695999999999685e+02
1.985883000000000038e+02
1.987633000000000152e+02
1.990331999999999653e+02
1.987010000000000502e+02
1.989613999999999692e+02
1.988990000000000578e+02
1.990656999999999925e+02
1.991998999999999853e+02
1.991798000000000002e+02
1.992170000000000414e+02
1.995484000000000151e+02
1.994375000000000284e+02
1.994083999999999719e+02
1.996119000000000199e+02
1.995708999999999946e+02
1.995104000000000042e+02
1.996695999999999458e+02
1.996115000000000066e+02
1.995716999999999928e+02
1.997350000000000136e+02
1.996911000000000058e+02
1.996022000000000389e+02
1.996265999999999963e+02
1.997597999999999558e+02
1.997960999999999956e+02
1.998190999999999917e+02
1.998140000000000214e+02
1.998987000000000194e+02
1.997824999999999989e+02
1.998459000000000287e+02
