1.000000000000000000e+00
1.079800000000000093e+00
1.175099999999999811e+00
1.280999999999999917e+00
1.371100000000000207e+00
1.517199999999999882e+00
1.636100000000000110e+00
1.805799999999999850e+00
1.976899999999999658e+00
2.221200000000000063e+00
2.519499999999999851e+00
2.873500000000000387e+00
3.302099999999999813e+00
4.068399999999999572e+00
5.240000000000000213e+00
6.791699999999999626e+00
9.451700000000000657e+00
1.325919999999999987e+01
1.937229999999999919e+01
2.594420000000000215e+01
3.789750000000000085e+01
5.047169999999999845e+01
6.009720000000000084e+01
7.612500000000000000e+01
8.657400000000002649e+01
9.804059999999998354e+01
1.069594000000000165e+02
1.160221999999999980e+02
1.229313999999999965e+02
1.323689999999999714e+02
1.385263999999999953e+02
1.455869000000000142e+02
1.501986999999999739e+02
1.548353000000000179e+02
1.606855000000000189e+02
1.625418999999999983e+02
1.671419999999999959e+02
1.683276000000000181e+02
1.743605999999999767e+02
1.754688000000000159e+02
1.782704999999999984e+02
1.795582999999999743e+02
1.812795999999999879e+02
1.830101999999999975e+02
1.844947000000000230e+02
1.863894999999999698e+02
1.881671000000000333e+02
1.883894999999999698e+02
1.891194000000000131e+02
1.904644999999999300e+02
1.912195000000000107e+02
1.921907000000000210e+02
1.930730999999999824e+02
1.934119999999999209e+02
1.939772999999999570e+02
1.943610000000000184e+02
1.948024000000000626e+02
1.948377000000000123e+02
1.956279999999999859e+02
1.954526999999999646e+02
1.968742000000000587e+02
1.967572999999999865e+02
1.970555999999999699e+02
1.971040000000000134e+02
1.970801000000000442e+02
1.977118000000000109e+02
1.977383000000000663e+02
1.981885999999999797e+02
1.981270000000000380e+02
1.981298999999999921e+02
1.985738999999999805e+02
1.985912999999999613e+02
1.985355999999999881e+02
1.986236000000000388e+02
1.988531999999999584e+02
1.989603000000000179e+02
1.989979999999999905e+02
1.993222999999999558e+02
1.993424999999999727e+02
1.993610000000000184e+02
1.994209000000000458e+02
1.993935000000000173e+02
1.993310999999999638e+02
1.994992000000000303e+02
1.996636000000000024e+02
1.995318000000000040e+02
1.996579999999999870e+02
1.995411000000000001e+02
1.995647000000000162e+02
1.996568999999999789e+02
1.996069999999999993e+02
1.995454000000000008e+02
1.998255000000000052e+02
1.998819000000000301e+02
1.997163000000000466e+02
1.998280999999999779e+02
1.998226999999999975e+02
1.998992999999999540e+02
1.998427000000000362e+02
1.998076000000000647e+02
