1.000000000000000000e+00
1.079700000000000104e+00
1.174099999999999921e+00
1.278100000000000014e+00
1.363999999999999879e+00
1.501700000000000257e+00
1.610999999999999988e+00
1.762700000000000156e+00
1.909600000000000186e+00
2.098300000000000054e+00
2.317699999999999871e+00
2.535400000000000098e+00
2.782599999999999962e+00
3.181200000000000028e+00
3.685899999999999732e+00
4.149099999999999788e+00
4.846300000000000274e+00
5.735299999999998732e+00
6.743300000000000516e+00
7.557000000000000384e+00
8.877000000000000668e+00
9.950700000000001211e+00
1.045580000000000176e+01
1.120630000000000059e+01
1.140740000000000087e+01
1.174600000000000222e+01
1.165739999999999732e+01
1.158160000000000345e+01
1.159589999999999677e+01
1.146079999999999899e+01
1.142120000000000068e+01
1.122869999999999635e+01
1.113010000000000055e+01
1.088369999999999926e+01
1.066950000000000287e+01
1.060799999999999699e+01
1.035359999999999836e+01
1.012279999999999802e+01
1.008930000000000149e+01
9.897399999999999309e+00
9.734399999999999054e+00
9.486600000000001032e+00
9.467999999999999972e+00
9.206599999999999895e+00
9.078599999999999781e+00
8.977700000000000458e+00
8.861199999999998411e+00
8.706900000000000972e+00
8.544700000000000628e+00
8.473800000000000665e+00
8.359599999999998587e+00
8.236799999999998789e+00
8.137999999999999901e+00
8.037699999999999179e+00
7.967600000000000016e+00
7.892599999999999838e+00
7.763100000000000556e+00
7.641900000000000581e+00
7.582700000000000884e+00
7.503600000000000492e+00
7.463399999999999146e+00
7.353700000000000792e+00
7.266999999999999460e+00
7.205900000000000638e+00
7.157200000000000450e+00
7.045400000000000773e+00
6.995400000000000063e+00
6.970500000000000362e+00
6.900299999999999656e+00
6.848899999999999544e+00
6.765899999999998471e+00
6.694400000000001683e+00
6.664599999999999191e+00
6.583899999999999864e+00
6.535000000000001030e+00
6.490299999999999514e+00
6.452900000000002301e+00
6.386599999999999611e+00
6.383700000000000152e+00
6.317999999999999616e+00
6.282999999999999474e+00
6.256699999999999484e+00
6.203599999999998893e+00
6.175499999999999545e+00
6.124200000000000976e+00
6.100599999999999135e+00
6.065399999999998570e+00
6.021499999999999631e+00
6.006999999999999673e+00
5.968000000000000860e+00
5.950299999999999478e+00
5.907599999999998630e+00
5.862899999999999778e+00
5.834999999999999964e+00
5.842799999999999550e+00
5.764999999999999680e+00
5.732000000000000206e+00
5.731200000000000294e+00
5.677100000000001145e+00
5.632500000000000284e+00
