1.000000000000000000e+00
1.085900000000000087e+00
1.166400000000000103e+00
1.262299999999999978e+00
1.389699999999999713e+00
1.495399999999999840e+00
1.598099999999999632e+00
1.737599999999999811e+00
1.935099999999999820e+00
2.095799999999999663e+00
2.305799999999999628e+00
2.550300000000000011e+00
2.785900000000000265e+00
3.172100000000000364e+00
3.533300000000000551e+00
4.062399999999999345e+00
4.891400000000000858e+00
5.823899999999998300e+00
6.695000000000000284e+00
7.728500000000000369e+00
8.997499999999998721e+00
1.008799999999999919e+01
1.054199999999999982e+01
1.116839999999999655e+01
1.137720000000000020e+01
1.160369999999999813e+01
1.169479999999999720e+01
1.167249999999999943e+01
1.162600000000000122e+01
1.154860000000000042e+01
1.144260000000000055e+01
1.122639999999999816e+01
1.108549999999999969e+01
1.087149999999999928e+01
1.073710000000000342e+01
1.054000000000000270e+01
1.033489999999999931e+01
1.023280000000000101e+01
1.004340000000000011e+01
9.902900000000000702e+00
9.719900000000000873e+00
9.526899999999999480e+00
9.386000000000001009e+00
9.319300000000000139e+00
9.113500000000001933e+00
8.984299999999999287e+00
8.833000000000000185e+00
8.736200000000000188e+00
8.619100000000001316e+00
8.506699999999996820e+00
8.368400000000001171e+00
8.283500000000001862e+00
8.168900000000000716e+00
8.049399999999998556e+00
7.941700000000000870e+00
7.860199999999999854e+00
7.763400000000000745e+00
7.716999999999999638e+00
7.617899999999999672e+00
7.475200000000000955e+00
7.436299999999999244e+00
7.371500000000001052e+00
7.309199999999999697e+00
7.218500000000001471e+00
7.180999999999999162e+00
7.080799999999999983e+00
7.005499999999999616e+00
6.961000000000000298e+00
6.874999999999999112e+00
6.803799999999999848e+00
6.762999999999999901e+00
6.709000000000000519e+00
6.632400000000000517e+00
6.589899999999997426e+00
6.559299999999999464e+00
6.487199999999998745e+00
6.435999999999999943e+00
6.394199999999998774e+00
6.333100000000000840e+00
6.299700000000000522e+00
6.263700000000000045e+00
6.246699999999999697e+00
6.225100000000000300e+00
6.185999999999999055e+00
6.141300000000000203e+00
6.090799999999998882e+00
6.072700000000000209e+00
6.037200000000000344e+00
5.973799999999998889e+00
5.975399999999999601e+00
5.921400000000000219e+00
5.904200000000000337e+00
5.850699999999999790e+00
5.846899999999999764e+00
5.793200000000000571e+00
5.790700000000001957e+00
5.790900000000000603e+00
5.729399999999999160e+00
5.661999999999999034e+00
5.667299999999999116e+00
