1.000000000000000000e+00
1.086000000000000076e+00
1.167399999999999993e+00
1.264700000000000157e+00
1.397100000000000009e+00
1.509800000000000253e+00
1.623299999999999743e+00
1.781999999999999806e+00
2.023099999999999454e+00
2.229000000000000092e+00
2.528499999999999748e+00
2.898699999999999388e+00
3.300299999999999123e+00
4.061399999999999899e+00
4.962299999999999933e+00
6.427700000000000635e+00
9.514599999999999724e+00
1.403749999999999787e+01
1.943099999999999739e+01
2.712070000000000292e+01
3.839390000000000214e+01
5.247070000000000789e+01
6.198720000000000141e+01
7.519339999999999691e+01
8.643100000000004002e+01
9.780280000000000484e+01
1.079303000000000026e+02
1.162220000000000084e+02
1.250651000000000010e+02
1.319194999999999993e+02
1.387076000000000136e+02
1.448377999999999872e+02
1.510814999999999770e+02
1.546262000000000114e+02
1.610014999999999645e+02
1.643428000000000111e+02
1.668402000000000100e+02
1.698872000000000071e+02
1.726775999999999840e+02
1.762586000000000297e+02
1.787257999999999925e+02
1.793579000000000008e+02
1.809064000000000192e+02
1.829855999999999767e+02
1.847244000000000312e+02
1.862510999999999797e+02
1.870685999999999751e+02
1.880415999999999883e+02
1.887508000000000266e+02
1.905238999999999976e+02
1.912833999999999719e+02
1.924962000000000160e+02
1.925870999999999640e+02
1.935760999999999967e+02
1.940747999999999536e+02
1.941958999999999946e+02
1.954709999999999468e+02
1.952100000000000080e+02
1.960478999999999985e+02
1.959506999999999834e+02
1.964579999999999700e+02
1.968223000000000411e+02
1.969790999999999599e+02
1.969829000000000008e+02
1.976579000000000121e+02
1.975325000000000273e+02
1.973935999999999353e+02
1.980572000000000230e+02
1.983291000000000111e+02
1.982653999999999996e+02
1.983618000000000450e+02
1.987343000000000472e+02
1.987930000000000064e+02
1.987925999999999931e+02
1.987813999999999908e+02
1.990786999999999978e+02
1.990863999999999976e+02
1.991578999999999837e+02
1.991467000000000098e+02
1.992619000000000256e+02
1.994225000000000421e+02
1.995403000000000020e+02
1.994727999999999781e+02
1.995597000000000207e+02
1.994638999999999669e+02
1.995904999999999916e+02
1.996074000000000126e+02
1.995718999999999994e+02
1.997303000000000281e+02
1.995261000000000422e+02
1.996810000000000684e+02
1.996572000000000457e+02
1.996867000000000303e+02
1.997912000000000035e+02
1.997845999999999833e+02
1.997227000000000032e+02
1.997237000000000364e+02
1.999092000000000269e+02
1.999030000000000200e+02
1.998859999999999957e+02
