3.000000000000000000e+00
3.082900000000000418e+00
3.169499999999999318e+00
3.269200000000000106e+00
3.367300000000000626e+00
3.498099999999999987e+00
3.626900000000000013e+00
3.778100000000000236e+00
3.910600000000000520e+00
4.098300000000000054e+00
4.329099999999999504e+00
4.517599999999999838e+00
4.886900000000000688e+00
5.150900000000000034e+00
5.526200000000000223e+00
6.222099999999999298e+00
6.934400000000000119e+00
7.854899999999999771e+00
8.794800000000000395e+00
9.872800000000001575e+00
1.087080000000000091e+01
1.185120000000000040e+01
1.257489999999999952e+01
1.308739999999999704e+01
1.338939999999999841e+01
1.357079999999999664e+01
1.371770000000000067e+01
1.358720000000000105e+01
1.355710000000000193e+01
1.354860000000000042e+01
1.339420000000000144e+01
1.316819999999999879e+01
1.302859999999999907e+01
1.290850000000000186e+01
1.275089999999999968e+01
1.249150000000000027e+01
1.233309999999999995e+01
1.224429999999999907e+01
1.206670000000000265e+01
1.185890000000000377e+01
1.168639999999999723e+01
1.154559999999999675e+01
1.142779999999999774e+01
1.123150000000000048e+01
1.112240000000000251e+01
1.097099999999999831e+01
1.088569999999999993e+01
1.067029999999999923e+01
1.056449999999999889e+01
1.055039999999999978e+01
1.038180000000000014e+01
1.026339999999999897e+01
1.011410000000000053e+01
1.008019999999999960e+01
9.934300000000000352e+00
9.857700000000001239e+00
9.758900000000000574e+00
9.676500000000002544e+00
9.581999999999998963e+00
9.525600000000002510e+00
9.426500000000000767e+00
9.340999999999999304e+00
9.282600000000000406e+00
9.229100000000000747e+00
9.147600000000000620e+00
9.076300000000001589e+00
8.997400000000000730e+00
8.958199999999999719e+00
8.900199999999999889e+00
8.842700000000000671e+00
8.753000000000000114e+00
8.716900000000000759e+00
8.657600000000002183e+00
8.610400000000000276e+00
8.548099999999999810e+00
8.481399999999998940e+00
8.440400000000000347e+00
8.400400000000001199e+00
8.364300000000000068e+00
8.311000000000001720e+00
8.257500000000000284e+00
8.227699999999998681e+00
8.183800000000001518e+00
8.161400000000000432e+00
8.122599999999998488e+00
8.100099999999999412e+00
8.085599999999999454e+00
8.039899999999999380e+00
8.008600000000001273e+00
7.989800000000001567e+00
7.915000000000000924e+00
7.888700000000000934e+00
7.872699999999998255e+00
7.849899999999999878e+00
7.814400000000000901e+00
7.794599999999999085e+00
7.746399999999999508e+00
7.722399999999998599e+00
7.686499999999998778e+00
7.619300000000000850e+00
