1.000000000000000000e+00
1.083000000000000185e+00
1.170100000000000140e+00
1.271299999999999875e+00
1.372900000000000009e+00
1.511399999999999855e+00
1.652500000000000302e+00
1.828199999999999603e+00
1.989400000000000057e+00
2.220100000000000406e+00
2.552700000000000191e+00
2.836799999999999322e+00
3.460200000000000387e+00
4.059900000000000730e+00
5.002699999999999925e+00
7.092099999999999405e+00
9.736000000000000654e+00
1.422899999999999565e+01
1.958590000000000231e+01
2.764950000000000685e+01
3.733429999999999183e+01
5.022619999999999862e+01
6.276620000000000488e+01
7.458299999999999841e+01
8.607819999999999538e+01
9.546500000000001762e+01
1.088289999999999935e+02
1.178853000000000009e+02
1.256097999999999928e+02
1.321769000000000176e+02
1.407443999999999846e+02
1.445448000000000093e+02
1.500440000000000396e+02
1.567474000000000274e+02
1.607093000000000131e+02
1.626834000000000060e+02
1.679277000000000157e+02
1.698271000000000015e+02
1.740464000000000624e+02
1.750708999999999946e+02
1.780812999999999988e+02
1.793158000000000527e+02
1.816520000000000152e+02
1.833908000000000129e+02
1.844393000000000313e+02
1.855551999999999566e+02
1.877608000000000459e+02
1.890596999999999639e+02
1.890903999999999598e+02
1.906409000000000447e+02
1.910704999999999814e+02
1.923388999999999669e+02
1.925668999999999755e+02
1.932734000000000378e+02
1.943029999999999688e+02
1.943609000000000151e+02
1.947732999999999777e+02
1.951372999999999820e+02
1.959755999999999858e+02
1.959442999999999984e+02
1.963599000000000103e+02
1.966621000000000379e+02
1.967287000000000035e+02
1.970503999999999678e+02
1.972776000000000067e+02
1.975738000000000056e+02
1.979588999999999714e+02
1.983817999999999984e+02
1.982886000000000024e+02
1.982164000000000215e+02
1.986272999999999911e+02
1.983314999999999770e+02
1.984541000000000111e+02
1.989629999999999654e+02
1.988936999999999955e+02
1.991599999999999682e+02
1.991586000000000070e+02
1.990491000000000383e+02
1.992922000000000082e+02
1.992901999999999987e+02
1.992244999999999777e+02
1.992372000000000014e+02
1.996170000000000471e+02
1.994523999999999830e+02
1.993757000000000232e+02
1.995584000000000060e+02
1.997254000000000076e+02
1.997464999999999407e+02
1.996646000000000356e+02
1.996117000000000132e+02
1.997077000000000453e+02
1.998888000000000034e+02
1.998179000000000372e+02
1.998375000000000341e+02
1.998072000000000230e+02
1.998700999999999794e+02
1.998747999999999934e+02
1.998583999999999889e+02
1.998379000000000190e+02
1.998508999999999958e+02
