1.000000000000000000e+00
1.082900000000000196e+00
1.160900000000000043e+00
1.269800000000000262e+00
1.370499999999999607e+00
1.486999999999999877e+00
1.615599999999999925e+00
1.758800000000000141e+00
1.917300000000000448e+00
2.106299999999999617e+00
2.300100000000000033e+00
2.491000000000000103e+00
2.849799999999999667e+00
3.163199999999999790e+00
3.611899999999999888e+00
4.150200000000000777e+00
4.947499999999999787e+00
5.666399999999998549e+00
6.766099999999999781e+00
7.795599999999999419e+00
8.881999999999999673e+00
9.785399999999999210e+00
1.048419999999999774e+01
1.105490000000000173e+01
1.134629999999999939e+01
1.153179999999999872e+01
1.167370000000000196e+01
1.158429999999999893e+01
1.149089999999999989e+01
1.145049999999999990e+01
1.135839999999999961e+01
1.116990000000000016e+01
1.108119999999999905e+01
1.093039999999999878e+01
1.076130000000000031e+01
1.052730000000000210e+01
1.040509999999999913e+01
1.017840000000000167e+01
1.007190000000000119e+01
9.886800000000000921e+00
9.713300000000002044e+00
9.516700000000000159e+00
9.372999999999999332e+00
9.228799999999999670e+00
9.119499999999998607e+00
9.034500000000001307e+00
8.834200000000000941e+00
8.722499999999998366e+00
8.653299999999999770e+00
8.491900000000001114e+00
8.382400000000000517e+00
8.293200000000002348e+00
8.117100000000000648e+00
8.073599999999999000e+00
7.954500000000000348e+00
7.867500000000001492e+00
7.809999999999999609e+00
7.693500000000000227e+00
7.635700000000001708e+00
7.514299999999999535e+00
7.439700000000000202e+00
7.369099999999999540e+00
7.297399999999999665e+00
7.206899999999999196e+00
7.161100000000000243e+00
7.100800000000001333e+00
7.035900000000000709e+00
6.977200000000001623e+00
6.885799999999999699e+00
6.825799999999999201e+00
6.795999999999999375e+00
6.722799999999999443e+00
6.649299999999999322e+00
6.626899999999999125e+00
6.553100000000000591e+00
6.493200000000001637e+00
6.461299999999998711e+00
6.388799999999998924e+00
6.369900000000001228e+00
6.303500000000000547e+00
6.294899999999999274e+00
6.225800000000000445e+00
6.197300000000000253e+00
6.163999999999999702e+00
6.160100000000000797e+00
6.111000000000001542e+00
6.077799999999998981e+00
6.030500000000000860e+00
6.011200000000001431e+00
5.952100000000000612e+00
5.934399999999999231e+00
5.911200000000000010e+00
5.872200000000000308e+00
5.861400000000002386e+00
5.797799999999999621e+00
5.769199999999999662e+00
5.727599999999999802e+00
5.716299999999998604e+00
5.675300000000000900e+00
5.665599999999999525e+00
