1.000000000000000000e+00
1.082900000000000196e+00
1.161499999999999977e+00
1.271500000000000075e+00
1.376799999999999802e+00
1.501799999999999802e+00
1.645199999999999552e+00
1.807000000000000384e+00
1.992099999999999982e+00
2.229499999999999815e+00
2.501700000000000035e+00
2.784200000000000674e+00
3.403699999999999282e+00
4.074699999999999100e+00
5.107800000000000118e+00
6.729000000000000981e+00
9.568199999999999150e+00
1.325469999999999970e+01
1.908500000000000085e+01
2.697809999999999775e+01
3.784539999999999793e+01
4.933559999999999235e+01
6.208360000000000412e+01
7.335569999999998458e+01
8.582940000000000680e+01
9.681649999999999068e+01
1.065747999999999962e+02
1.155665999999999940e+02
1.234925999999999959e+02
1.318888000000000034e+02
1.387469000000000108e+02
1.440456999999999539e+02
1.506396000000000015e+02
1.564283000000000072e+02
1.595687000000000069e+02
1.629125999999999976e+02
1.680716000000000463e+02
1.700715000000000146e+02
1.730238000000000227e+02
1.751453000000000202e+02
1.771428999999999974e+02
1.799927000000000419e+02
1.814051999999999794e+02
1.832605999999999824e+02
1.839636000000000422e+02
1.868252999999999417e+02
1.878320999999999970e+02
1.890372999999999593e+02
1.898183999999999969e+02
1.905584000000000344e+02
1.915473999999999819e+02
1.916810000000000116e+02
1.928655999999999722e+02
1.934966999999999757e+02
1.937600999999999942e+02
1.942770000000000437e+02
1.950672000000000139e+02
1.948517999999999688e+02
1.953079000000000178e+02
1.965051000000000272e+02
1.969008999999999787e+02
1.966843999999999539e+02
1.966025999999999385e+02
1.970715999999999894e+02
1.978913000000000011e+02
1.976560000000000343e+02
1.977376000000000147e+02
1.981975000000000477e+02
1.981963999999999828e+02
1.983546000000000049e+02
1.982138999999999953e+02
1.985142000000000166e+02
1.984148999999999887e+02
1.988379000000000474e+02
1.990503999999999962e+02
1.991703000000000259e+02
1.989111999999999512e+02
1.992114999999999725e+02
1.993504000000000076e+02
1.992416000000000054e+02
1.993571999999999775e+02
1.991575999999999453e+02
1.994458000000000197e+02
1.994800999999999931e+02
1.996930000000000405e+02
1.996384999999999934e+02
1.994926000000000101e+02
1.996161000000000172e+02
1.997069999999999936e+02
1.997273999999999887e+02
1.997690000000000055e+02
1.997258000000000493e+02
1.997183000000000561e+02
1.997530000000000427e+02
1.998389000000000237e+02
1.997844000000000619e+02
1.996714000000000340e+02
1.999251000000000147e+02
1.998990999999999758e+02
1.998205000000000382e+02
