1.000000000000000000e+00
1.083000000000000185e+00
1.177799999999999958e+00
1.272899999999999920e+00
1.381399999999999961e+00
1.481500000000000039e+00
1.609999999999999654e+00
1.758199999999999985e+00
1.921000000000000263e+00
2.100400000000000045e+00
2.313600000000000545e+00
2.553699999999999637e+00
2.853399999999999270e+00
3.173700000000000632e+00
3.629700000000001037e+00
4.142900000000000027e+00
4.882000000000000561e+00
5.777400000000000979e+00
6.569499999999999673e+00
7.779900000000000482e+00
9.074899999999999523e+00
9.681200000000000472e+00
1.051329999999999742e+01
1.106610000000000049e+01
1.147440000000000104e+01
1.154729999999999990e+01
1.178580000000000183e+01
1.158830000000000204e+01
1.170939999999999870e+01
1.150940000000000119e+01
1.139240000000000208e+01
1.132489999999999952e+01
1.115100000000000158e+01
1.087270000000000181e+01
1.074190000000000111e+01
1.052799999999999869e+01
1.032629999999999804e+01
1.024760000000000026e+01
9.964699999999998781e+00
9.881100000000001771e+00
9.768800000000000594e+00
9.507400000000000517e+00
9.408899999999999153e+00
9.237799999999998235e+00
9.111799999999998789e+00
9.006499999999999062e+00
8.887200000000001765e+00
8.749400000000001398e+00
8.579000000000000625e+00
8.451000000000000512e+00
8.363699999999999690e+00
8.279100000000001458e+00
8.198000000000000398e+00
8.015599999999999170e+00
7.984500000000000597e+00
7.857799999999998342e+00
7.792100000000000470e+00
7.679100000000000925e+00
7.619899999999998563e+00
7.538999999999999702e+00
7.430600000000001870e+00
7.378999999999999559e+00
7.270999999999999908e+00
7.217200000000001836e+00
7.184799999999999187e+00
7.082799999999999763e+00
7.019099999999999895e+00
6.943900000000000183e+00
6.868400000000000283e+00
6.825200000000000600e+00
6.782400000000000873e+00
6.736800000000000566e+00
6.645499999999999297e+00
6.566500000000001336e+00
6.581699999999999662e+00
6.499999999999999112e+00
6.443500000000001116e+00
6.404799999999999827e+00
6.337799999999998768e+00
6.317400000000001015e+00
6.273199999999999221e+00
6.250300000000001077e+00
6.206100000000000172e+00
6.173399999999999110e+00
6.146100000000001451e+00
6.093000000000000860e+00
6.075000000000000178e+00
6.023699999999998944e+00
5.992700000000001026e+00
5.969200000000000728e+00
5.940700000000000536e+00
5.917999999999999261e+00
5.871499999999998387e+00
5.852500000000000036e+00
5.821399999999999686e+00
5.795600000000000307e+00
5.746199999999999974e+00
5.684899999999999842e+00
5.687700000000001310e+00
5.635200000000001097e+00
