1.000000000000000000e+00
1.083200000000000163e+00
1.178499999999999881e+00
1.275100000000000122e+00
1.390399999999999858e+00
1.494300000000000628e+00
1.632399999999999851e+00
1.799700000000000522e+00
1.995399999999999840e+00
2.226600000000000357e+00
2.524399999999999533e+00
2.925500000000000878e+00
3.399700000000000166e+00
4.039099999999999469e+00
5.185299999999999798e+00
6.771599999999999397e+00
9.514900000000000801e+00
1.372130000000000116e+01
1.849990000000000023e+01
2.760750000000000881e+01
3.933489999999999753e+01
4.814199999999999591e+01
6.030169999999998964e+01
7.436960000000000548e+01
8.505799999999999272e+01
9.723680000000000234e+01
1.087363000000000284e+02
1.167088000000000250e+02
1.254822000000000060e+02
1.345203000000000202e+02
1.398773000000000195e+02
1.456201999999999828e+02
1.503566000000000145e+02
1.547977999999999952e+02
1.605343000000000018e+02
1.631957000000000164e+02
1.664663999999999930e+02
1.692378999999999962e+02
1.738137999999999863e+02
1.755869999999999607e+02
1.785400999999999954e+02
1.793247999999999820e+02
1.811868000000000336e+02
1.828190999999999917e+02
1.850093999999999994e+02
1.863671999999999400e+02
1.872299000000000149e+02
1.882981000000000051e+02
1.895673000000000457e+02
1.906629000000000076e+02
1.914627000000000123e+02
1.916515000000000271e+02
1.923093000000000075e+02
1.933967000000000098e+02
1.938327999999999918e+02
1.947035999999999945e+02
1.948641999999999541e+02
1.953351000000000113e+02
1.955240999999999758e+02
1.955674999999999955e+02
1.962904999999999802e+02
1.967933000000000163e+02
1.969781999999999584e+02
1.973364999999999725e+02
1.973919999999999959e+02
1.978159999999999741e+02
1.980110000000000525e+02
1.981245000000000118e+02
1.982094000000000165e+02
1.985259999999999820e+02
1.984267999999999574e+02
1.987060999999999922e+02
1.984505999999999801e+02
1.987926999999999964e+02
1.989429000000000087e+02
1.989891000000000645e+02
1.990701999999999998e+02
1.993637999999999693e+02
1.994003999999999621e+02
1.993393000000000086e+02
1.993286999999999978e+02
1.994382000000000232e+02
1.995341999999999416e+02
1.994461999999999762e+02
1.997000999999999351e+02
1.994931000000000267e+02
1.996533000000000584e+02
1.994203000000000259e+02
1.997256999999999607e+02
1.998679999999999666e+02
1.996885000000000332e+02
1.998567999999999927e+02
1.997536999999999807e+02
1.997064000000000306e+02
1.996987000000000023e+02
1.998343000000000416e+02
1.998988000000000227e+02
1.997752999999999872e+02
1.998939000000000306e+02
1.998002000000000180e+02
