1.000000000000000000e+00
1.082500000000000240e+00
1.177599999999999980e+00
1.264699999999999935e+00
1.372700000000000031e+00
1.478800000000000336e+00
1.610400000000000276e+00
1.771299999999999875e+00
1.932199999999999918e+00
2.095600000000000129e+00
2.311799999999999411e+00
2.531900000000000706e+00
2.834900000000000642e+00
3.191600000000000215e+00
3.626499999999999613e+00
4.205199999999999605e+00
4.955900000000000638e+00
5.756700000000000372e+00
6.660999999999997812e+00
7.789699999999999847e+00
8.762900000000000134e+00
9.858600000000000918e+00
1.058309999999999640e+01
1.109169999999999767e+01
1.132150000000000034e+01
1.149479999999999791e+01
1.170869999999999678e+01
1.164210000000000100e+01
1.162149999999999928e+01
1.154100000000000215e+01
1.145289999999999786e+01
1.122219999999999729e+01
1.112139999999999951e+01
1.094119999999999848e+01
1.074610000000000198e+01
1.053810000000000002e+01
1.041049999999999898e+01
1.017400000000000126e+01
1.005089999999999861e+01
9.867000000000000881e+00
9.771699999999999164e+00
9.575400000000000134e+00
9.404500000000002302e+00
9.200999999999998735e+00
9.149200000000002220e+00
9.039400000000000546e+00
8.805899999999999395e+00
8.721999999999999531e+00
8.615599999999998815e+00
8.487800000000000011e+00
8.367099999999998872e+00
8.300900000000002166e+00
8.150999999999999801e+00
8.058999999999999275e+00
7.986200000000000188e+00
7.879700000000000593e+00
7.760299999999999976e+00
7.682600000000000762e+00
7.553899999999998727e+00
7.531999999999999140e+00
7.440300000000000580e+00
7.387100000000000222e+00
7.323399999999999466e+00
7.217500000000000249e+00
7.178000000000000824e+00
7.089099999999999291e+00
7.008200000000000429e+00
6.942699999999999427e+00
6.896200000000001218e+00
6.848599999999999355e+00
6.763199999999998546e+00
6.726799999999999891e+00
6.659000000000000696e+00
6.617799999999999905e+00
6.521700000000000941e+00
6.484999999999998543e+00
6.449499999999999567e+00
6.390900000000000247e+00
6.346599999999998687e+00
6.323500000000000121e+00
6.268299999999999095e+00
6.249300000000000743e+00
6.210899999999997867e+00
6.168099999999999028e+00
6.131000000000000227e+00
6.090299999999998271e+00
6.060199999999998255e+00
6.041100000000000136e+00
6.019300000000000317e+00
5.952200000000001268e+00
5.953699999999998660e+00
5.913499999999999091e+00
5.865600000000000591e+00
5.826599999999998225e+00
5.812300000000000466e+00
5.759900000000000020e+00
5.708299999999999486e+00
5.705699999999998440e+00
5.683199999999999363e+00
5.627500000000001279e+00
