1.000000000000000000e+00
1.082500000000000240e+00
1.177899999999999947e+00
1.266900000000000137e+00
1.379500000000000393e+00
1.492800000000000349e+00
1.639400000000000190e+00
1.824100000000000055e+00
2.016299999999999759e+00
2.219200000000000284e+00
2.526000000000000245e+00
2.879999999999999893e+00
3.398600000000000509e+00
4.032500000000000639e+00
5.116600000000000037e+00
6.952299999999999258e+00
9.787000000000000810e+00
1.348190000000000310e+01
1.885929999999999751e+01
2.696040000000000347e+01
3.665629999999999455e+01
4.887029999999998608e+01
6.274130000000000962e+01
7.306509999999998684e+01
8.336200000000000898e+01
9.453939999999998633e+01
1.061559000000000026e+02
1.160577000000000112e+02
1.249519000000000091e+02
1.342661999999999978e+02
1.410257000000000005e+02
1.453537000000000035e+02
1.527232000000000198e+02
1.536702999999999975e+02
1.592595000000000027e+02
1.650313999999999908e+02
1.679338000000000193e+02
1.704513000000000034e+02
1.729051000000000329e+02
1.755332999999999686e+02
1.788738000000000454e+02
1.795358999999999696e+02
1.812009000000000469e+02
1.831363999999999521e+02
1.846897999999999911e+02
1.854054000000000144e+02
1.874942999999999529e+02
1.882424000000000035e+02
1.902856999999999630e+02
1.904013000000000204e+02
1.908349999999999511e+02
1.919025999999999783e+02
1.924280999999999722e+02
1.932473000000000241e+02
1.939249000000000080e+02
1.942880999999999290e+02
1.946965000000000146e+02
1.956338999999999828e+02
1.953995999999999640e+02
1.962163999999999930e+02
1.965886000000000422e+02
1.966940999999999917e+02
1.968014999999999759e+02
1.976057999999999879e+02
1.974799000000000149e+02
1.977172000000000196e+02
1.978382000000000289e+02
1.979996999999999616e+02
1.980836000000000183e+02
1.981655999999999267e+02
1.984147999999999854e+02
1.986080000000000041e+02
1.985998999999999910e+02
1.989147000000000105e+02
1.988208000000000197e+02
1.989168999999999983e+02
1.992777999999999849e+02
1.991246999999999616e+02
1.991319999999999766e+02
1.993509999999999422e+02
1.994493999999999971e+02
1.992723000000000013e+02
1.994688999999999908e+02
1.994063000000000159e+02
1.996574000000000240e+02
1.996363000000000341e+02
1.995004999999999882e+02
1.996064999999999827e+02
1.996329999999999814e+02
1.996983000000000175e+02
1.996699000000000126e+02
1.997937999999999761e+02
1.997245000000000061e+02
1.998646000000000242e+02
1.997036999999999978e+02
1.998514999999999873e+02
1.998511000000000308e+02
1.998030000000000541e+02
1.998837000000000330e+02
1.997554000000000087e+02
