1.000000000000000000e+00
1.082699999999999996e+00
1.183100000000000041e+00
1.271300000000000097e+00
1.382200000000000317e+00
1.517800000000000038e+00
1.658400000000000096e+00
1.812400000000000455e+00
2.012900000000000578e+00
2.233499999999999819e+00
2.488700000000000134e+00
2.888799999999999368e+00
3.280499999999999527e+00
4.139999999999999680e+00
5.209400000000000475e+00
6.710699999999999221e+00
9.469200000000000728e+00
1.380749999999999922e+01
2.008900000000000219e+01
2.789899999999999736e+01
3.781399999999999295e+01
4.843230000000000501e+01
6.075430000000000064e+01
7.516610000000000014e+01
8.652710000000000434e+01
9.715610000000000923e+01
1.065887999999999920e+02
1.170723000000000127e+02
1.252828999999999837e+02
1.348498999999999910e+02
1.394735999999999763e+02
1.446439000000000021e+02
1.512825000000000273e+02
1.547778000000000134e+02
1.599305999999999983e+02
1.622229999999999848e+02
1.672376999999999612e+02
1.691588000000000136e+02
1.719649999999999750e+02
1.743719999999999573e+02
1.780327000000000055e+02
1.797790000000000532e+02
1.817785999999999831e+02
1.827787999999999613e+02
1.845140999999999565e+02
1.859495000000000573e+02
1.866088000000000022e+02
1.886376999999999953e+02
1.895127999999999986e+02
1.906492000000000075e+02
1.915435999999999979e+02
1.917424000000000035e+02
1.929821999999999775e+02
1.929014999999999702e+02
1.939253999999999962e+02
1.948179999999999836e+02
1.949479999999999791e+02
1.954068999999999505e+02
1.951925999999999704e+02
1.965142999999999631e+02
1.961071000000000026e+02
1.968594000000000221e+02
1.970180999999999756e+02
1.973087000000000160e+02
1.978000999999999863e+02
1.975927000000000078e+02
1.978741000000000270e+02
1.980776999999999646e+02
1.983683000000000050e+02
1.985485000000000184e+02
1.985854999999999677e+02
1.986162000000000205e+02
1.987001999999999953e+02
1.988884999999999934e+02
1.988984999999999843e+02
1.991592000000000269e+02
1.990499000000000080e+02
1.992071999999999719e+02
1.992021999999999480e+02
1.992524000000000228e+02
1.992723000000000013e+02
1.993467000000000269e+02
1.994276000000000693e+02
1.995730999999999824e+02
1.995954999999999870e+02
1.996408999999999594e+02
1.994864000000000033e+02
1.996067999999999927e+02
1.996624000000000194e+02
1.997282000000000437e+02
1.996503999999999337e+02
1.996066999999999894e+02
1.996581000000000188e+02
1.997244000000000597e+02
1.998103000000000122e+02
1.998485000000000298e+02
1.998955000000000268e+02
1.998988000000000227e+02
1.999218000000000472e+02
1.997994999999999948e+02
