1.000000000000000000e+00
1.082699999999999996e+00
1.182099999999999929e+00
1.269099999999999895e+00
1.374199999999999866e+00
1.501700000000000257e+00
1.631600000000000161e+00
1.761499999999999400e+00
1.936200000000000143e+00
2.110300000000000065e+00
2.280899999999999483e+00
2.543800000000000061e+00
2.758300000000000196e+00
3.173600000000001309e+00
3.643600000000000172e+00
4.101300000000000168e+00
4.930299999999999905e+00
5.759200000000000763e+00
6.843399999999999039e+00
7.869299999999999073e+00
8.858100000000000307e+00
9.716799999999999216e+00
1.045380000000000109e+01
1.111160000000000103e+01
1.141929999999999978e+01
1.152949999999999875e+01
1.156930000000000014e+01
1.169310000000000116e+01
1.157049999999999912e+01
1.150450000000000195e+01
1.132550000000000168e+01
1.110300000000000153e+01
1.099819999999999887e+01
1.085080000000000133e+01
1.075500000000000256e+01
1.053359999999999985e+01
1.040869999999999962e+01
1.024119999999999919e+01
1.000169999999999781e+01
9.835000000000000853e+00
9.650900000000000034e+00
9.610099999999999199e+00
9.409100000000000463e+00
9.224999999999999645e+00
9.170400000000000773e+00
8.980599999999999028e+00
8.844699999999999562e+00
8.721099999999999852e+00
8.604099999999998971e+00
8.491500000000000270e+00
8.373499999999999943e+00
8.234600000000000364e+00
8.163199999999999790e+00
8.068200000000000927e+00
7.984499999999999709e+00
7.832700000000000884e+00
7.805600000000001870e+00
7.680299999999999905e+00
7.567899999999998073e+00
7.542699999999999960e+00
7.421100000000000918e+00
7.358000000000001428e+00
7.304500000000000881e+00
7.212199999999999278e+00
7.127000000000000668e+00
7.040499999999999758e+00
7.043799999999999173e+00
6.983500000000000263e+00
6.887599999999999056e+00
6.853599999999999248e+00
6.763700000000000045e+00
6.735899999999999999e+00
6.672999999999999154e+00
6.600200000000000955e+00
6.565100000000001046e+00
6.485199999999999854e+00
6.454600000000001891e+00
6.393299999999999095e+00
6.371699999999998809e+00
6.334099999999999397e+00
6.276399999999999757e+00
6.229899999999999771e+00
6.212999999999999190e+00
6.160800000000001830e+00
6.143499999999999517e+00
6.103600000000000136e+00
6.063900000000000290e+00
6.043399999999999217e+00
6.025199999999999001e+00
5.940099999999998381e+00
5.922099999999999476e+00
5.930500000000000327e+00
5.881399999999998407e+00
5.836899999999999089e+00
5.809200000000000585e+00
5.778900000000000148e+00
5.773699999999999832e+00
5.710600000000000342e+00
5.681399999999999118e+00
5.661100000000000243e+00
