1.000000000000000000e+00
1.088600000000000012e+00
1.173699999999999966e+00
1.264800000000000146e+00
1.392300000000000093e+00
1.522899999999999920e+00
1.650500000000000078e+00
1.793099999999999916e+00
2.031399999999999650e+00
2.215999999999999748e+00
2.495999999999999996e+00
2.951900000000000190e+00
3.375199999999999978e+00
4.093599999999999461e+00
5.096200000000000507e+00
7.025900000000000034e+00
9.530700000000001282e+00
1.398629999999999640e+01
1.875690000000000168e+01
2.776529999999999632e+01
3.823780000000000001e+01
4.979429999999999268e+01
6.254230000000000445e+01
7.494169999999999732e+01
8.667069999999998231e+01
9.840789999999998372e+01
1.067152000000000100e+02
1.172822999999999922e+02
1.252590000000000003e+02
1.321263000000000147e+02
1.402487999999999886e+02
1.443610999999999933e+02
1.488331000000000017e+02
1.551559000000000310e+02
1.598492999999999995e+02
1.625832000000000050e+02
1.676847999999999672e+02
1.706816000000000031e+02
1.732010000000000218e+02
1.763331000000000017e+02
1.775625999999999465e+02
1.797552999999999770e+02
1.821839000000000226e+02
1.836499000000000024e+02
1.843186999999999784e+02
1.864450000000000500e+02
1.882969000000000221e+02
1.889690999999999974e+02
1.892976999999999919e+02
1.906638999999999839e+02
1.914814999999999827e+02
1.917572999999999865e+02
1.923853000000000293e+02
1.936694000000000244e+02
1.936312000000000353e+02
1.942991999999999848e+02
1.949651000000000067e+02
1.953973999999999762e+02
1.957087000000000216e+02
1.958170999999999822e+02
1.966053999999999746e+02
1.965018999999999778e+02
1.970659000000000276e+02
1.972019000000000233e+02
1.974826999999999657e+02
1.976457999999999799e+02
1.978379000000000190e+02
1.980622999999999934e+02
1.980531000000000006e+02
1.983285999999999660e+02
1.985729999999999791e+02
1.987280000000000371e+02
1.984495000000000005e+02
1.988946999999999719e+02
1.990150999999999897e+02
1.989944999999999595e+02
1.990608000000000288e+02
1.992091000000000065e+02
1.992116000000000042e+02
1.993425999999999760e+02
1.994139000000000408e+02
1.993885999999999967e+02
1.995908000000000300e+02
1.995988000000000113e+02
1.995288000000000181e+02
1.996407000000000380e+02
1.995198000000000036e+02
1.995604000000000440e+02
1.997249000000000194e+02
1.997556000000000154e+02
1.997348000000000070e+02
1.995472000000000605e+02
1.997404000000000224e+02
1.997463999999999658e+02
1.998112000000000137e+02
1.998368000000000109e+02
1.998345000000000198e+02
1.997969000000000221e+02
1.998705000000000211e+02
1.996876000000000317e+02
