1.000000000000000000e+00
1.088500000000000023e+00
1.172699999999999854e+00
1.262399999999999967e+00
1.384799999999999809e+00
1.507800000000000029e+00
1.624800000000000244e+00
1.745999999999999996e+00
1.951299999999999590e+00
2.087099999999999955e+00
2.295799999999999841e+00
2.582000000000000295e+00
2.826900000000000635e+00
3.206599999999999895e+00
3.594800000000000217e+00
4.197400000000000908e+00
4.916900000000000048e+00
5.792400000000001548e+00
6.585299999999998377e+00
7.830099999999999838e+00
8.943699999999997985e+00
9.853699999999999903e+00
1.062240000000000073e+01
1.101290000000000013e+01
1.147760000000000069e+01
1.154739999999999966e+01
1.158829999999999671e+01
1.167830000000000190e+01
1.162010000000000076e+01
1.155710000000000015e+01
1.134769999999999968e+01
1.127129999999999832e+01
1.096630000000000038e+01
1.088420000000000343e+01
1.068769999999999953e+01
1.047689999999999877e+01
1.043850000000000122e+01
1.024140000000000050e+01
1.011359999999999992e+01
9.921100000000000918e+00
9.651699999999998170e+00
9.576199999999998269e+00
9.371699999999998809e+00
9.256399999999999295e+00
9.155999999999998806e+00
8.974600000000000577e+00
8.864799999999998903e+00
8.750500000000000611e+00
8.589799999999998548e+00
8.557299999999999685e+00
8.392000000000001236e+00
8.293199999999998795e+00
8.166100000000001913e+00
8.059400000000000119e+00
7.935799999999999521e+00
7.851599999999999469e+00
7.785299999999999443e+00
7.708899999999998975e+00
7.597699999999998788e+00
7.507000000000001450e+00
7.426000000000000156e+00
7.379799999999999471e+00
7.283399999999999430e+00
7.205699999999999328e+00
7.161100000000000243e+00
7.100499999999998479e+00
7.026700000000000834e+00
6.973199999999999399e+00
6.897399999999999309e+00
6.855100000000001081e+00
6.762699999999998823e+00
6.732500000000000817e+00
6.645899999999999253e+00
6.604400000000000936e+00
6.560999999999999943e+00
6.504300000000000637e+00
6.439900000000001512e+00
6.394199999999999662e+00
6.370199999999999640e+00
6.331399999999999473e+00
6.278500000000000192e+00
6.253600000000001380e+00
6.162199999999999456e+00
6.178600000000001202e+00
6.138199999999999434e+00
6.067300000000000360e+00
6.058200000000000252e+00
6.012599999999999945e+00
5.986499999999999488e+00
5.972799999999999443e+00
5.939099999999999824e+00
5.896500000000000519e+00
5.871900000000000119e+00
5.847400000000000375e+00
5.805099999999999483e+00
5.773199999999999221e+00
5.713500000000001577e+00
5.710899999999998755e+00
5.672800000000000509e+00
5.648200000000000109e+00
