1.000000000000000000e+00
1.087099999999999955e+00
1.171799999999999953e+00
1.270300000000000207e+00
1.388100000000000334e+00
1.495399999999999618e+00
1.644100000000000561e+00
1.819200000000000150e+00
2.004399999999999959e+00
2.225800000000000001e+00
2.494899999999999896e+00
2.849499999999999478e+00
3.432599999999999874e+00
4.154500000000001414e+00
5.273500000000000298e+00
6.733299999999998953e+00
9.629899999999999238e+00
1.334759999999999991e+01
1.981570000000000320e+01
2.799500000000000099e+01
3.674050000000000438e+01
4.952859999999999729e+01
6.195580000000001064e+01
7.453069999999998174e+01
8.570999999999999375e+01
9.651260000000000616e+01
1.056463999999999999e+02
1.157704999999999984e+02
1.231953000000000031e+02
1.326895000000000095e+02
1.390797000000000310e+02
1.439284000000000106e+02
1.499629999999999939e+02
1.546776000000000124e+02
1.599028000000000134e+02
1.648546999999999798e+02
1.654419000000000324e+02
1.693267999999999915e+02
1.729810999999999979e+02
1.760633999999999730e+02
1.773000999999999863e+02
1.791025999999999954e+02
1.813856999999999857e+02
1.825872000000000241e+02
1.853423999999999694e+02
1.864544000000000210e+02
1.879690999999999974e+02
1.886499000000000592e+02
1.897420000000000471e+02
1.903093000000000075e+02
1.913486000000000047e+02
1.920507999999999811e+02
1.929026000000000067e+02
1.934805999999999813e+02
1.935394000000000290e+02
1.949160000000000252e+02
1.941923999999999921e+02
1.950609000000000322e+02
1.956761999999999944e+02
1.961335000000000264e+02
1.962216999999999700e+02
1.966678999999999746e+02
1.969920000000000186e+02
1.969789999999999281e+02
1.975709999999999980e+02
1.978545000000000016e+02
1.979172999999999831e+02
1.980140000000000100e+02
1.980521999999999991e+02
1.984979000000000156e+02
1.984105999999999881e+02
1.988280000000000598e+02
1.987288999999999817e+02
1.988246000000000322e+02
1.990305000000000177e+02
1.989639000000000237e+02
1.990954000000000121e+02
1.991836000000000126e+02
1.992573000000000434e+02
1.991450000000000102e+02
1.993797000000000139e+02
1.994658000000000300e+02
1.994372999999999934e+02
1.993233000000000175e+02
1.994993999999999801e+02
1.995999999999999659e+02
1.995936000000000092e+02
1.995892000000000053e+02
1.996390000000000384e+02
1.996961999999999477e+02
1.997044999999999675e+02
1.996697999999999524e+02
1.999284000000000106e+02
1.997424999999999500e+02
1.998722999999999956e+02
1.996959999999999980e+02
1.997767000000000053e+02
1.998052000000000135e+02
1.999059999999999775e+02
1.998307000000000357e+02
