1.000000000000000000e+00
1.086999999999999966e+00
1.171300000000000008e+00
1.268199999999999994e+00
1.380800000000000027e+00
1.482499999999999929e+00
1.618700000000000028e+00
1.768899999999999917e+00
1.925900000000000389e+00
2.102100000000000524e+00
2.291299999999999670e+00
2.514400000000000190e+00
2.875700000000000145e+00
3.242799999999999905e+00
3.670700000000000074e+00
4.156200000000000117e+00
4.937100000000000044e+00
5.723800000000000665e+00
6.914199999999999235e+00
7.892300000000001425e+00
8.769100000000001671e+00
9.789299999999999002e+00
1.055749999999999922e+01
1.118610000000000326e+01
1.128910000000000124e+01
1.163950000000000351e+01
1.151740000000000386e+01
1.165299999999999869e+01
1.153490000000000038e+01
1.150489999999999746e+01
1.144519999999999982e+01
1.116720000000000113e+01
1.094520000000000159e+01
1.090789999999999793e+01
1.069040000000000035e+01
1.055669999999999931e+01
1.034070000000000178e+01
1.022640000000000171e+01
1.007690000000000019e+01
9.870999999999998664e+00
9.682000000000000384e+00
9.544700000000000628e+00
9.414800000000001390e+00
9.285699999999998511e+00
9.159899999999998599e+00
9.003099999999999881e+00
8.842999999999999972e+00
8.767500000000000071e+00
8.615600000000000591e+00
8.519999999999999574e+00
8.341099999999999071e+00
8.307499999999999218e+00
8.137599999999999056e+00
8.106700000000000017e+00
7.937500000000000888e+00
7.886400000000000965e+00
7.740199999999999747e+00
7.677599999999999980e+00
7.635799999999999699e+00
7.544899999999999274e+00
7.401599999999999291e+00
7.343999999999998529e+00
7.282499999999998863e+00
7.237800000000000011e+00
7.119200000000001083e+00
7.117800000000000793e+00
7.034099999999999575e+00
6.937400000000000233e+00
6.885500000000000398e+00
6.836400000000000254e+00
6.757599999999999163e+00
6.689199999999999591e+00
6.678600000000000314e+00
6.587700000000000777e+00
6.531900000000000261e+00
6.493599999999999817e+00
6.460099999999999731e+00
6.402499999999998970e+00
6.378000000000001002e+00
6.330099999999999838e+00
6.277599999999999625e+00
6.254400000000000404e+00
6.193299999999998917e+00
6.149799999999999933e+00
6.123899999999999011e+00
6.107000000000000206e+00
6.064400000000000901e+00
6.035500000000000753e+00
5.997700000000000919e+00
5.967700000000000671e+00
5.933899999999998620e+00
5.906400000000001427e+00
5.868699999999998695e+00
5.864600000000000257e+00
5.812500000000000000e+00
5.799000000000001265e+00
5.701399999999999579e+00
5.736899999999998556e+00
5.680799999999999628e+00
5.621100000000000207e+00
