1.000000000000000000e+00
1.084399999999999809e+00
1.177199999999999802e+00
1.265699999999999825e+00
1.380099999999999882e+00
1.498299999999999743e+00
1.621099999999999763e+00
1.746700000000000141e+00
1.899799999999999933e+00
2.116400000000000059e+00
2.323099999999999721e+00
2.587900000000000311e+00
2.838299999999999823e+00
3.145399999999999530e+00
3.600299999999999834e+00
4.168700000000000294e+00
4.820499999999999119e+00
5.748100000000000875e+00
6.738699999999998802e+00
7.693400000000001349e+00
9.059499999999999886e+00
9.689299999999999358e+00
1.060940000000000083e+01
1.106469999999999843e+01
1.134660000000000046e+01
1.157810000000000095e+01
1.169229999999999769e+01
1.158740000000000059e+01
1.170989999999999931e+01
1.152029999999999887e+01
1.137800000000000011e+01
1.119770000000000287e+01
1.100440000000000040e+01
1.081319999999999659e+01
1.063389999999999880e+01
1.061470000000000091e+01
1.035200000000000031e+01
1.011759999999999771e+01
9.983800000000000452e+00
9.944899999999998741e+00
9.688200000000000145e+00
9.532400000000000873e+00
9.423600000000000421e+00
9.215500000000000469e+00
9.097099999999999298e+00
9.017499999999998295e+00
8.868799999999998462e+00
8.718800000000001660e+00
8.586600000000000676e+00
8.477500000000000924e+00
8.400100000000000122e+00
8.277300000000000324e+00
8.170900000000001384e+00
8.070999999999999730e+00
7.954800000000002314e+00
7.887499999999999289e+00
7.762099999999999334e+00
7.708100000000000840e+00
7.588000000000000966e+00
7.490900000000001668e+00
7.422299999999999010e+00
7.381500000000000838e+00
7.315799999999999415e+00
7.239799999999998903e+00
7.160600000000000520e+00
7.037700000000000955e+00
7.029100000000000570e+00
6.955999999999999517e+00
6.875199999999999534e+00
6.833499999999999019e+00
6.757299999999998086e+00
6.708599999999998786e+00
6.657200000000000450e+00
6.540099999999999802e+00
6.541399999999999437e+00
6.512700000000002376e+00
6.440799999999999415e+00
6.393599999999997507e+00
6.353299999999999059e+00
6.339599999999999014e+00
6.283099999999999241e+00
6.254499999999999282e+00
6.202199999999999491e+00
6.152800000000000935e+00
6.140299999999999869e+00
6.099100000000000854e+00
6.050800000000000622e+00
6.034699999999998177e+00
5.995899999999998897e+00
5.959299999999999820e+00
5.942199999999998816e+00
5.908500000000000085e+00
5.866599999999998261e+00
5.834800000000000431e+00
5.818299999999998917e+00
5.805899999999997618e+00
5.727099999999999191e+00
5.714200000000000834e+00
5.679600000000000648e+00
5.653099999999999348e+00
