1.000000000000000000e+00
1.084399999999999809e+00
1.177899999999999725e+00
1.268099999999999783e+00
1.385999999999999899e+00
1.511399999999999855e+00
1.649199999999999777e+00
1.790200000000000014e+00
1.977499999999999813e+00
2.237200000000000077e+00
2.528399999999999537e+00
2.949099999999999611e+00
3.417699999999999960e+00
4.032999999999999474e+00
5.163100000000000911e+00
6.835499999999999687e+00
9.158100000000001017e+00
1.362829999999999941e+01
1.949670000000000414e+01
2.707580000000000098e+01
3.920570000000000022e+01
4.832269999999999754e+01
6.261760000000000304e+01
7.355780000000000030e+01
8.539230000000002008e+01
9.735940000000000794e+01
1.068231999999999999e+02
1.163730000000000047e+02
1.241212000000000302e+02
1.325521999999999991e+02
1.394523000000000081e+02
1.432995999999999981e+02
1.507591999999999928e+02
1.536384999999999934e+02
1.596817999999999813e+02
1.626308999999999969e+02
1.671426000000000158e+02
1.704322000000000230e+02
1.728418000000000063e+02
1.752314999999999827e+02
1.783734000000000037e+02
1.808896000000000015e+02
1.817196999999999889e+02
1.829696000000000140e+02
1.849428999999999803e+02
1.865442999999999643e+02
1.873405000000000200e+02
1.887240999999999929e+02
1.887718000000000131e+02
1.904115999999999644e+02
1.910559000000000083e+02
1.919295999999999651e+02
1.930009000000000867e+02
1.924862000000000251e+02
1.945538999999999987e+02
1.944997999999999649e+02
1.946674000000000149e+02
1.949262999999999977e+02
1.957391000000000076e+02
1.957883999999999673e+02
1.967718000000000131e+02
1.968813000000000386e+02
1.970115000000000123e+02
1.972254000000000076e+02
1.974837000000000273e+02
1.977053999999999974e+02
1.978305999999999756e+02
1.979709000000000003e+02
1.982155999999999665e+02
1.981323999999999899e+02
1.986274000000000228e+02
1.987770000000000152e+02
1.988254000000000019e+02
1.988785999999999774e+02
1.990295999999999879e+02
1.988652999999999906e+02
1.990471000000000004e+02
1.992511999999999830e+02
1.991902000000000328e+02
1.992037000000000546e+02
1.992538000000000409e+02
1.993517999999999972e+02
1.995340999999999951e+02
1.994031000000000233e+02
1.995557000000000016e+02
1.994895999999999958e+02
1.996454999999999984e+02
1.995246000000000208e+02
1.995533000000000641e+02
1.996744999999999948e+02
1.996958999999999946e+02
1.997368000000000450e+02
1.996614000000000431e+02
1.998059000000000083e+02
1.998856000000000108e+02
1.998643999999999892e+02
1.998434000000000026e+02
1.998576999999999941e+02
1.998644000000000176e+02
1.998580000000000041e+02
