1.000000000000000000e+00
1.083299999999999930e+00
1.166799999999999837e+00
1.271499999999999853e+00
1.379899999999999904e+00
1.506100000000000438e+00
1.651200000000000001e+00
1.809300000000000130e+00
2.008999999999999897e+00
2.230400000000000382e+00
2.486300000000000399e+00
2.897699999999999942e+00
3.368400000000000727e+00
4.119600000000000151e+00
5.273300000000000765e+00
6.978800000000001447e+00
9.378299999999999415e+00
1.318480000000000274e+01
2.023759999999999692e+01
2.826269999999999882e+01
3.822069999999999368e+01
4.974009999999999110e+01
6.092919999999999447e+01
7.381010000000000559e+01
8.669440000000000168e+01
9.620879999999999654e+01
1.060248999999999739e+02
1.163687000000000040e+02
1.263944999999999936e+02
1.328517999999999972e+02
1.368060000000000116e+02
1.435829999999999984e+02
1.495511000000000195e+02
1.544815999999999860e+02
1.597464999999999975e+02
1.639945000000000164e+02
1.677428000000000168e+02
1.697560000000000286e+02
1.734945999999999913e+02
1.747871000000000379e+02
1.779260999999999626e+02
1.802905000000000655e+02
1.808870999999999469e+02
1.837346000000000288e+02
1.840961000000000354e+02
1.869230000000000302e+02
1.876987000000000307e+02
1.879481999999999857e+02
1.895643000000000029e+02
1.901913000000000125e+02
1.913663999999999703e+02
1.920859000000000378e+02
1.931056000000000381e+02
1.932778000000000134e+02
1.943537000000000035e+02
1.941436999999999955e+02
1.945174999999999557e+02
1.956440000000000055e+02
1.956539999999999679e+02
1.961208999999999776e+02
1.963135000000000332e+02
1.968863999999999521e+02
1.970359999999999729e+02
1.966539000000000215e+02
1.973362000000000194e+02
1.975377999999999759e+02
1.979109000000000265e+02
1.977661999999999978e+02
1.984217999999999904e+02
1.981745999999999981e+02
1.985119999999999720e+02
1.983933000000000106e+02
1.986423000000000343e+02
1.986933000000000220e+02
1.990280000000000200e+02
1.992032999999999845e+02
1.990825000000000102e+02
1.992877999999999759e+02
1.993664999999999736e+02
1.991336999999999477e+02
1.995182000000000073e+02
1.992647000000000048e+02
1.993565000000000111e+02
1.995110000000000241e+02
1.993969000000000165e+02
1.997411999999999921e+02
1.994908000000000072e+02
1.996820000000000448e+02
1.996774000000000058e+02
1.996288000000000125e+02
1.997567999999999984e+02
1.996569000000000358e+02
1.997411000000000740e+02
1.996725999999999885e+02
1.997733000000000061e+02
1.998855000000000359e+02
1.998709000000000344e+02
1.996390000000000100e+02
1.998009000000000128e+02
1.998165999999999940e+02
