1.000000000000000000e+00
1.083299999999999930e+00
1.166099999999999914e+00
1.269700000000000051e+00
1.373399999999999954e+00
1.491300000000000292e+00
1.625900000000000123e+00
1.765900000000000025e+00
1.924099999999999699e+00
2.100000000000000089e+00
2.284800000000000608e+00
2.554499999999999993e+00
2.836599999999999788e+00
3.189700000000000202e+00
3.670000000000000373e+00
4.242600000000000371e+00
4.871400000000001285e+00
5.670700000000000074e+00
6.883799999999999919e+00
7.917500000000000426e+00
8.900100000000001899e+00
9.914299999999999002e+00
1.055589999999999939e+01
1.109059999999999668e+01
1.144389999999999930e+01
1.161940000000000062e+01
1.170219999999999771e+01
1.162059999999999960e+01
1.155059999999999931e+01
1.158289999999999687e+01
1.130980000000000096e+01
1.126799999999999891e+01
1.096400000000000041e+01
1.090969999999999729e+01
1.069729999999999848e+01
1.058220000000000027e+01
1.036299999999999955e+01
1.015859999999999985e+01
1.007199999999999740e+01
9.900199999999999889e+00
9.702999999999997627e+00
9.568700000000001538e+00
9.366499999999998494e+00
9.268299999999999983e+00
9.091199999999998838e+00
8.999400000000001398e+00
8.858399999999999608e+00
8.741300000000000736e+00
8.566299999999998249e+00
8.493600000000000705e+00
8.384999999999998010e+00
8.251100000000000989e+00
8.157500000000000639e+00
8.102800000000000225e+00
8.007999999999999119e+00
7.854299999999999393e+00
7.760799999999999699e+00
7.666299999999997894e+00
7.615699999999999470e+00
7.513400000000001633e+00
7.442800000000000971e+00
7.354899999999999771e+00
7.285899999999998933e+00
7.210700000000000109e+00
7.132700000000000706e+00
7.105700000000000571e+00
7.024299999999998434e+00
6.966199999999999726e+00
6.906499999999998529e+00
6.816499999999998671e+00
6.778299999999998882e+00
6.690999999999999837e+00
6.652299999999999436e+00
6.590699999999999115e+00
6.539099999999998580e+00
6.493700000000000472e+00
6.462699999999999889e+00
6.397199999999998887e+00
6.366399999999998727e+00
6.321800000000000530e+00
6.269200000000000550e+00
6.217899999999999316e+00
6.215499999999999581e+00
6.173700000000000188e+00
6.121500000000001052e+00
6.089700000000000557e+00
6.065300000000000580e+00
6.044299999999999784e+00
6.000899999999998791e+00
5.980799999999998562e+00
5.951000000000000512e+00
5.897400000000001086e+00
5.891600000000000392e+00
5.808000000000000718e+00
5.824199999999998489e+00
5.763999999999999346e+00
5.728799999999998782e+00
5.701200000000000934e+00
5.666499999999998316e+00
5.645899999999999253e+00
