1.000000000000000000e+00
1.080699999999999994e+00
1.179000000000000048e+00
1.270799999999999930e+00
1.376500000000000057e+00
1.495599999999999818e+00
1.658700000000000063e+00
1.800899999999999723e+00
2.009099999999999664e+00
2.225999999999999979e+00
2.508100000000000218e+00
2.905400000000000205e+00
3.464500000000000579e+00
3.926499999999999879e+00
5.247700000000000031e+00
6.820699999999999541e+00
9.088900000000000645e+00
1.376710000000000100e+01
1.954680000000000106e+01
2.856160000000000210e+01
3.682430000000000092e+01
4.908859999999999957e+01
6.268329999999998847e+01
7.271989999999999554e+01
8.631090000000000373e+01
9.684629999999998518e+01
1.078264999999999816e+02
1.163666000000000054e+02
1.250134000000000185e+02
1.330169999999999959e+02
1.377134000000000071e+02
1.461316000000000201e+02
1.505658999999999992e+02
1.557687999999999988e+02
1.587728999999999928e+02
1.632847999999999900e+02
1.664361999999999853e+02
1.711881999999999664e+02
1.725801999999999907e+02
1.743222000000000094e+02
1.773742000000000303e+02
1.798881999999999834e+02
1.823489999999999895e+02
1.825829999999999984e+02
1.842258999999999673e+02
1.859286000000000172e+02
1.874522000000000617e+02
1.878989000000000260e+02
1.898893000000000484e+02
1.903570000000000562e+02
1.908213999999999828e+02
1.918626999999999612e+02
1.922281000000000120e+02
1.936591999999999700e+02
1.938572000000000060e+02
1.944761000000000024e+02
1.949869999999999948e+02
1.951804000000000201e+02
1.960187999999999704e+02
1.959183999999999628e+02
1.967252000000000294e+02
1.965147000000000048e+02
1.969650999999999783e+02
1.972393999999999892e+02
1.972982999999999834e+02
1.976758999999999560e+02
1.977389999999999759e+02
1.980978000000000350e+02
1.984745999999999810e+02
1.985593000000000075e+02
1.983697000000000514e+02
1.987136999999999887e+02
1.986968000000000529e+02
1.986982000000000426e+02
1.988481000000000165e+02
1.990774000000000115e+02
1.991188999999999965e+02
1.990558000000000050e+02
1.992652000000000498e+02
1.992978000000000236e+02
1.991879999999999882e+02
1.994381999999999948e+02
1.995123000000000388e+02
1.993822999999999581e+02
1.994928000000000168e+02
1.995773000000000366e+02
1.995672999999999888e+02
1.994724000000000501e+02
1.996710000000000207e+02
1.996964999999999861e+02
1.997850999999999715e+02
1.997575000000000500e+02
1.996163000000000523e+02
1.997526000000000295e+02
1.998890999999999849e+02
1.998472999999999900e+02
1.998020000000000493e+02
1.997482999999999720e+02
1.998977999999999895e+02
1.997903000000000020e+02
