1.000000000000000000e+00
1.080699999999999994e+00
1.178000000000000158e+00
1.268699999999999939e+00
1.370999999999999552e+00
1.480799999999999894e+00
1.629999999999999671e+00
1.755900000000000238e+00
1.924000000000000155e+00
2.096799999999999997e+00
2.310900000000000176e+00
2.551800000000000068e+00
2.868999999999999773e+00
3.106600000000000250e+00
3.679100000000000037e+00
4.176099999999999923e+00
4.809199999999999697e+00
5.704100000000000392e+00
6.780899999999999928e+00
7.962699999999999889e+00
8.768900000000000361e+00
9.778900000000000148e+00
1.062939999999999863e+01
1.103369999999999962e+01
1.142640000000000278e+01
1.156220000000000070e+01
1.173750000000000249e+01
1.164870000000000161e+01
1.157020000000000159e+01
1.147379999999999889e+01
1.136609999999999943e+01
1.116330000000000133e+01
1.108830000000000204e+01
1.087590000000000323e+01
1.066799999999999926e+01
1.054499999999999815e+01
1.044379999999999953e+01
1.024540000000000006e+01
1.004169999999999874e+01
9.827999999999999403e+00
9.656799999999998718e+00
9.547900000000002052e+00
9.413800000000000168e+00
9.273899999999999366e+00
9.110300000000000509e+00
8.979199999999998738e+00
8.887700000000000600e+00
8.715399999999998926e+00
8.673899999999999721e+00
8.476999999999998536e+00
8.385799999999999699e+00
8.264400000000000190e+00
8.150599999999998957e+00
8.069300000000001916e+00
7.986499999999999488e+00
7.894800000000000928e+00
7.746500000000000163e+00
7.652900000000000702e+00
7.618000000000000327e+00
7.529699999999999172e+00
7.443699999999998873e+00
7.345599999999999241e+00
7.307699999999999640e+00
7.205400000000000915e+00
7.169200000000000905e+00
7.098299999999999166e+00
6.984600000000001252e+00
6.971900000000000652e+00
6.878499999999998948e+00
6.830499999999999794e+00
6.782300000000000217e+00
6.725499999999999368e+00
6.647999999999999687e+00
6.601600000000001245e+00
6.551400000000001000e+00
6.501000000000000334e+00
6.451200000000000934e+00
6.395800000000000374e+00
6.403800000000001269e+00
6.312700000000001310e+00
6.251900000000000901e+00
6.259399999999999409e+00
6.204499999999999460e+00
6.163199999999999790e+00
6.109799999999999010e+00
6.101199999999998624e+00
6.075800000000000090e+00
6.040699999999999292e+00
6.020999999999999908e+00
5.977000000000000313e+00
5.916100000000000136e+00
5.903100000000000236e+00
5.884900000000000908e+00
5.821299999999999919e+00
5.821800000000000530e+00
5.761499999999999844e+00
5.749899999999999345e+00
5.708400000000001029e+00
5.677599999999999092e+00
5.615199999999998859e+00
