1.000000000000000000e+00
1.081400000000000139e+00
1.172600000000000087e+00
1.280899999999999928e+00
1.382900000000000240e+00
1.495600000000000041e+00
1.658699999999999841e+00
1.794200000000000239e+00
2.001500000000000057e+00
2.216600000000000126e+00
2.485100000000000087e+00
2.935800000000000409e+00
3.413699999999999957e+00
4.082099999999999618e+00
5.180699999999998973e+00
6.724099999999999966e+00
9.760500000000000398e+00
1.357310000000000372e+01
1.948939999999999984e+01
2.856590000000000273e+01
3.876449999999999818e+01
4.891199999999999903e+01
6.152340000000000231e+01
7.490800000000000125e+01
8.594519999999997140e+01
9.528170000000000073e+01
1.063524000000000029e+02
1.165130999999999943e+02
1.239667000000000172e+02
1.313627999999999929e+02
1.386236000000000104e+02
1.453577999999999975e+02
1.509649000000000001e+02
1.535215000000000032e+02
1.611456000000000301e+02
1.633549999999999898e+02
1.672872000000000128e+02
1.709793999999999414e+02
1.735642000000000280e+02
1.757269000000000290e+02
1.763741000000000270e+02
1.792493999999999801e+02
1.815326000000000306e+02
1.829314999999999714e+02
1.845077000000000282e+02
1.864571000000000254e+02
1.870001000000000317e+02
1.885137999999999749e+02
1.889307999999999481e+02
1.899117999999999995e+02
1.912084000000000401e+02
1.920006000000000199e+02
1.923021999999999707e+02
1.928218999999999994e+02
1.939850999999999601e+02
1.942680999999999756e+02
1.945559000000000083e+02
1.958291000000000395e+02
1.956094999999999970e+02
1.959177000000000533e+02
1.965869999999999607e+02
1.968316000000000656e+02
1.965768999999999949e+02
1.972477999999999838e+02
1.973944999999999936e+02
1.979783999999999651e+02
1.980475999999999885e+02
1.979883999999999276e+02
1.981954999999999814e+02
1.982978000000000236e+02
1.985356000000000165e+02
1.986487000000000194e+02
1.987717000000000098e+02
1.990056000000000154e+02
1.990799999999999557e+02
1.989880000000000280e+02
1.990099000000000160e+02
1.992207000000000221e+02
1.991604000000000099e+02
1.992481999999999971e+02
1.990971999999999866e+02
1.994996999999999616e+02
1.995405000000000371e+02
1.995602000000000089e+02
1.996372999999999536e+02
1.995643000000000029e+02
1.997154999999999632e+02
1.996055999999999813e+02
1.995337999999999852e+02
1.997547999999999888e+02
1.996623000000000445e+02
1.997044000000000210e+02
1.998395999999999617e+02
1.997154000000000451e+02
1.997838999999999601e+02
1.997988000000000568e+02
1.998464999999999918e+02
1.998787000000000376e+02
1.998424000000000262e+02
1.999673999999999694e+02
