1.000000000000000000e+00
1.081199999999999939e+00
1.171899999999999942e+00
1.278399999999999981e+00
1.376000000000000334e+00
1.482399999999999718e+00
1.632699999999999818e+00
1.743300000000000516e+00
1.931300000000000239e+00
2.104499999999999815e+00
2.278400000000000425e+00
2.578500000000000014e+00
2.865699999999999470e+00
3.183699999999999974e+00
3.629599999999999937e+00
4.174299999999999677e+00
4.931900000000000617e+00
5.743299999999999628e+00
6.773600000000000065e+00
7.979499999999998927e+00
8.999700000000000699e+00
9.751500000000000057e+00
1.038579999999999970e+01
1.109459999999999980e+01
1.146680000000000099e+01
1.150349999999999895e+01
1.165970000000000084e+01
1.164660000000000117e+01
1.159890000000000043e+01
1.140419999999999767e+01
1.141479999999999784e+01
1.125430000000000064e+01
1.105430000000000135e+01
1.086259999999999692e+01
1.074649999999999572e+01
1.060500000000000220e+01
1.036569999999999858e+01
1.019690000000000119e+01
1.008999999999999986e+01
9.893200000000000216e+00
9.727600000000000691e+00
9.601299999999998391e+00
9.455099999999999838e+00
9.298500000000000654e+00
9.167299999999999116e+00
9.039099999999999469e+00
8.871499999999999275e+00
8.748300000000000409e+00
8.605700000000000571e+00
8.495700000000001140e+00
8.387700000000002376e+00
8.275999999999999801e+00
8.172599999999999199e+00
8.031699999999998951e+00
7.957600000000001117e+00
7.844299999999999606e+00
7.764500000000000846e+00
7.722799999999998555e+00
7.587400000000001477e+00
7.506899999999999018e+00
7.439299999999999358e+00
7.372799999999999798e+00
7.322700000000001097e+00
7.239699999999999136e+00
7.134299999999999642e+00
7.083699999999998553e+00
6.993499999999999162e+00
6.955599999999999561e+00
6.881199999999999761e+00
6.810900000000000176e+00
6.789900000000000269e+00
6.734899999999999665e+00
6.655200000000000671e+00
6.579999999999999183e+00
6.545900000000000496e+00
6.455499999999999794e+00
6.437599999999998879e+00
6.406000000000000583e+00
6.348000000000000753e+00
6.304399999999999338e+00
6.281000000000000583e+00
6.250099999999998879e+00
6.219199999999999839e+00
6.149300000000000210e+00
6.139899999999999025e+00
6.098799999999999777e+00
6.062599999999999767e+00
6.045599999999999419e+00
6.013100000000001444e+00
5.962899999999999423e+00
5.912700000000000955e+00
5.912899999999998712e+00
5.898299999999998988e+00
5.818700000000001538e+00
5.814000000000000945e+00
5.809999999999998721e+00
5.758300000000000196e+00
5.728899999999999437e+00
5.693000000000000504e+00
5.647400000000000198e+00
