1.000000000000000000e+00
1.089700000000000113e+00
1.175300000000000011e+00
1.276899999999999924e+00
1.388300000000000312e+00
1.505200000000000093e+00
1.678099999999999925e+00
1.775900000000000034e+00
2.014299999999999979e+00
2.235900000000000443e+00
2.448599999999999888e+00
2.834300000000000708e+00
3.441399999999999793e+00
4.045800000000000729e+00
5.084799999999999542e+00
6.627799999999998803e+00
8.991900000000001114e+00
1.228049999999999997e+01
1.843440000000000367e+01
2.626190000000000069e+01
3.628540000000000276e+01
4.670950000000000557e+01
5.993459999999998900e+01
7.223000000000000398e+01
8.460870000000001312e+01
9.522400000000001796e+01
1.073932999999999964e+02
1.154874000000000223e+02
1.229861000000000075e+02
1.317272999999999854e+02
1.388087999999999909e+02
1.435448000000000093e+02
1.492812000000000126e+02
1.538040000000000020e+02
1.592324000000000410e+02
1.640298999999999694e+02
1.665670000000000073e+02
1.690818000000000154e+02
1.724005999999999403e+02
1.752403000000000191e+02
1.777561000000000320e+02
1.789970999999999606e+02
1.817019000000000233e+02
1.843125000000000000e+02
1.851671999999999798e+02
1.859268000000000143e+02
1.875078000000000316e+02
1.884722999999999615e+02
1.899270999999999674e+02
1.906437999999999704e+02
1.917103000000000179e+02
1.917327999999999975e+02
1.926966000000000463e+02
1.930668999999999755e+02
1.940607999999999720e+02
1.950430999999999813e+02
1.947595000000000027e+02
1.955503999999999962e+02
1.956827000000000112e+02
1.959441000000000486e+02
1.962165000000000248e+02
1.970692999999999699e+02
1.971338999999999828e+02
1.974945999999999913e+02
1.970211000000000183e+02
1.975912999999999613e+02
1.979161000000000001e+02
1.981396000000000299e+02
1.979250999999999578e+02
1.985911999999999864e+02
1.985373999999999910e+02
1.987224999999999966e+02
1.987710999999999615e+02
1.986333999999999946e+02
1.988015000000000043e+02
1.989225000000000136e+02
1.992493000000000336e+02
1.990138000000000034e+02
1.992681000000000608e+02
1.991732999999999834e+02
1.993387000000000171e+02
1.995041999999999689e+02
1.994176000000000215e+02
1.994244000000000199e+02
1.994831000000000074e+02
1.995602000000000089e+02
1.995637000000000398e+02
1.996011999999999773e+02
1.993799999999999955e+02
1.995654999999999859e+02
1.997256999999999891e+02
1.997477999999999838e+02
1.996788000000000238e+02
1.998712000000000160e+02
1.998490000000000180e+02
1.996439000000000306e+02
1.997987999999999715e+02
1.999396000000000413e+02
1.996886000000000081e+02
1.999204000000000008e+02
