1.000000000000000000e+00
1.080600000000000005e+00
1.175299999999999789e+00
1.267299999999999871e+00
1.384700000000000042e+00
1.506000000000000227e+00
1.640900000000000025e+00
1.802499999999999991e+00
1.997999999999999776e+00
2.193799999999999972e+00
2.499500000000000277e+00
2.812099999999999600e+00
3.327000000000000401e+00
4.055799999999999628e+00
5.094899999999999984e+00
6.517999999999999794e+00
9.064800000000001745e+00
1.256470000000000020e+01
1.796439999999999770e+01
2.563870000000000005e+01
3.616590000000000060e+01
4.645360000000000866e+01
5.971890000000000498e+01
7.126720000000001676e+01
8.314489999999999270e+01
9.634130000000000393e+01
1.047971000000000146e+02
1.143935999999999922e+02
1.212295000000000016e+02
1.334949000000000296e+02
1.374300999999999817e+02
1.444979000000000156e+02
1.511635999999999740e+02
1.554790000000000134e+02
1.588277999999999963e+02
1.645318999999999789e+02
1.668745999999999867e+02
1.698472000000000435e+02
1.728229999999999507e+02
1.767962999999999738e+02
1.773966000000000065e+02
1.793908999999999878e+02
1.808547999999999831e+02
1.830659999999999741e+02
1.853368999999999858e+02
1.865452999999999975e+02
1.875046000000000390e+02
1.891550999999999760e+02
1.892222999999999900e+02
1.907793000000000063e+02
1.916331000000000131e+02
1.916923999999999353e+02
1.930670999999999822e+02
1.932576000000000249e+02
1.942632999999999868e+02
1.946234999999999786e+02
1.951000999999999976e+02
1.952717000000000098e+02
1.955544999999999618e+02
1.962481000000000222e+02
1.967491999999999734e+02
1.965233000000000629e+02
1.972743000000000109e+02
1.972336999999999989e+02
1.973978999999999644e+02
1.975612000000000137e+02
1.976774000000000058e+02
1.981546999999999343e+02
1.983445999999999572e+02
1.980080000000000382e+02
1.986665999999999883e+02
1.985407999999999902e+02
1.986195999999999913e+02
1.985465000000000089e+02
1.987622999999999536e+02
1.989889999999999759e+02
1.990417999999999950e+02
1.992817000000000291e+02
1.992998000000000332e+02
1.992824999999999989e+02
1.993203999999999780e+02
1.992724000000000046e+02
1.994559999999999889e+02
1.994399000000000228e+02
1.995777999999999963e+02
1.995185000000000173e+02
1.996033000000000186e+02
1.996040999999999599e+02
1.996146000000000242e+02
1.997204999999999870e+02
1.997441999999999780e+02
1.996653000000000304e+02
1.997664000000000044e+02
1.997642999999999915e+02
1.997959000000000458e+02
1.997607000000000426e+02
1.997613999999999805e+02
1.997380000000000280e+02
1.998845000000000027e+02
1.998370000000000459e+02
