1.000000000000000000e+00
1.085999999999999854e+00
1.168699999999999850e+00
1.268800000000000150e+00
1.373099999999999987e+00
1.527200000000000335e+00
1.630300000000000082e+00
1.804599999999999982e+00
1.997900000000000009e+00
2.228299999999999947e+00
2.540100000000000247e+00
2.829500000000000348e+00
3.315500000000000114e+00
3.988899999999999668e+00
4.980499999999999261e+00
6.489400000000001612e+00
8.848399999999999821e+00
1.192079999999999984e+01
1.738440000000000296e+01
2.542120000000000246e+01
3.723770000000000380e+01
4.679340000000001254e+01
5.772259999999999991e+01
7.055189999999998918e+01
8.484229999999999450e+01
9.529289999999998884e+01
1.059006000000000114e+02
1.157924000000000149e+02
1.229629999999999939e+02
1.307726000000000113e+02
1.391796999999999969e+02
1.452823999999999671e+02
1.512648000000000081e+02
1.542332999999999856e+02
1.605623999999999967e+02
1.626842000000000326e+02
1.669789999999999850e+02
1.703923000000000059e+02
1.726599999999999966e+02
1.757223999999999933e+02
1.772513000000000147e+02
1.788006000000000029e+02
1.812195000000000107e+02
1.835681999999999903e+02
1.847719000000000165e+02
1.856847999999999956e+02
1.873830999999999847e+02
1.891728000000000236e+02
1.894917999999999267e+02
1.907642000000000166e+02
1.912876000000000261e+02
1.924569999999999652e+02
1.930966999999999700e+02
1.933375999999999806e+02
1.935693999999999733e+02
1.946956000000000131e+02
1.947889000000000408e+02
1.951326999999999714e+02
1.960474000000000103e+02
1.960028999999999826e+02
1.964417000000000257e+02
1.967050000000000125e+02
1.967525999999999726e+02
1.973179999999999836e+02
1.976608000000000231e+02
1.977545999999999822e+02
1.980894999999999584e+02
1.980844000000000165e+02
1.982490999999999985e+02
1.980165000000000077e+02
1.986336999999999762e+02
1.989086000000000070e+02
1.985017999999999745e+02
1.988551000000000215e+02
1.990029999999999859e+02
1.991956999999999880e+02
1.991423000000000343e+02
1.992448000000000263e+02
1.993947000000000003e+02
1.994246000000000549e+02
1.992919999999999447e+02
1.993483999999999980e+02
1.996082000000000392e+02
1.994550999999999874e+02
1.995234000000000094e+02
1.995430999999999528e+02
1.997563000000000102e+02
1.997198000000000775e+02
1.995841000000000065e+02
1.996906999999999925e+02
1.997208000000000254e+02
1.997678999999999974e+02
1.998731999999999971e+02
1.997051999999999907e+02
1.997401999999999589e+02
1.997444000000000131e+02
1.998163999999999874e+02
1.997304000000000315e+02
1.998874999999999886e+02
1.998806000000000154e+02
