1.000000000000000000e+00
1.078100000000000058e+00
1.172499999999999876e+00
1.271099999999999897e+00
1.362300000000000288e+00
1.482000000000000206e+00
1.625299999999999967e+00
1.777699999999999836e+00
1.931199999999999806e+00
2.102599999999999802e+00
2.310400000000000453e+00
2.512500000000000178e+00
2.834600000000000009e+00
3.205199999999999605e+00
3.624599999999999600e+00
4.075899999999999856e+00
4.898499999999999410e+00
5.650799999999999379e+00
6.587199999999999278e+00
7.662999999999999368e+00
8.799900000000000944e+00
9.985099999999999199e+00
1.041170000000000151e+01
1.122299999999999898e+01
1.175309999999999633e+01
1.183229999999999826e+01
1.190750000000000064e+01
1.171780000000000044e+01
1.180969999999999942e+01
1.166380000000000194e+01
1.159380000000000344e+01
1.132090000000000174e+01
1.125229999999999997e+01
1.100609999999999822e+01
1.094890000000000185e+01
1.065949999999999775e+01
1.048489999999999789e+01
1.035069999999999979e+01
1.019630000000000081e+01
9.999100000000002098e+00
9.902800000000000935e+00
9.709099999999999397e+00
9.626499999999998280e+00
9.373900000000000787e+00
9.226500000000001478e+00
9.138400000000000745e+00
8.986599999999999255e+00
8.844599999999998019e+00
8.696299999999999031e+00
8.594900000000000873e+00
8.464700000000000557e+00
8.335499999999999687e+00
8.263800000000001589e+00
8.167700000000001737e+00
8.107000000000001094e+00
7.928500000000000547e+00
7.896599999999999397e+00
7.797900000000001164e+00
7.718199999999999505e+00
7.632999999999999119e+00
7.533700000000001396e+00
7.473800000000000665e+00
7.391399999999999970e+00
7.331699999999998774e+00
7.212899999999999423e+00
7.160199999999998788e+00
7.114700000000001801e+00
7.047099999999999476e+00
7.007900000000001128e+00
6.933400000000000674e+00
6.871400000000001285e+00
6.818500000000000227e+00
6.755400000000000738e+00
6.693799999999999528e+00
6.641000000000001791e+00
6.582999999999999297e+00
6.535300000000001219e+00
6.477599999999999802e+00
6.464099999999999291e+00
6.391499999999998849e+00
6.379599999999999937e+00
6.333699999999998553e+00
6.272899999999999920e+00
6.255499999999999616e+00
6.210499999999999687e+00
6.155899999999999039e+00
6.146899999999999586e+00
6.091999999999999638e+00
6.088700000000000223e+00
6.044999999999999929e+00
6.019199999999999662e+00
5.984700000000000131e+00
5.969300000000000495e+00
5.939400000000000901e+00
5.913800000000000168e+00
5.889200000000000657e+00
5.868300000000001404e+00
5.839599999999999014e+00
5.781799999999998718e+00
5.771900000000000475e+00
