1.000000000000000000e+00
1.077800000000000091e+00
1.167699999999999960e+00
1.274000000000000021e+00
1.364700000000000024e+00
1.488100000000000200e+00
1.636100000000000332e+00
1.751299999999999635e+00
1.910400000000000098e+00
2.080999999999999961e+00
2.316400000000000237e+00
2.534900000000000375e+00
2.795199999999999907e+00
3.093700000000000561e+00
3.534600000000000186e+00
4.088700000000000223e+00
4.809100000000000819e+00
5.595099999999998630e+00
6.611399999999999721e+00
7.625099999999999767e+00
8.694700000000000983e+00
9.886799999999999145e+00
1.047290000000000276e+01
1.096280000000000143e+01
1.161330000000000240e+01
1.179759999999999742e+01
1.205089999999999861e+01
1.187709999999999866e+01
1.173870000000000147e+01
1.177680000000000149e+01
1.163220000000000098e+01
1.138049999999999962e+01
1.129990000000000272e+01
1.112349999999999994e+01
1.087519999999999953e+01
1.072579999999999956e+01
1.048720000000000319e+01
1.034719999999999729e+01
1.015530000000000044e+01
1.002409999999999890e+01
9.886199999999998766e+00
9.679100000000000037e+00
9.595800000000000551e+00
9.426500000000000767e+00
9.292200000000001125e+00
9.109100000000001529e+00
9.006100000000001771e+00
8.869199999999999307e+00
8.713699999999999335e+00
8.625999999999999446e+00
8.500499999999998835e+00
8.414699999999999847e+00
8.301800000000000068e+00
8.133999999999998565e+00
8.057800000000002072e+00
7.984599999999999476e+00
7.884900000000000020e+00
7.814899999999999736e+00
7.720299999999999940e+00
7.594699999999999562e+00
7.540400000000000880e+00
7.484600000000000364e+00
7.382500000000000284e+00
7.342299999999999827e+00
7.251500000000000057e+00
7.200500000000000789e+00
7.175700000000000855e+00
7.074400000000001576e+00
7.019299999999999429e+00
6.953399999999999359e+00
6.915999999999996817e+00
6.798099999999999810e+00
6.788700000000001289e+00
6.706999999999998074e+00
6.647500000000000853e+00
6.586600000000000676e+00
6.565700000000000536e+00
6.479199999999999626e+00
6.454900000000001192e+00
6.424499999999999211e+00
6.372999999999998444e+00
6.338200000000000500e+00
6.287599999999998523e+00
6.268899999999999473e+00
6.233900000000000219e+00
6.202299999999999258e+00
6.160000000000000142e+00
6.116999999999999105e+00
6.098500000000000476e+00
6.069299999999999251e+00
6.017199999999999882e+00
6.017100000000000115e+00
5.968200000000000394e+00
5.974500000000000810e+00
5.937099999999999156e+00
5.892900000000000027e+00
5.866700000000000692e+00
5.825599999999999667e+00
5.813599999999999213e+00
5.792599999999998417e+00
