1.000000000000000000e+00
1.083900000000000086e+00
1.173700000000000188e+00
1.272799999999999931e+00
1.385500000000000176e+00
1.519400000000000084e+00
1.630300000000000082e+00
1.791299999999999892e+00
1.974099999999999966e+00
2.196000000000000174e+00
2.511800000000000033e+00
2.847300000000000164e+00
3.268500000000000405e+00
4.031600000000000072e+00
4.986799999999999677e+00
6.499700000000000699e+00
8.826799999999998647e+00
1.282360000000000078e+01
1.911330000000000240e+01
2.706280000000000285e+01
3.683720000000000283e+01
4.640999999999999659e+01
5.938229999999999364e+01
7.113920000000000243e+01
8.404609999999996717e+01
9.526950000000000784e+01
1.068566999999999894e+02
1.157625999999999635e+02
1.238503000000000043e+02
1.307344999999999970e+02
1.378461999999999819e+02
1.434125000000000227e+02
1.503487000000000080e+02
1.555265999999999735e+02
1.576490000000000009e+02
1.617640999999999849e+02
1.684994999999999834e+02
1.689995000000000118e+02
1.735536999999999637e+02
1.752518000000000029e+02
1.778897999999999513e+02
1.793156999999999925e+02
1.821886000000000081e+02
1.834897999999999456e+02
1.858627999999999929e+02
1.858020999999999958e+02
1.884020999999999901e+02
1.884643999999999835e+02
1.896110000000000184e+02
1.899913000000000238e+02
1.912524999999999977e+02
1.920539999999999736e+02
1.927814999999999657e+02
1.943640000000000043e+02
1.944040999999999997e+02
1.943370999999999924e+02
1.948112999999999602e+02
1.956728999999999701e+02
1.957624999999999602e+02
1.955641999999999712e+02
1.964548000000000343e+02
1.961215999999999724e+02
1.971642999999999688e+02
1.973746000000000151e+02
1.974250999999999578e+02
1.974115999999999929e+02
1.980203000000000202e+02
1.977912000000000035e+02
1.980088999999999544e+02
1.984678000000000111e+02
1.986151000000000124e+02
1.985095000000000027e+02
1.988094999999999573e+02
1.988954999999999984e+02
1.989737999999999829e+02
1.990012000000000398e+02
1.990717000000000212e+02
1.989938000000000500e+02
1.991716000000000122e+02
1.993758000000000550e+02
1.994388000000000147e+02
1.994819999999999425e+02
1.994009000000000071e+02
1.996049000000000149e+02
1.995667000000000257e+02
1.995428999999999746e+02
1.995336000000000354e+02
1.996710000000000491e+02
1.996947999999999581e+02
1.996085000000000207e+02
1.997637999999999749e+02
1.996538000000000181e+02
1.998998000000000275e+02
1.998379000000000190e+02
1.998070000000000448e+02
1.998419000000000665e+02
1.998123000000000786e+02
1.998456000000000188e+02
1.999225999999999885e+02
1.998575000000000443e+02
