1.000000000000000000e+00
1.081600000000000117e+00
1.164700000000000069e+00
1.272299999999999986e+00
1.370200000000000085e+00
1.499899999999999789e+00
1.613600000000000145e+00
1.767599999999999838e+00
1.930999999999999606e+00
2.103600000000000136e+00
2.297799999999999621e+00
2.561700000000000088e+00
2.791199999999999459e+00
3.166800000000000281e+00
3.578499999999999570e+00
4.209800000000000431e+00
4.797000000000000597e+00
5.710400000000000809e+00
6.657700000000000173e+00
7.888799999999999812e+00
8.746499999999999275e+00
9.758699999999999264e+00
1.076490000000000258e+01
1.108049999999999891e+01
1.139840000000000408e+01
1.179529999999999745e+01
1.181080000000000219e+01
1.181819999999999737e+01
1.185609999999999964e+01
1.161880000000000024e+01
1.154749999999999943e+01
1.139809999999999945e+01
1.129809999999999981e+01
1.099110000000000120e+01
1.084619999999999962e+01
1.071729999999999983e+01
1.052099999999999902e+01
1.031900000000000084e+01
1.016809999999999903e+01
9.988999999999998991e+00
9.848400000000001597e+00
9.685800000000002186e+00
9.506800000000000139e+00
9.404199999999997672e+00
9.235100000000000975e+00
9.066000000000000725e+00
8.987199999999999633e+00
8.797699999999998965e+00
8.687899999999999068e+00
8.540100000000000691e+00
8.452099999999999724e+00
8.330899999999999750e+00
8.243700000000000472e+00
8.175400000000001555e+00
8.060499999999999332e+00
7.924399999999999444e+00
7.826699999999999768e+00
7.816099999999998715e+00
7.705499999999999794e+00
7.583600000000000563e+00
7.518100000000000449e+00
7.426500000000000767e+00
7.340600000000002900e+00
7.298199999999999577e+00
7.234899999999998776e+00
7.176300000000000345e+00
7.103699999999999903e+00
7.019500000000000739e+00
6.987700000000001133e+00
6.911799999999999500e+00
6.863699999999998802e+00
6.752199999999999314e+00
6.764800000000000146e+00
6.676900000000000723e+00
6.655699999999999505e+00
6.575999999999998735e+00
6.527599999999998737e+00
6.444500000000000561e+00
6.416299999999999670e+00
6.361399999999998833e+00
6.360500000000000931e+00
6.322799999999999976e+00
6.259200000000000763e+00
6.216900000000000759e+00
6.214800000000000324e+00
6.172999999999998266e+00
6.128799999999999137e+00
6.118800000000000239e+00
6.062200000000001587e+00
6.046700000000000408e+00
6.010200000000001097e+00
5.972400000000000375e+00
5.958599999999998786e+00
5.928999999999999382e+00
5.892399999999998528e+00
5.871399999999999508e+00
5.834900000000001086e+00
5.784099999999999575e+00
5.754100000000001103e+00
5.745899999999998897e+00
