1.000000000000000000e+00
1.081099999999999950e+00
1.171799999999999953e+00
1.268500000000000183e+00
1.369399999999999729e+00
1.503800000000000248e+00
1.639200000000000212e+00
1.813299999999999912e+00
1.983400000000000052e+00
2.227199999999999847e+00
2.466899999999999871e+00
2.877899999999999459e+00
3.278499999999999748e+00
3.979500000000000259e+00
4.946699999999999875e+00
6.474899999999999878e+00
9.320399999999999352e+00
1.195770000000000266e+01
1.845200000000000173e+01
2.522390000000000043e+01
3.504379999999999740e+01
4.569540000000000646e+01
5.848149999999999693e+01
7.166570000000000107e+01
8.501899999999999125e+01
9.315720000000001733e+01
1.042165999999999997e+02
1.158671999999999969e+02
1.239767999999999830e+02
1.302451999999999828e+02
1.379102000000000032e+02
1.445272999999999968e+02
1.496276000000000010e+02
1.538389999999999986e+02
1.611217000000000326e+02
1.635195999999999970e+02
1.673730999999999653e+02
1.692296000000000049e+02
1.722935999999999979e+02
1.746252000000000066e+02
1.778104999999999620e+02
1.798251999999999953e+02
1.822825999999999738e+02
1.830871999999999673e+02
1.844134999999999991e+02
1.855512999999999977e+02
1.872660999999999945e+02
1.882648000000000081e+02
1.892549999999999955e+02
1.905427000000000533e+02
1.912438999999999965e+02
1.918437000000000126e+02
1.923786999999999523e+02
1.929672000000000480e+02
1.935484000000000151e+02
1.948755000000000166e+02
1.949018000000000086e+02
1.952889999999999873e+02
1.953853000000000293e+02
1.963021999999999991e+02
1.963957000000000335e+02
1.969277000000000157e+02
1.970034999999999741e+02
1.972437000000000182e+02
1.975037999999999840e+02
1.979865000000000066e+02
1.978089999999999691e+02
1.980941999999999439e+02
1.985282999999999447e+02
1.984841999999999871e+02
1.983592999999999620e+02
1.986678000000000281e+02
1.986006999999999891e+02
1.988184999999999718e+02
1.988350000000000080e+02
1.988246000000000038e+02
1.989762000000000342e+02
1.991022999999999854e+02
1.993216999999999928e+02
1.992448000000000548e+02
1.993592999999999620e+02
1.994430999999999869e+02
1.993637999999999693e+02
1.994285000000000139e+02
1.996936999999999784e+02
1.996230000000000189e+02
1.996397999999999513e+02
1.996278999999999826e+02
1.997401000000000124e+02
1.998063999999999965e+02
1.997228000000000350e+02
1.996124000000000649e+02
1.996504999999999939e+02
1.999294000000000722e+02
1.997729000000000497e+02
1.998528000000000304e+02
1.998806000000000438e+02
1.998617000000000132e+02
1.998337999999999681e+02
1.999182999999999879e+02
