1.000000000000000000e+00
1.083600000000000119e+00
1.176900000000000057e+00
1.271000000000000130e+00
1.380900000000000016e+00
1.493899999999999784e+00
1.619599999999999707e+00
1.776100000000000234e+00
1.935200000000000031e+00
2.091600000000000126e+00
2.278100000000000236e+00
2.542499999999999538e+00
2.805000000000000160e+00
3.156299999999999883e+00
3.630299999999999638e+00
4.247399999999999842e+00
4.839399999999999480e+00
5.579999999999999183e+00
6.534299999999999109e+00
7.726999999999999424e+00
8.867799999999999017e+00
9.634800000000000253e+00
1.055480000000000018e+01
1.112609999999999921e+01
1.154179999999999851e+01
1.180869999999999820e+01
1.179890000000000327e+01
1.195180000000000220e+01
1.173589999999999911e+01
1.174829999999999863e+01
1.152779999999999916e+01
1.139589999999999925e+01
1.118090000000000295e+01
1.099289999999999878e+01
1.080059999999999931e+01
1.059979999999999833e+01
1.052810000000000024e+01
1.035820000000000007e+01
1.013529999999999909e+01
1.001409999999999911e+01
9.880499999999999616e+00
9.636900000000000688e+00
9.554300000000001347e+00
9.375499999999998835e+00
9.188999999999998280e+00
9.066200000000002035e+00
8.947899999999998855e+00
8.850299999999998946e+00
8.684699999999999420e+00
8.595300000000001717e+00
8.474600000000000577e+00
8.353900000000001214e+00
8.299599999999999866e+00
8.130499999999999616e+00
8.051499999999998991e+00
7.952999999999999403e+00
7.831700000000000550e+00
7.761599999999999611e+00
7.690899999999999181e+00
7.626199999999998980e+00
7.542899999999999494e+00
7.469400000000002038e+00
7.401099999999997792e+00
7.320100000000000051e+00
7.234300000000001063e+00
7.150199999999999001e+00
7.094199999999999839e+00
7.054600000000000648e+00
6.986999999999999211e+00
6.894299999999999429e+00
6.853300000000000836e+00
6.777499999999999858e+00
6.756199999999999761e+00
6.690700000000000536e+00
6.633299999999999308e+00
6.565700000000000536e+00
6.497799999999998910e+00
6.477500000000000036e+00
6.453099999999998282e+00
6.377600000000000158e+00
6.374700000000000699e+00
6.313099999999999490e+00
6.254599999999999937e+00
6.228699999999999903e+00
6.200900000000000745e+00
6.162300000000000111e+00
6.131100000000000882e+00
6.088799999999999102e+00
6.070299999999999585e+00
6.046099999999999142e+00
6.013000000000000789e+00
5.981500000000000483e+00
5.942199999999998816e+00
5.913100000000000911e+00
5.902200000000000557e+00
5.881199999999999761e+00
5.840999999999999304e+00
5.782999999999999474e+00
5.795599999999999419e+00
5.739200000000000301e+00
