1.000000000000000000e+00
1.083799999999999875e+00
1.173200000000000243e+00
1.270999999999999908e+00
1.379499999999999948e+00
1.506200000000000427e+00
1.609100000000000641e+00
1.747500000000000053e+00
1.907100000000000017e+00
2.081799999999999873e+00
2.302800000000000402e+00
2.531600000000000072e+00
2.771900000000000031e+00
3.167499999999999982e+00
3.593099999999999294e+00
4.099099999999999966e+00
4.830199999999999605e+00
5.642599999999999838e+00
6.717000000000000526e+00
7.790999999999999481e+00
8.933099999999999596e+00
9.763600000000000279e+00
1.063200000000000323e+01
1.114460000000000051e+01
1.156680000000000241e+01
1.175399999999999778e+01
1.183500000000000085e+01
1.182859999999999978e+01
1.179230000000000089e+01
1.162710000000000221e+01
1.159060000000000024e+01
1.132979999999999876e+01
1.126109999999999900e+01
1.105030000000000001e+01
1.083460000000000001e+01
1.065690000000000026e+01
1.051270000000000060e+01
1.029529999999999923e+01
1.015829999999999878e+01
9.948399999999999466e+00
9.877599999999999270e+00
9.704100000000000392e+00
9.553599999999999426e+00
9.440699999999997871e+00
9.225300000000000722e+00
9.084100000000001174e+00
9.005400000000001626e+00
8.833300000000001262e+00
8.683600000000000207e+00
8.599200000000001509e+00
8.481799999999999784e+00
8.373400000000000176e+00
8.308100000000001373e+00
8.137499999999999289e+00
8.046200000000000685e+00
7.949699999999999989e+00
7.875500000000000611e+00
7.779799999999999827e+00
7.682900000000000951e+00
7.589100000000001067e+00
7.554199999999999804e+00
7.455599999999999561e+00
7.392599999999998950e+00
7.283400000000000318e+00
7.264500000000000846e+00
7.184799999999999187e+00
7.096199999999998731e+00
7.051399999999998336e+00
7.005199999999999427e+00
6.931300000000000239e+00
6.840300000000000935e+00
6.795099999999998808e+00
6.747099999999999653e+00
6.663899999999999935e+00
6.633000000000000895e+00
6.548000000000000931e+00
6.526299999999999102e+00
6.482700000000001239e+00
6.455500000000000682e+00
6.380300000000000971e+00
6.364899999999998670e+00
6.297700000000000742e+00
6.267300000000000537e+00
6.240499999999999936e+00
6.209999999999999076e+00
6.165199999999998681e+00
6.139000000000001123e+00
6.119199999999998418e+00
6.080299999999999372e+00
6.059799999999999187e+00
6.014399999999999302e+00
5.972899999999999210e+00
5.970600000000001017e+00
5.909500000000000419e+00
5.887999999999998124e+00
5.863999999999998991e+00
5.857800000000000118e+00
5.805800000000000516e+00
5.770500000000001073e+00
5.729700000000000237e+00
