1.000000000000000000e+00
1.080600000000000005e+00
1.174699999999999855e+00
1.264799999999999924e+00
1.378300000000000303e+00
1.492500000000000382e+00
1.616499999999999826e+00
1.758099999999999996e+00
1.922999999999999821e+00
2.068599999999999994e+00
2.299399999999999888e+00
2.503200000000000092e+00
2.808000000000000274e+00
3.176399999999999668e+00
3.601799999999999446e+00
4.126800000000000246e+00
4.816799999999999748e+00
5.575799999999999201e+00
6.552899999999999281e+00
7.601599999999998580e+00
8.890100000000000335e+00
9.705299999999999372e+00
1.059010000000000140e+01
1.113589999999999947e+01
1.139060000000000450e+01
1.181020000000000181e+01
1.178910000000000124e+01
1.188250000000000206e+01
1.169949999999999513e+01
1.181630000000000180e+01
1.148569999999999958e+01
1.129420000000000002e+01
1.128399999999999714e+01
1.107619999999999827e+01
1.084779999999999767e+01
1.072020000000000017e+01
1.059149999999999814e+01
1.037260000000000204e+01
1.019009999999999927e+01
1.009450000000000003e+01
9.790199999999998681e+00
9.755600000000001160e+00
9.537200000000000344e+00
9.345599999999999241e+00
9.257100000000001216e+00
9.105999999999999872e+00
8.895299999999998875e+00
8.848399999999999821e+00
8.703099999999999170e+00
8.612199999999999633e+00
8.486200000000000188e+00
8.344699999999999562e+00
8.296999999999998820e+00
8.169600000000000861e+00
8.085900000000002308e+00
7.968500000000000583e+00
7.857200000000000628e+00
7.758899999999998798e+00
7.726599999999999469e+00
7.613800000000000345e+00
7.538800000000001056e+00
7.455300000000001148e+00
7.382100000000000328e+00
7.343900000000001427e+00
7.236499999999999488e+00
7.192199999999998816e+00
7.149899999999999700e+00
7.025000000000001243e+00
6.974599999999997912e+00
6.946800000000000530e+00
6.817599999999998772e+00
6.793300000000000338e+00
6.760900000000000354e+00
6.725399999999999601e+00
6.650900000000001810e+00
6.604200000000002291e+00
6.535799999999999166e+00
6.467200000000000060e+00
6.414700000000001623e+00
6.386799999999999145e+00
6.388400000000000745e+00
6.341699999999999449e+00
6.271100000000001451e+00
6.224499999999999034e+00
6.224000000000001087e+00
6.184899999999999842e+00
6.138200000000000323e+00
6.105400000000000382e+00
6.080899999999998862e+00
6.057400000000001228e+00
6.033299999999997887e+00
6.011599999999999611e+00
5.960799999999998988e+00
5.932300000000001461e+00
5.909999999999999254e+00
5.893900000000001249e+00
5.856199999999998518e+00
5.833000000000001073e+00
5.781500000000001194e+00
5.740800000000001901e+00
