1.000000000000000000e+00
1.085900000000000087e+00
1.168499999999999872e+00
1.266700000000000159e+00
1.366799999999999793e+00
1.512600000000000167e+00
1.606600000000000250e+00
1.758800000000000141e+00
1.921099999999999808e+00
2.089700000000000113e+00
2.325800000000000090e+00
2.507700000000000262e+00
2.807200000000000362e+00
3.149999999999999467e+00
3.571599999999999664e+00
4.122899999999999565e+00
4.789699999999999847e+00
5.391600000000002169e+00
6.477099999999999191e+00
7.627399999999998847e+00
8.926599999999998758e+00
9.649400000000001754e+00
1.047329999999999650e+01
1.107970000000000255e+01
1.163329999999999842e+01
1.179089999999999883e+01
1.178299999999999947e+01
1.200519999999999676e+01
1.173369999999999713e+01
1.178280000000000172e+01
1.160149999999999793e+01
1.146519999999999939e+01
1.125459999999999994e+01
1.117330000000000112e+01
1.100969999999999871e+01
1.072350000000000136e+01
1.049109999999999943e+01
1.039090000000000202e+01
1.024549999999999805e+01
1.005930000000000035e+01
9.855800000000002115e+00
9.748399999999998400e+00
9.584699999999999775e+00
9.457199999999998496e+00
9.282700000000000173e+00
9.066100000000000492e+00
8.963199999999998724e+00
8.907700000000000173e+00
8.778400000000001313e+00
8.623200000000002419e+00
8.507200000000000983e+00
8.396699999999999164e+00
8.293400000000000105e+00
8.168100000000000804e+00
8.098499999999999588e+00
8.007799999999999585e+00
7.862599999999999589e+00
7.798999999999999488e+00
7.767300000000000537e+00
7.626800000000000246e+00
7.584699999999998887e+00
7.485100000000000087e+00
7.410000000000000142e+00
7.370700000000002028e+00
7.297699999999999854e+00
7.167499999999998650e+00
7.150000000000000355e+00
7.062900000000000844e+00
7.003999999999999559e+00
6.940199999999999925e+00
6.918300000000000338e+00
6.817099999999999937e+00
6.778099999999999348e+00
6.748300000000000409e+00
6.675100000000001366e+00
6.602800000000001113e+00
6.563099999999999490e+00
6.541600000000000747e+00
6.479800000000000004e+00
6.417500000000001315e+00
6.368399999999999395e+00
6.362600000000001366e+00
6.286800000000000388e+00
6.262799999999999478e+00
6.236000000000000654e+00
6.225499999999999368e+00
6.164400000000000546e+00
6.134899999999999132e+00
6.097400000000000375e+00
6.058699999999999974e+00
6.038599999999998857e+00
6.010000000000001563e+00
5.984600000000000364e+00
5.932400000000000340e+00
5.961000000000000298e+00
5.885500000000000398e+00
5.870299999999999407e+00
5.863999999999999879e+00
5.803899999999999615e+00
5.762199999999999100e+00
