1.000000000000000000e+00
1.089700000000000113e+00
1.174900000000000055e+00
1.273700000000000054e+00
1.381899999999999906e+00
1.491700000000000248e+00
1.647700000000000164e+00
1.733600000000000030e+00
1.933499999999999552e+00
2.108299999999999841e+00
2.271800000000000264e+00
2.530499999999999972e+00
2.872400000000000286e+00
3.194399999999999906e+00
3.591299999999999937e+00
4.096499999999998920e+00
4.803499999999999659e+00
5.503499999999999837e+00
6.560299999999999798e+00
7.713799999999999990e+00
8.863799999999999457e+00
9.786800000000001276e+00
1.058049999999999891e+01
1.123079999999999856e+01
1.153749999999999964e+01
1.174250000000000149e+01
1.191609999999999658e+01
1.197300000000000253e+01
1.168409999999999904e+01
1.177989999999999959e+01
1.156240000000000023e+01
1.136449999999999783e+01
1.115220000000000056e+01
1.109280000000000221e+01
1.092420000000000080e+01
1.072179999999999822e+01
1.054460000000000086e+01
1.032980000000000054e+01
1.022629999999999839e+01
9.976399999999999935e+00
9.861200000000001964e+00
9.726100000000000634e+00
9.585399999999999920e+00
9.419199999999998241e+00
9.271800000000002484e+00
9.060799999999998633e+00
8.973099999999998744e+00
8.796899999999999054e+00
8.710300000000000153e+00
8.578800000000002868e+00
8.471199999999999619e+00
8.371499999999999275e+00
8.301099999999998147e+00
8.198300000000001475e+00
8.096100000000001629e+00
8.001500000000000057e+00
7.867400000000000837e+00
7.799899999999999167e+00
7.698699999999999655e+00
7.586999999999999744e+00
7.492599999999999483e+00
7.434699999999999420e+00
7.378599999999998715e+00
7.347599999999999909e+00
7.237499999999999822e+00
7.162399999999999878e+00
7.059299999999999464e+00
7.060600000000001764e+00
6.994600000000000151e+00
6.882400000000000517e+00
6.855700000000001459e+00
6.808499999999998664e+00
6.727200000000001623e+00
6.694100000000000605e+00
6.621800000000000352e+00
6.583300000000000374e+00
6.536000000000000476e+00
6.495600000000000485e+00
6.428300000000000125e+00
6.382199999999999207e+00
6.340899999999999537e+00
6.310799999999999521e+00
6.287000000000000810e+00
6.226899999999999658e+00
6.217300000000001603e+00
6.175499999999999545e+00
6.136400000000000077e+00
6.104500000000001592e+00
6.087600000000000122e+00
6.036199999999999122e+00
6.031099999999997685e+00
6.016399999999999970e+00
5.956299999999999706e+00
5.933599999999999319e+00
5.880499999999999616e+00
5.854800000000000004e+00
5.822700000000000209e+00
5.825699999999999434e+00
5.749299999999998079e+00
5.747000000000000774e+00
