1.000000000000000000e+00
1.083600000000000119e+00
1.177599999999999980e+00
1.273800000000000043e+00
1.386800000000000033e+00
1.509199999999999875e+00
1.647700000000000387e+00
1.822799999999999754e+00
2.021700000000000053e+00
2.209899999999999753e+00
2.498199999999999754e+00
2.886800000000000477e+00
3.302500000000000213e+00
4.039399999999999658e+00
5.139800000000000146e+00
6.897700000000001275e+00
9.185600000000000875e+00
1.255259999999999998e+01
1.778899999999999793e+01
2.646280000000000143e+01
3.631459999999999866e+01
4.606220000000001136e+01
5.828369999999999607e+01
7.133729999999999905e+01
8.269589999999999463e+01
9.497409999999999286e+01
1.051538000000000039e+02
1.168158999999999992e+02
1.238092000000000041e+02
1.310774000000000115e+02
1.374077000000000055e+02
1.449483000000000175e+02
1.498957000000000050e+02
1.554614000000000260e+02
1.584801999999999964e+02
1.617442999999999813e+02
1.659977000000000089e+02
1.690959999999999752e+02
1.721636000000000024e+02
1.754280999999999437e+02
1.773687000000000182e+02
1.798247000000000071e+02
1.816786999999999921e+02
1.830485999999999649e+02
1.851581000000000188e+02
1.861120999999999981e+02
1.875200000000000102e+02
1.883170999999999538e+02
1.888558999999999912e+02
1.904298000000000002e+02
1.911979000000000042e+02
1.916954999999999814e+02
1.925841000000000349e+02
1.932413000000000238e+02
1.938632000000000062e+02
1.939679999999999893e+02
1.951261999999999546e+02
1.951479999999999961e+02
1.957429999999999950e+02
1.961926999999999737e+02
1.965609000000000037e+02
1.967577999999999747e+02
1.969754000000000076e+02
1.972496000000000151e+02
1.974942000000000064e+02
1.976282999999999674e+02
1.979277000000000157e+02
1.980334000000000287e+02
1.982057000000000357e+02
1.983714999999999691e+02
1.985667000000000257e+02
1.985090000000000146e+02
1.987062999999999988e+02
1.990525999999999840e+02
1.989678999999999860e+02
1.990239999999999725e+02
1.991477999999999895e+02
1.991718000000000472e+02
1.991820999999999913e+02
1.992270000000000039e+02
1.993931000000000608e+02
1.994277000000000157e+02
1.994385000000000616e+02
1.995845999999999947e+02
1.996539999999999679e+02
1.995013999999999896e+02
1.996748000000000047e+02
1.997692000000000121e+02
1.997164999999999395e+02
1.996444000000000187e+02
1.998900000000000432e+02
1.996803000000000168e+02
1.998357000000000312e+02
1.996676999999999680e+02
1.998263000000000602e+02
1.999612000000000762e+02
1.998576999999999941e+02
1.997954000000000008e+02
1.998084000000000060e+02
1.999214000000000340e+02
