1.000000000000000000e+00
1.081800000000000095e+00
1.165799999999999947e+00
1.274599999999999733e+00
1.376000000000000334e+00
1.517000000000000126e+00
1.638599999999999834e+00
1.813700000000000312e+00
2.015299999999999869e+00
2.229500000000000259e+00
2.499900000000000233e+00
2.890299999999999869e+00
3.318599999999999550e+00
4.054200000000000692e+00
4.977000000000000313e+00
6.848199999999998511e+00
9.078900000000000858e+00
1.309039999999999893e+01
1.845799999999999841e+01
2.722679999999999723e+01
3.553180000000000405e+01
4.732389999999999475e+01
6.203989999999999583e+01
7.133769999999999811e+01
8.529330000000000211e+01
9.696080000000002030e+01
1.064829999999999899e+02
1.158807000000000187e+02
1.243546999999999940e+02
1.315523000000000025e+02
1.384374000000000251e+02
1.447855999999999881e+02
1.509110000000000014e+02
1.538772999999999911e+02
1.593466999999999985e+02
1.631300000000000239e+02
1.676221000000000174e+02
1.693448000000000206e+02
1.722188999999999908e+02
1.761890000000000214e+02
1.774544000000000210e+02
1.802865000000000180e+02
1.812450000000000330e+02
1.830180000000000007e+02
1.847745000000000175e+02
1.864301000000000101e+02
1.868219999999999743e+02
1.886685999999999979e+02
1.887834999999999752e+02
1.901014999999999873e+02
1.910886000000000138e+02
1.918487000000000364e+02
1.929693999999999789e+02
1.933238999999999805e+02
1.936480999999999710e+02
1.941508999999999787e+02
1.947734999999999843e+02
1.951207999999999458e+02
1.959636000000000138e+02
1.959860999999999933e+02
1.965811999999999955e+02
1.965135999999999399e+02
1.968382999999999754e+02
1.975438999999999226e+02
1.975911000000000115e+02
1.979600000000000080e+02
1.977468999999999539e+02
1.982032999999999845e+02
1.979932999999999765e+02
1.985519000000000176e+02
1.984692000000000291e+02
1.988901999999999930e+02
1.986890000000000498e+02
1.987678000000000225e+02
1.989089000000000169e+02
1.991038000000000068e+02
1.992770999999999901e+02
1.991317999999999984e+02
1.992633999999999901e+02
1.993165999999999940e+02
1.995200999999999851e+02
1.993856999999999857e+02
1.994749999999999659e+02
1.995293000000000063e+02
1.996118999999999915e+02
1.996020999999999503e+02
1.996640000000000157e+02
1.995962000000000387e+02
1.995185000000000457e+02
1.998140000000000214e+02
1.997044999999999959e+02
1.996742999999999597e+02
1.997365000000000066e+02
1.997377000000000180e+02
1.997910000000000252e+02
1.998947000000000003e+02
1.998716000000000292e+02
1.998864000000000374e+02
1.998571000000000311e+02
1.998585000000000207e+02
