1.000000000000000000e+00
1.084699999999999998e+00
1.172699999999999854e+00
1.269100000000000117e+00
1.371600000000000152e+00
1.496399999999999952e+00
1.619500000000000384e+00
1.770799999999999930e+00
1.926299999999999679e+00
2.093300000000000161e+00
2.297200000000000131e+00
2.551300000000000345e+00
2.815900000000000514e+00
3.136100000000000332e+00
3.575300000000000811e+00
4.141999999999999460e+00
4.928999999999999382e+00
5.498700000000000365e+00
6.550499999999998657e+00
7.792000000000000703e+00
8.775099999999998346e+00
9.855299999999999727e+00
1.067720000000000091e+01
1.136089999999999911e+01
1.144080000000000119e+01
1.182999999999999829e+01
1.195339999999999847e+01
1.187669999999999781e+01
1.170470000000000077e+01
1.168490000000000073e+01
1.160459999999999958e+01
1.136560000000000237e+01
1.128330000000000233e+01
1.107159999999999833e+01
1.092959999999999887e+01
1.075730000000000075e+01
1.054790000000000028e+01
1.035999999999999943e+01
1.020049999999999990e+01
1.002210000000000001e+01
9.825499999999999901e+00
9.674000000000001265e+00
9.530300000000000438e+00
9.367599999999999483e+00
9.237600000000000477e+00
9.132200000000000983e+00
8.979499999999999815e+00
8.867900000000002336e+00
8.718899999999999650e+00
8.615599999999998815e+00
8.525599999999998957e+00
8.353600000000000136e+00
8.287300000000000111e+00
8.180600000000000094e+00
8.024300000000000210e+00
7.986099999999998644e+00
7.887500000000000178e+00
7.814100000000000712e+00
7.736900000000000333e+00
7.630800000000000693e+00
7.537900000000000489e+00
7.462700000000000777e+00
7.416900000000000936e+00
7.328399999999998471e+00
7.229600000000000470e+00
7.170599999999999419e+00
7.128800000000000914e+00
7.038800000000001056e+00
6.999900000000000233e+00
6.944400000000000794e+00
6.879699999999998816e+00
6.805099999999999483e+00
6.780700000000000394e+00
6.700800000000000090e+00
6.664599999999999191e+00
6.615899999999999004e+00
6.538999999999999702e+00
6.504700000000001481e+00
6.462999999999999190e+00
6.417800000000002392e+00
6.390100000000000335e+00
6.359500000000000597e+00
6.295900000000001384e+00
6.267500000000000071e+00
6.216700000000000337e+00
6.186099999999999710e+00
6.165999999999999481e+00
6.106100000000000527e+00
6.093899999999999650e+00
6.056799999999999073e+00
6.043100000000000804e+00
6.023000000000000576e+00
5.974099999999999966e+00
5.953500000000000014e+00
5.922800000000000509e+00
5.867299999999999294e+00
5.864000000000000767e+00
5.849399999999999267e+00
5.781299999999999883e+00
5.748499999999999055e+00
