1.000000000000000000e+00
1.081099999999999950e+00
1.171199999999999797e+00
1.266100000000000003e+00
1.362800000000000011e+00
1.490699999999999914e+00
1.611599999999999921e+00
1.765799999999999814e+00
1.907499999999999751e+00
2.102899999999999547e+00
2.274000000000000465e+00
2.561300000000000132e+00
2.786600000000000410e+00
3.127800000000000136e+00
3.532199999999999562e+00
4.106500000000000483e+00
4.882099999999999440e+00
5.447500000000001563e+00
6.716100000000000847e+00
7.567199999999998816e+00
8.712099999999999511e+00
9.652800000000002711e+00
1.055419999999999803e+01
1.112399999999999878e+01
1.156340000000000146e+01
1.176340000000000074e+01
1.188990000000000258e+01
1.186590000000000167e+01
1.179519999999999946e+01
1.164700000000000024e+01
1.149629999999999619e+01
1.147579999999999778e+01
1.119079999999999941e+01
1.108030000000000115e+01
1.092179999999999751e+01
1.067909999999999826e+01
1.056640000000000157e+01
1.037010000000000076e+01
1.016869999999999941e+01
1.001319999999999766e+01
9.880100000000000549e+00
9.762599999999999056e+00
9.601799999999999002e+00
9.380100000000000549e+00
9.292199999999999349e+00
9.085200000000000387e+00
8.983200000000000074e+00
8.875000000000000000e+00
8.738200000000000855e+00
8.661499999999998423e+00
8.467199999999998283e+00
8.377700000000000813e+00
8.324799999999999756e+00
8.148300000000000765e+00
8.106199999999999406e+00
7.996399999999999508e+00
7.884499999999999176e+00
7.826100000000001167e+00
7.711500000000000021e+00
7.644399999999999196e+00
7.514200000000001545e+00
7.476099999999999746e+00
7.385100000000001330e+00
7.352400000000000269e+00
7.271499999999999631e+00
7.179800000000000182e+00
7.096700000000002007e+00
7.058400000000000674e+00
7.018000000000001570e+00
6.920300000000001894e+00
6.858199999999999186e+00
6.831300000000001482e+00
6.737899999999998890e+00
6.711800000000000210e+00
6.657700000000001062e+00
6.606200000000000294e+00
6.556500000000000661e+00
6.516499999999999737e+00
6.443799999999998640e+00
6.394500000000000739e+00
6.370099999999999874e+00
6.300599999999999312e+00
6.298299999999999343e+00
6.240500000000000824e+00
6.191199999999998482e+00
6.183200000000000252e+00
6.149999999999998579e+00
6.107800000000001006e+00
6.085199999999999498e+00
6.078599999999998005e+00
6.020000000000001350e+00
6.000800000000001688e+00
5.968799999999999883e+00
5.923500000000000654e+00
5.907899999999999707e+00
5.906799999999999606e+00
5.852299999999998725e+00
5.809299999999999464e+00
5.796000000000000263e+00
5.738599999999999923e+00
