1.000000000000000000e+00
1.077899999999999858e+00
1.167999999999999927e+00
1.276200000000000001e+00
1.371999999999999886e+00
1.505200000000000093e+00
1.663399999999999990e+00
1.795000000000000373e+00
1.989000000000000323e+00
2.190799999999999415e+00
2.522599999999999731e+00
2.863400000000000389e+00
3.311200000000000809e+00
3.901499999999999968e+00
4.882600000000000051e+00
6.429099999999998261e+00
9.037599999999999412e+00
1.273320000000000185e+01
1.817499999999999716e+01
2.574740000000000251e+01
3.498089999999999833e+01
4.740039999999999765e+01
5.801160000000000139e+01
6.970579999999999643e+01
8.492460000000001230e+01
9.491760000000000730e+01
1.077547999999999888e+02
1.153654999999999973e+02
1.238622000000000156e+02
1.309646000000000186e+02
1.389919999999999902e+02
1.454228999999999985e+02
1.504699000000000240e+02
1.553564000000000078e+02
1.583365000000000009e+02
1.631136999999999944e+02
1.668066999999999780e+02
1.705117999999999938e+02
1.723979999999999961e+02
1.755810000000000173e+02
1.775185999999999922e+02
1.803355000000000246e+02
1.812483999999999753e+02
1.839042000000000314e+02
1.848987999999999658e+02
1.861556999999999960e+02
1.883136999999999546e+02
1.881511000000000138e+02
1.898656000000000006e+02
1.901329999999999814e+02
1.912533999999999992e+02
1.918757999999999697e+02
1.930081999999999880e+02
1.935071000000000367e+02
1.940323000000000206e+02
1.944855000000000018e+02
1.942712999999999965e+02
1.951365999999999588e+02
1.960395000000000039e+02
1.956381000000000085e+02
1.966028000000000304e+02
1.961613000000000113e+02
1.969875999999999578e+02
1.974500999999999920e+02
1.973427999999999827e+02
1.975461999999999421e+02
1.978581999999999539e+02
1.981773999999999774e+02
1.982365999999999531e+02
1.982346000000000288e+02
1.982465000000000259e+02
1.986101999999999634e+02
1.986703999999999724e+02
1.989012000000000171e+02
1.988750000000000000e+02
1.990920000000000130e+02
1.991103000000000236e+02
1.991562000000000126e+02
1.991426999999999907e+02
1.994079000000000121e+02
1.993091000000000292e+02
1.993520000000000039e+02
1.994399999999999977e+02
1.996565999999999974e+02
1.995511999999999659e+02
1.997148000000000252e+02
1.995427999999999997e+02
1.996243000000000052e+02
1.996507000000000005e+02
1.997116999999999791e+02
1.996986000000000558e+02
1.997100000000000080e+02
1.996357999999999890e+02
1.997143000000000086e+02
1.998506000000000142e+02
1.998349999999999511e+02
1.997712000000000216e+02
1.998470000000000084e+02
1.999171000000000333e+02
1.999191000000000429e+02
