1.000000000000000000e+00
1.078200000000000047e+00
1.173299999999999788e+00
1.273700000000000054e+00
1.368700000000000028e+00
1.495599999999999818e+00
1.649200000000000221e+00
1.823300000000000143e+00
2.011299999999999866e+00
2.217300000000000271e+00
2.507200000000000095e+00
2.835300000000000153e+00
3.347500000000000142e+00
4.093599999999999461e+00
5.063900000000000290e+00
6.503800000000000026e+00
9.361900000000000333e+00
1.276099999999999923e+01
1.845159999999999556e+01
2.577889999999999304e+01
3.529189999999999827e+01
4.802099999999998658e+01
5.772950000000000870e+01
7.190560000000000684e+01
8.528059999999999263e+01
9.614799999999999613e+01
1.065897999999999968e+02
1.146700000000000017e+02
1.242412000000000063e+02
1.322617999999999938e+02
1.383866000000000156e+02
1.433125000000000000e+02
1.510729999999999791e+02
1.529211999999999989e+02
1.597410999999999888e+02
1.622993000000000166e+02
1.666411999999999409e+02
1.699577000000000169e+02
1.732127000000000407e+02
1.755887000000000171e+02
1.776127999999999929e+02
1.793079999999999927e+02
1.823328999999999667e+02
1.835856000000000563e+02
1.843340000000000032e+02
1.861508000000000038e+02
1.871730000000000018e+02
1.876610000000000298e+02
1.894223000000000070e+02
1.907968999999999369e+02
1.910769000000000517e+02
1.918434999999999775e+02
1.927098000000000013e+02
1.931985999999999990e+02
1.941823000000000263e+02
1.947718999999999880e+02
1.947710000000000150e+02
1.953783999999999992e+02
1.959651000000000067e+02
1.963196000000000367e+02
1.963107999999999720e+02
1.965070000000000050e+02
1.968463000000000420e+02
1.974267999999999574e+02
1.975789000000000328e+02
1.975967000000000269e+02
1.981919999999999789e+02
1.981162999999999670e+02
1.981948000000000434e+02
1.984874999999999545e+02
1.983346999999999696e+02
1.986782000000000323e+02
1.986350000000000477e+02
1.990856000000000563e+02
1.990963999999999885e+02
1.990069999999999766e+02
1.991654999999999518e+02
1.992729000000000212e+02
1.994081000000000188e+02
1.992296000000000049e+02
1.991809999999999832e+02
1.994827000000000510e+02
1.995083999999999662e+02
1.995031999999999925e+02
1.995754999999999484e+02
1.995254000000000474e+02
1.996392000000000451e+02
1.995597999999999956e+02
1.996561999999999841e+02
1.996920999999999822e+02
1.995632999999999697e+02
1.997399000000000626e+02
1.997327999999999975e+02
1.998251999999999953e+02
1.998711000000000411e+02
1.997559000000000822e+02
1.998106000000000506e+02
1.997727000000000430e+02
1.999337000000000160e+02
1.999208999999999605e+02
