1.000000000000000000e+00
1.084699999999999998e+00
1.173300000000000010e+00
1.271700000000000053e+00
1.378100000000000103e+00
1.510599999999999943e+00
1.645000000000000240e+00
1.816200000000000259e+00
2.004599999999999937e+00
2.216900000000000759e+00
2.488800000000000345e+00
2.869299999999999962e+00
3.345799999999999663e+00
3.975699999999999346e+00
5.108200000000000074e+00
6.704200000000001047e+00
9.480599999999999028e+00
1.212749999999999773e+01
1.796860000000000213e+01
2.610429999999999851e+01
3.554879999999999995e+01
4.750430000000000064e+01
6.038610000000000610e+01
7.387739999999999441e+01
8.287560000000001992e+01
9.649729999999999563e+01
1.065611000000000104e+02
1.163239000000000090e+02
1.220126000000000062e+02
1.315680000000000121e+02
1.386972999999999843e+02
1.438196000000000083e+02
1.491959000000000231e+02
1.542966000000000122e+02
1.583441000000000258e+02
1.630568000000000097e+02
1.665665999999999940e+02
1.704495999999999469e+02
1.729846000000000004e+02
1.753617999999999597e+02
1.777849999999999966e+02
1.793318000000000154e+02
1.806920000000000073e+02
1.830611999999999853e+02
1.846865999999999985e+02
1.849348999999999705e+02
1.871593999999999767e+02
1.887196999999999889e+02
1.894091000000000236e+02
1.904161000000000001e+02
1.915693999999999733e+02
1.920609999999999786e+02
1.925491000000000383e+02
1.927939999999999827e+02
1.934426000000000272e+02
1.947209000000000287e+02
1.951807000000000301e+02
1.953151999999999759e+02
1.958685000000000116e+02
1.963997999999999706e+02
1.958975999999999829e+02
1.967811999999999557e+02
1.968363999999999976e+02
1.971667999999999950e+02
1.976067999999999927e+02
1.973362999999999658e+02
1.980423000000000400e+02
1.982790999999999997e+02
1.981482000000000028e+02
1.983275999999999897e+02
1.984675999999999760e+02
1.984300999999999533e+02
1.985977999999999781e+02
1.989276999999999589e+02
1.991757999999999811e+02
1.989512000000000285e+02
1.988932999999999822e+02
1.991674999999999898e+02
1.991566000000000258e+02
1.994472000000000094e+02
1.993704999999999643e+02
1.993290999999999542e+02
1.995173000000000059e+02
1.995182999999999822e+02
1.995313999999999623e+02
1.994718000000000018e+02
1.997084999999999866e+02
1.996884999999999764e+02
1.998159999999999741e+02
1.996495000000000175e+02
1.998229000000000042e+02
1.996683000000000163e+02
1.997944000000000244e+02
1.999018999999999835e+02
1.998742000000000587e+02
1.998318000000000154e+02
1.998343000000000131e+02
1.998001999999999612e+02
1.999047000000000196e+02
1.999481000000000392e+02
