1.000000000000000000e+00
1.084200000000000053e+00
1.174399999999999888e+00
1.271200000000000108e+00
1.380399999999999849e+00
1.515099999999999891e+00
1.627799999999999914e+00
1.788300000000000223e+00
1.972599999999999909e+00
2.215600000000000236e+00
2.475999999999999979e+00
2.867300000000000182e+00
3.412600000000000300e+00
3.980700000000000127e+00
5.005900000000000460e+00
6.376400000000000290e+00
9.022999999999999687e+00
1.284369999999999834e+01
1.775919999999999987e+01
2.605150000000000077e+01
3.664639999999999986e+01
4.572789999999999822e+01
6.036659999999999826e+01
7.238119999999999266e+01
8.254479999999999507e+01
9.395929999999998472e+01
1.060907999999999873e+02
1.159111000000000047e+02
1.239189000000000362e+02
1.324957000000000278e+02
1.368230999999999824e+02
1.442664000000000044e+02
1.500309000000000026e+02
1.551189000000000249e+02
1.590170999999999992e+02
1.631546999999999912e+02
1.668477999999999781e+02
1.702364000000000033e+02
1.723715999999999724e+02
1.754830999999999506e+02
1.774560999999999922e+02
1.794530000000000030e+02
1.810852999999999895e+02
1.838111999999999568e+02
1.854099000000000217e+02
1.863588000000000022e+02
1.873851999999999691e+02
1.881979999999999791e+02
1.891505999999999688e+02
1.912508000000000266e+02
1.911849000000000274e+02
1.922525999999999726e+02
1.927565999999999917e+02
1.934376999999999782e+02
1.940141999999999882e+02
1.942152999999999849e+02
1.952954000000000008e+02
1.953495000000000061e+02
1.955880000000000223e+02
1.960099000000000160e+02
1.962575999999999965e+02
1.970232000000000312e+02
1.971297999999999888e+02
1.974763000000000375e+02
1.970210000000000150e+02
1.976543000000000063e+02
1.976047000000000082e+02
1.979327999999999861e+02
1.983023999999999774e+02
1.981098000000000070e+02
1.985656999999999925e+02
1.983560999999999979e+02
1.987273999999999887e+02
1.988458000000000254e+02
1.988338000000000534e+02
1.990629999999999598e+02
1.991593999999999767e+02
1.990658999999999992e+02
1.992637000000000000e+02
1.993463000000000420e+02
1.994167000000000201e+02
1.993636000000000479e+02
1.994612999999999658e+02
1.993833999999999946e+02
1.995138000000000602e+02
1.996902000000000044e+02
1.996198999999999728e+02
1.995424000000000149e+02
1.996470999999999947e+02
1.996490000000000009e+02
1.997801000000000329e+02
1.997615000000000123e+02
1.997498000000000218e+02
1.997629000000000588e+02
1.998412000000000148e+02
1.998581999999999539e+02
1.998436000000000092e+02
1.998618000000000166e+02
1.999625000000000341e+02
1.998610000000000184e+02
