1.000000000000000000e+00
1.086100000000000065e+00
1.157500000000000195e+00
1.267499999999999627e+00
1.379299999999999748e+00
1.489300000000000290e+00
1.620700000000000029e+00
1.754499999999999504e+00
1.909899999999999709e+00
2.104999999999999538e+00
2.310599999999999987e+00
2.569499999999999673e+00
2.851900000000000546e+00
3.106200000000000738e+00
3.622400000000000286e+00
4.166700000000000514e+00
4.760299999999999976e+00
5.577399999999999913e+00
6.622499999999999609e+00
7.690299999999999692e+00
8.837099999999999511e+00
9.814700000000000202e+00
1.038739999999999952e+01
1.124360000000000070e+01
1.172029999999999994e+01
1.183540000000000170e+01
1.187219999999999764e+01
1.197900000000000276e+01
1.196509999999999785e+01
1.176229999999999976e+01
1.165969999999999729e+01
1.154859999999999864e+01
1.124279999999999902e+01
1.116639999999999944e+01
1.098040000000000127e+01
1.064159999999999862e+01
1.056109999999999971e+01
1.040789999999999971e+01
1.019790000000000063e+01
1.008359999999999879e+01
9.868800000000000239e+00
9.667600000000000193e+00
9.493900000000000006e+00
9.406799999999998718e+00
9.275199999999999889e+00
9.178699999999999193e+00
9.059400000000000119e+00
8.920600000000000307e+00
8.761300000000000310e+00
8.685000000000000497e+00
8.533999999999998920e+00
8.412199999999998568e+00
8.285699999999998511e+00
8.214999999999998082e+00
8.064999999999999503e+00
7.984300000000001063e+00
7.940000000000001279e+00
7.850899999999999324e+00
7.778800000000000381e+00
7.607199999999998852e+00
7.583799999999999208e+00
7.493099999999999206e+00
7.433400000000000674e+00
7.373299999999999521e+00
7.297599999999999199e+00
7.229799999999999116e+00
7.137199999999999100e+00
7.062699999999999534e+00
7.029899999999998705e+00
6.950399999999999245e+00
6.870099999999999874e+00
6.855400000000000382e+00
6.787700000000000955e+00
6.733900000000001107e+00
6.724400000000001931e+00
6.630500000000000504e+00
6.563599999999999213e+00
6.512400000000001299e+00
6.451099999999999390e+00
6.440500000000001002e+00
6.397099999999999120e+00
6.347899999999999210e+00
6.305599999999999206e+00
6.293100000000000804e+00
6.225100000000000300e+00
6.193799999999999528e+00
6.166400000000001214e+00
6.155199999999999783e+00
6.101999999999999424e+00
6.080000000000000071e+00
6.042600000000001081e+00
6.018299999999999095e+00
6.005199999999998539e+00
5.971300000000000274e+00
5.935099999999998488e+00
5.923199999999999577e+00
5.885800000000002363e+00
5.854100000000000747e+00
5.832899999999998641e+00
5.808100000000000485e+00
