1.000000000000000000e+00
1.083200000000000163e+00
1.172099999999999920e+00
1.273900000000000254e+00
1.364600000000000035e+00
1.468400000000000372e+00
1.616500000000000048e+00
1.759300000000000308e+00
1.928299999999999903e+00
2.092499999999999805e+00
2.313800000000000079e+00
2.542399999999999327e+00
2.803100000000000147e+00
3.130299999999999194e+00
3.598199999999999843e+00
4.104700000000000237e+00
4.710000000000000853e+00
5.543599999999998751e+00
6.545099999999999696e+00
7.529600000000000293e+00
8.726300000000000168e+00
9.579900000000000304e+00
1.053329999999999878e+01
1.136059999999999981e+01
1.172719999999999985e+01
1.193069999999999986e+01
1.195079999999999920e+01
1.218180000000000263e+01
1.184229999999999983e+01
1.184860000000000113e+01
1.164410000000000345e+01
1.152890000000000015e+01
1.131190000000000140e+01
1.122079999999999878e+01
1.102939999999999543e+01
1.082870000000000132e+01
1.059679999999999822e+01
1.045480000000000231e+01
1.032259999999999778e+01
1.011290000000000155e+01
9.956900000000000972e+00
9.818999999999999062e+00
9.646199999999998553e+00
9.583999999999999631e+00
9.354799999999999116e+00
9.207200000000000273e+00
9.109799999999999898e+00
8.949999999999999289e+00
8.848499999999999588e+00
8.694500000000001450e+00
8.569200000000000372e+00
8.476399999999998158e+00
8.365499999999999048e+00
8.244700000000001694e+00
8.148899999999999366e+00
8.074299999999999145e+00
7.972300000000000608e+00
7.840399999999998926e+00
7.802399999999998670e+00
7.684199999999999697e+00
7.583500000000001684e+00
7.560399999999999565e+00
7.487599999999999589e+00
7.406000000000000583e+00
7.340499999999999581e+00
7.294300000000000672e+00
7.203000000000000291e+00
7.156600000000000072e+00
7.084900000000000198e+00
6.994500000000000384e+00
6.985299999999999621e+00
6.896999999999998465e+00
6.839600000000000790e+00
6.787700000000000067e+00
6.772000000000002018e+00
6.727899999999999991e+00
6.623400000000000176e+00
6.613499999999999268e+00
6.531899999999999373e+00
6.516200000000000436e+00
6.454099999999998616e+00
6.395200000000000884e+00
6.357099999999999085e+00
6.330299999999999372e+00
6.296799999999999287e+00
6.277999999999999581e+00
6.198900000000000077e+00
6.179900000000000837e+00
6.157700000000000173e+00
6.118900000000000006e+00
6.092799999999999550e+00
6.082300000000000928e+00
6.022300000000001319e+00
6.006500000000000838e+00
5.983100000000000307e+00
5.969499999999999140e+00
5.931499999999998884e+00
5.890499999999999403e+00
5.885799999999999699e+00
5.856500000000002260e+00
