1.000000000000000000e+00
1.079800000000000093e+00
1.174300000000000122e+00
1.278000000000000025e+00
1.373099999999999987e+00
1.496699999999999919e+00
1.628700000000000037e+00
1.810000000000000275e+00
1.981400000000000050e+00
2.235300000000000065e+00
2.533999999999999808e+00
2.863899999999999668e+00
3.335200000000000387e+00
3.984100000000000197e+00
4.811700000000000088e+00
6.435800000000001297e+00
8.792999999999999261e+00
1.286889999999999823e+01
1.738380000000000081e+01
2.603260000000000218e+01
3.430030000000000001e+01
4.460639999999999361e+01
6.092099999999999227e+01
6.988760000000000616e+01
8.269069999999999254e+01
9.608749999999997726e+01
1.042370999999999981e+02
1.138870000000000005e+02
1.215374999999999943e+02
1.327716000000000065e+02
1.389934000000000083e+02
1.441426000000000158e+02
1.490417999999999950e+02
1.542185000000000059e+02
1.589628000000000156e+02
1.614980999999999938e+02
1.664886000000000195e+02
1.698990000000000578e+02
1.722449000000000296e+02
1.748885999999999399e+02
1.774025999999999783e+02
1.791325000000000500e+02
1.811180000000000518e+02
1.833996999999999673e+02
1.838249000000000422e+02
1.867163999999999930e+02
1.874335999999999558e+02
1.879776000000000238e+02
1.887084999999999866e+02
1.901500000000000057e+02
1.914679999999999893e+02
1.915054999999999552e+02
1.930244000000000142e+02
1.932121999999999673e+02
1.932840999999999951e+02
1.946880000000000166e+02
1.947197000000000173e+02
1.957459999999999809e+02
1.959348000000000241e+02
1.959949999999999761e+02
1.963295999999999424e+02
1.967730000000000246e+02
1.970679999999999552e+02
1.972720999999999947e+02
1.976168000000000120e+02
1.973968999999999880e+02
1.978951999999999600e+02
1.979968999999999824e+02
1.981841999999999757e+02
1.982692999999999586e+02
1.987676999999999907e+02
1.986718000000000757e+02
1.985431999999999562e+02
1.989425999999999704e+02
1.990848000000000013e+02
1.989973999999999705e+02
1.989261000000000195e+02
1.992158999999999764e+02
1.994038999999999930e+02
1.992780999999999665e+02
1.994356000000000222e+02
1.993615000000000066e+02
1.995399999999999920e+02
1.996116999999999848e+02
1.994213000000000022e+02
1.995178999999999974e+02
1.995006999999999948e+02
1.996984999999999957e+02
1.997493000000000052e+02
1.996989999999999839e+02
1.996990000000000123e+02
1.998213999999999828e+02
1.996983999999999924e+02
1.998427000000000078e+02
1.998145999999999844e+02
1.997014000000000067e+02
1.998308000000000106e+02
1.999171000000000049e+02
1.998424000000000547e+02
1.997407000000000039e+02
