1.000000000000000000e+00
1.080099999999999838e+00
1.167499999999999760e+00
1.275700000000000278e+00
1.385799999999999921e+00
1.515099999999999891e+00
1.640899999999999803e+00
1.803199999999999692e+00
1.993800000000000239e+00
2.231000000000000316e+00
2.474600000000000133e+00
2.847399999999999931e+00
3.380499999999999616e+00
3.967599999999999127e+00
5.057800000000001184e+00
6.475600000000000911e+00
8.745499999999999829e+00
1.257249999999999979e+01
1.776850000000000307e+01
2.544149999999999778e+01
3.654899999999999949e+01
4.742449999999999477e+01
5.877980000000000160e+01
7.112829999999999586e+01
8.296260000000000900e+01
9.508899999999998442e+01
1.053853000000000009e+02
1.144098999999999933e+02
1.239489000000000090e+02
1.300047999999999888e+02
1.366822000000000230e+02
1.448171999999999855e+02
1.498637999999999977e+02
1.539935000000000116e+02
1.599818999999999960e+02
1.632009999999999934e+02
1.657511000000000081e+02
1.690489000000000033e+02
1.727611000000000558e+02
1.749508999999999901e+02
1.768922000000000594e+02
1.798458999999999719e+02
1.813822000000000116e+02
1.829827000000000510e+02
1.848894000000000233e+02
1.858653999999999655e+02
1.873765999999999963e+02
1.883465999999999667e+02
1.898601999999999919e+02
1.904270999999999958e+02
1.905277000000000100e+02
1.916345000000000027e+02
1.931628000000000327e+02
1.933101999999999805e+02
1.942240999999999644e+02
1.942032000000000096e+02
1.952474000000000274e+02
1.958172999999999888e+02
1.962074000000000069e+02
1.958688000000000216e+02
1.967004000000000019e+02
1.966670000000000016e+02
1.973007000000000062e+02
1.971798999999999751e+02
1.969790999999999599e+02
1.974390999999999963e+02
1.979512999999999749e+02
1.983188000000000102e+02
1.985139999999999816e+02
1.983153000000000361e+02
1.988240999999999872e+02
1.985761000000000536e+02
1.986333999999999662e+02
1.986504999999999939e+02
1.989972000000000207e+02
1.991834999999999809e+02
1.993646999999999707e+02
1.991915000000000475e+02
1.991477000000000146e+02
1.992408999999999537e+02
1.994028999999999598e+02
1.994266000000000076e+02
1.995319999999999823e+02
1.995240999999999758e+02
1.996365999999999872e+02
1.996206999999999709e+02
1.995499000000000080e+02
1.996562999999999874e+02
1.997307999999999879e+02
1.997784000000000333e+02
1.997806000000000211e+02
1.998406999999999698e+02
1.998571000000000311e+02
1.998068000000000382e+02
1.998384000000000071e+02
1.998618000000000450e+02
1.998905000000000030e+02
1.998864000000000374e+02
1.999417000000000542e+02
1.997985999999999649e+02
