1.000000000000000000e+00
1.084100000000000064e+00
1.175799999999999956e+00
1.277500000000000080e+00
1.368900000000000228e+00
1.477899999999999991e+00
1.619099999999999984e+00
1.751699999999999813e+00
1.921400000000000441e+00
2.105500000000000149e+00
2.283799999999999830e+00
2.551400000000000112e+00
2.823500000000000121e+00
3.138299999999999645e+00
3.531700000000000728e+00
4.040999999999999481e+00
4.835900000000000531e+00
5.548799999999999955e+00
6.587100000000001288e+00
7.567099999999999049e+00
8.787600000000001188e+00
9.756600000000000605e+00
1.074469999999999814e+01
1.121400000000000041e+01
1.165520000000000067e+01
1.178979999999999961e+01
1.212639999999999851e+01
1.198460000000000036e+01
1.197179999999999822e+01
1.172639999999999816e+01
1.177660000000000018e+01
1.159549999999999770e+01
1.136669999999999803e+01
1.119610000000000127e+01
1.101529999999999987e+01
1.081500000000000306e+01
1.059079999999999977e+01
1.047010000000000218e+01
1.032300000000000040e+01
1.014890000000000114e+01
1.001560000000000095e+01
9.738999999999998991e+00
9.687300000000000466e+00
9.493800000000000239e+00
9.361299999999999955e+00
9.269099999999999895e+00
9.102700000000000458e+00
8.906000000000000583e+00
8.865199999999999747e+00
8.650600000000000733e+00
8.607300000000002171e+00
8.455099999999998062e+00
8.368299999999999628e+00
8.291800000000000281e+00
8.149899999999998812e+00
8.052899999999999281e+00
7.987199999999998745e+00
7.889299999999999535e+00
7.757999999999999119e+00
7.697699999999998433e+00
7.594499999999999140e+00
7.541699999999999626e+00
7.453599999999999781e+00
7.415300000000001113e+00
7.317200000000001481e+00
7.271800000000001596e+00
7.177299999999999791e+00
7.125900000000000567e+00
7.070200000000000706e+00
7.023300000000000765e+00
6.974800000000000111e+00
6.876099999999999213e+00
6.851300000000000168e+00
6.778800000000000381e+00
6.733700000000001573e+00
6.675300000000000900e+00
6.619300000000000850e+00
6.562599999999999767e+00
6.509199999999999875e+00
6.478700000000002568e+00
6.469200000000001616e+00
6.353599999999999248e+00
6.366399999999999615e+00
6.310400000000000453e+00
6.280700000000001282e+00
6.253600000000000492e+00
6.225699999999999790e+00
6.181599999999998651e+00
6.159599999999999298e+00
6.129400000000000404e+00
6.087999999999999190e+00
6.075799999999999201e+00
6.035200000000000564e+00
6.006199999999999761e+00
6.003399999999999181e+00
5.947999999999999510e+00
5.934999999999999609e+00
5.869100000000000428e+00
5.880399999999998073e+00
5.828099999999999170e+00
