1.000000000000000000e+00
1.084100000000000064e+00
1.173599999999999755e+00
1.268900000000000139e+00
1.375299999999999745e+00
1.500299999999999745e+00
1.603499999999999925e+00
1.750599999999999934e+00
1.900299999999999656e+00
2.097199999999999953e+00
2.287700000000000067e+00
2.529700000000000060e+00
2.853899999999999437e+00
3.143399999999999750e+00
3.560500000000000220e+00
4.075700000000000323e+00
4.795700000000000074e+00
5.665099999999999802e+00
6.504299999999999748e+00
7.708900000000000752e+00
9.025700000000002277e+00
9.739900000000000446e+00
1.074809999999999910e+01
1.123690000000000033e+01
1.162209999999999788e+01
1.179519999999999946e+01
1.190939999999999976e+01
1.198870000000000147e+01
1.191200000000000081e+01
1.174560000000000137e+01
1.160459999999999958e+01
1.148040000000000127e+01
1.132450000000000045e+01
1.110329999999999728e+01
1.082530000000000037e+01
1.076229999999999798e+01
1.061730000000000196e+01
1.047380000000000067e+01
1.029990000000000094e+01
1.011930000000000085e+01
9.859700000000000131e+00
9.761000000000001009e+00
9.589399999999999480e+00
9.471999999999999531e+00
9.325699999999999434e+00
9.170300000000001006e+00
9.021500000000001407e+00
8.851700000000001012e+00
8.825599999999999667e+00
8.638799999999998036e+00
8.511000000000001009e+00
8.418599999999999639e+00
8.328599999999999781e+00
8.234099999999999753e+00
8.096199999999999619e+00
8.004400000000000404e+00
7.954699999999998994e+00
7.838900000000000645e+00
7.732399999999999274e+00
7.672699999999999854e+00
7.609599999999997699e+00
7.496399999999999508e+00
7.433200000000000252e+00
7.384999999999999787e+00
7.287700000000000067e+00
7.224599999999998801e+00
7.152499999999999858e+00
7.091899999999998094e+00
7.045399999999999885e+00
6.971500000000000696e+00
6.943099999999998495e+00
6.821700000000000763e+00
6.819099999999999717e+00
6.735900000000001775e+00
6.683799999999999741e+00
6.640299999999999869e+00
6.578299999999999592e+00
6.526499999999999524e+00
6.526699999999998170e+00
6.439899999999998847e+00
6.414400000000001434e+00
6.366400000000001391e+00
6.333199999999999719e+00
6.297699999999999854e+00
6.257600000000000051e+00
6.224700000000000344e+00
6.165900000000000603e+00
6.135799999999999699e+00
6.120199999999999640e+00
6.094000000000001194e+00
6.050300000000000900e+00
6.040099999999999802e+00
6.016899999999999693e+00
5.989300000000000956e+00
5.948500000000000121e+00
5.891700000000001047e+00
5.889099999999998225e+00
5.877200000000000202e+00
5.829900000000001192e+00
5.804300000000000459e+00
