1.000000000000000000e+00
1.077900000000000080e+00
1.171300000000000008e+00
1.276299999999999990e+00
1.390300000000000091e+00
1.507500000000000062e+00
1.644400000000000084e+00
1.818900000000000183e+00
1.979899999999999993e+00
2.243499999999999606e+00
2.505799999999999805e+00
2.860899999999999554e+00
3.324899999999999523e+00
3.906699999999999395e+00
5.055599999999999206e+00
7.012899999999999245e+00
8.859199999999999520e+00
1.253009999999999735e+01
1.797260000000000346e+01
2.572969999999999757e+01
3.707820000000000249e+01
4.724269999999999214e+01
5.978069999999999595e+01
6.951579999999999870e+01
8.402939999999998122e+01
9.537580000000001235e+01
1.057377000000000038e+02
1.152599000000000018e+02
1.220216000000000349e+02
1.317105000000000246e+02
1.405533000000000072e+02
1.448816000000000201e+02
1.486904999999999859e+02
1.547720000000000198e+02
1.594808999999999912e+02
1.633272000000000048e+02
1.664029000000000167e+02
1.706416000000000111e+02
1.711901999999999759e+02
1.757992000000000132e+02
1.781367000000000473e+02
1.791137999999999977e+02
1.814795999999999481e+02
1.844243000000000166e+02
1.854020000000000152e+02
1.860172000000000025e+02
1.877006000000000085e+02
1.881128000000000213e+02
1.891161999999999921e+02
1.912672999999999490e+02
1.910114000000000374e+02
1.921522999999999683e+02
1.922677000000000476e+02
1.934515000000000100e+02
1.938302999999999656e+02
1.945287999999999613e+02
1.949949000000000296e+02
1.953723999999999705e+02
1.953153000000000361e+02
1.960098000000000695e+02
1.963447999999999922e+02
1.968581000000000074e+02
1.971445999999999970e+02
1.973061000000000149e+02
1.976414000000000328e+02
1.978504000000000076e+02
1.977843000000000302e+02
1.980408000000000186e+02
1.980477000000000487e+02
1.983888000000000034e+02
1.982101000000000681e+02
1.987297999999999831e+02
1.987389000000000010e+02
1.988549000000000149e+02
1.990886999999999887e+02
1.990663999999999874e+02
1.991085999999999956e+02
1.993154000000000394e+02
1.994357000000000255e+02
1.992956000000000074e+02
1.993555000000000064e+02
1.993874000000000137e+02
1.994921000000000220e+02
1.995659000000000276e+02
1.994945999999999913e+02
1.997315999999999860e+02
1.996502000000000407e+02
1.995952000000000055e+02
1.996145999999999958e+02
1.997890999999999906e+02
1.998214000000000397e+02
1.998977000000000146e+02
1.998497999999999877e+02
1.997976999999999919e+02
1.998482999999999947e+02
1.997215000000000487e+02
1.998087999999999624e+02
1.997203999999999837e+02
1.998105000000000189e+02
1.998576000000000192e+02
