1.000000000000000000e+00
1.083800000000000097e+00
1.163700000000000179e+00
1.283000000000000140e+00
1.370800000000000018e+00
1.486900000000000333e+00
1.628299999999999637e+00
1.748600000000000154e+00
1.906699999999999839e+00
2.095299999999999940e+00
2.251400000000000290e+00
2.534499999999999975e+00
2.844699999999999118e+00
3.187099999999999156e+00
3.464500000000000579e+00
4.119799999999999685e+00
4.632400000000000517e+00
5.621599999999999930e+00
6.586500000000000021e+00
7.768899999999999473e+00
8.834099999999999397e+00
9.837400000000000588e+00
1.068000000000000149e+01
1.102209999999999823e+01
1.169629999999999903e+01
1.189660000000000117e+01
1.197219999999999729e+01
1.179629999999999690e+01
1.179069999999999929e+01
1.181809999999999938e+01
1.162929999999999886e+01
1.148319999999999652e+01
1.127009999999999756e+01
1.113520000000000287e+01
1.092389999999999617e+01
1.070429999999999993e+01
1.053159999999999918e+01
1.032370000000000054e+01
1.021110000000000007e+01
1.004950000000000010e+01
9.936399999999999011e+00
9.703100000000000946e+00
9.609100000000001529e+00
9.427900000000001057e+00
9.288899999999999935e+00
9.175900000000000389e+00
9.003199999999999648e+00
8.902200000000000557e+00
8.757599999999998275e+00
8.623199999999998866e+00
8.505400000000001626e+00
8.426899999999999835e+00
8.261800000000000921e+00
8.184699999999999420e+00
8.133499999999999730e+00
7.989599999999999369e+00
7.959899999999997533e+00
7.814499999999998892e+00
7.768699999999999939e+00
7.646599999999999397e+00
7.597100000000000186e+00
7.505800000000000693e+00
7.432900000000000063e+00
7.336600000000000676e+00
7.289800000000000502e+00
7.226399999999999935e+00
7.154899999999998705e+00
7.076499999999999346e+00
7.015299999999999869e+00
6.965800000000000658e+00
6.913700000000000401e+00
6.875199999999998646e+00
6.794499999999999318e+00
6.716500000000000803e+00
6.715699999999999115e+00
6.620599999999998708e+00
6.612499999999998934e+00
6.545900000000000496e+00
6.502200000000001090e+00
6.457099999999999618e+00
6.412399999999999878e+00
6.362299999999999400e+00
6.314199999999998703e+00
6.284099999999998687e+00
6.249400000000001398e+00
6.199599999999999334e+00
6.180500000000000327e+00
6.181599999999999540e+00
6.124399999999999622e+00
6.071100000000000385e+00
6.044799999999997731e+00
6.036299999999998889e+00
6.014400000000000190e+00
5.966599999999999682e+00
5.939200000000000479e+00
5.909999999999999254e+00
5.892800000000001148e+00
5.858099999999998531e+00
5.827299999999999258e+00
5.835700000000000109e+00
