1.000000000000000000e+00
1.083400000000000141e+00
1.172599999999999865e+00
1.276299999999999990e+00
1.371100000000000207e+00
1.480600000000000360e+00
1.643900000000000139e+00
1.807400000000000118e+00
2.008199999999999985e+00
2.218100000000000183e+00
2.523299999999999876e+00
2.864499999999999158e+00
3.308500000000000885e+00
3.984900000000000109e+00
4.974299999999999500e+00
6.448800000000000310e+00
8.660099999999998133e+00
1.228309999999999924e+01
1.743970000000000198e+01
2.429090000000000060e+01
3.423969999999999914e+01
4.430959999999998900e+01
5.719389999999999219e+01
7.158719999999999573e+01
8.486860000000000070e+01
9.440820000000002210e+01
1.028233000000000033e+02
1.157011000000000251e+02
1.211628000000000043e+02
1.324253999999999962e+02
1.377775000000000034e+02
1.435888000000000204e+02
1.492282000000000153e+02
1.547251999999999725e+02
1.594756000000000427e+02
1.633619999999999948e+02
1.655318000000000040e+02
1.694690000000000509e+02
1.736108000000000118e+02
1.743871000000000038e+02
1.785085999999999729e+02
1.791246999999999616e+02
1.812364000000000317e+02
1.839902000000000157e+02
1.845009000000000015e+02
1.860185999999999638e+02
1.880685999999999751e+02
1.880738999999999521e+02
1.898591999999999871e+02
1.903251000000000204e+02
1.914903000000000191e+02
1.924613000000000227e+02
1.926509000000000356e+02
1.939196000000000026e+02
1.934033999999999764e+02
1.947652999999999111e+02
1.946259999999999764e+02
1.951869999999999834e+02
1.959863000000000000e+02
1.963316999999999837e+02
1.965194000000000187e+02
1.971182999999999765e+02
1.973072999999999979e+02
1.973621000000000265e+02
1.976459999999999582e+02
1.978977000000000146e+02
1.977747000000000241e+02
1.981659999999999968e+02
1.984283999999999537e+02
1.984799000000000149e+02
1.984093999999999767e+02
1.988459000000000287e+02
1.986280000000000427e+02
1.986627000000000010e+02
1.988806999999999618e+02
1.989523999999999830e+02
1.989334000000000344e+02
1.990684999999999434e+02
1.991776000000000693e+02
1.993760000000000332e+02
1.994328000000000145e+02
1.993845999999999492e+02
1.994464999999999861e+02
1.993941000000000088e+02
1.993056999999999732e+02
1.996546999999999628e+02
1.997229000000000099e+02
1.995726999999999975e+02
1.995610000000000355e+02
1.997561000000000035e+02
1.996872999999999934e+02
1.997832000000000221e+02
1.998730000000000189e+02
1.998582999999999856e+02
1.997610999999999990e+02
1.998374000000000024e+02
1.998341000000000065e+02
1.998574000000000126e+02
1.998607000000000085e+02
1.999696000000000140e+02
