1.000000000000000000e+00
1.079699999999999882e+00
1.173800000000000177e+00
1.275900000000000034e+00
1.366100000000000092e+00
1.484400000000000164e+00
1.603600000000000358e+00
1.760800000000000143e+00
1.904099999999999682e+00
2.112400000000000500e+00
2.335900000000000087e+00
2.532499999999999751e+00
2.822299999999999809e+00
3.152399999999999647e+00
3.510700000000000376e+00
4.063100000000000378e+00
4.772999999999999687e+00
5.668299999999999450e+00
6.507800000000000473e+00
7.752600000000000158e+00
8.672399999999999665e+00
9.584899999999999309e+00
1.074360000000000070e+01
1.110679999999999978e+01
1.155979999999999741e+01
1.189079999999999870e+01
1.194050000000000011e+01
1.190480000000000160e+01
1.181109999999999616e+01
1.181690000000000218e+01
1.168569999999999887e+01
1.146910000000000274e+01
1.133589999999999698e+01
1.116359999999999886e+01
1.098670000000000080e+01
1.074189999999999756e+01
1.065100000000000158e+01
1.039509999999999934e+01
1.027090000000000103e+01
1.006819999999999915e+01
9.958600000000000563e+00
9.760100000000001330e+00
9.588599999999999568e+00
9.456200000000000827e+00
9.311600000000000321e+00
9.174500000000000099e+00
9.017699999999999605e+00
8.946499999999998565e+00
8.819499999999999673e+00
8.663100000000000023e+00
8.553699999999999193e+00
8.441499999999999559e+00
8.342900000000000205e+00
8.244799999999999685e+00
8.140900000000000247e+00
8.013500000000000512e+00
7.943200000000000927e+00
7.840000000000000746e+00
7.760900000000000354e+00
7.656800000000000495e+00
7.592799999999999550e+00
7.517799999999999372e+00
7.429199999999998028e+00
7.364300000000001845e+00
7.271599999999999397e+00
7.231700000000000905e+00
7.157199999999999562e+00
7.098100000000001408e+00
7.037999999999999368e+00
6.977100000000000080e+00
6.917500000000001315e+00
6.860999999999998877e+00
6.815700000000000536e+00
6.725900000000001100e+00
6.697200000000000486e+00
6.667200000000000237e+00
6.595999999999999197e+00
6.508999999999998565e+00
6.508500000000000618e+00
6.444900000000000517e+00
6.440400000000000347e+00
6.377399999999999736e+00
6.332600000000000229e+00
6.319399999999999018e+00
6.284200000000001118e+00
6.233800000000001340e+00
6.206400000000001249e+00
6.169399999999999551e+00
6.138999999999998458e+00
6.101899999999999658e+00
6.077299999999999258e+00
6.047799999999999621e+00
6.020699999999999719e+00
5.986100000000001309e+00
5.954499999999999460e+00
5.923899999999999721e+00
5.894499999999998963e+00
5.887900000000001022e+00
5.849000000000001087e+00
5.820300000000000473e+00
