1.000000000000000000e+00
1.084300000000000042e+00
1.176300000000000123e+00
1.280299999999999994e+00
1.375900000000000123e+00
1.492299999999999960e+00
1.642300000000000093e+00
1.796200000000000019e+00
2.000000000000000000e+00
2.225800000000000001e+00
2.486199999999999743e+00
2.870800000000000018e+00
3.326200000000000045e+00
3.944399999999999906e+00
4.840900000000000425e+00
6.213599999999998680e+00
9.023999999999999133e+00
1.249399999999999800e+01
1.779119999999999990e+01
2.521139999999999759e+01
3.492059999999999320e+01
4.632149999999999324e+01
5.861199999999999477e+01
7.103189999999999316e+01
8.307319999999999993e+01
9.400229999999999109e+01
1.070094999999999885e+02
1.161994000000000113e+02
1.244778000000000020e+02
1.317348000000000070e+02
1.384540000000000077e+02
1.450254000000000190e+02
1.495526999999999873e+02
1.539174999999999898e+02
1.582260999999999740e+02
1.636740000000000066e+02
1.663110999999999819e+02
1.709776999999999987e+02
1.726940999999999917e+02
1.761974999999999625e+02
1.774449999999999932e+02
1.806967999999999961e+02
1.812505000000000734e+02
1.833963000000000534e+02
1.840995000000000061e+02
1.867838000000000136e+02
1.869311999999999898e+02
1.884614000000000260e+02
1.895361999999999796e+02
1.902207000000000221e+02
1.916124000000000080e+02
1.920587000000000160e+02
1.927134999999999820e+02
1.939057999999999424e+02
1.941054000000000315e+02
1.942378999999999678e+02
1.950199000000000638e+02
1.953122999999999934e+02
1.955634999999999479e+02
1.958632000000000346e+02
1.965585000000000093e+02
1.968260000000000218e+02
1.969709999999999752e+02
1.973590999999999553e+02
1.973253999999999735e+02
1.977561999999999500e+02
1.979249999999999261e+02
1.983880000000000337e+02
1.981653000000000020e+02
1.983577999999999975e+02
1.985114000000000374e+02
1.987531999999999925e+02
1.987670000000000528e+02
1.986923000000000457e+02
1.989454000000000065e+02
1.990929999999999893e+02
1.988068999999999846e+02
1.992647999999999513e+02
1.993093000000000075e+02
1.992074000000000638e+02
1.993186999999999784e+02
1.994166000000000452e+02
1.995516999999999825e+02
1.995097000000000378e+02
1.996883000000000266e+02
1.995481999999999516e+02
1.996775000000000091e+02
1.995680000000000405e+02
1.996519999999999584e+02
1.997666000000000111e+02
1.997818999999999789e+02
1.996722999999999502e+02
1.999006000000000256e+02
1.998007000000000346e+02
1.999329000000000462e+02
1.998722999999999956e+02
1.999167999999999950e+02
1.999149999999999920e+02
1.997181000000000495e+02
1.997889000000000408e+02
