1.000000000000000000e+00
1.085000000000000187e+00
1.171799999999999953e+00
1.270399999999999974e+00
1.377499999999999947e+00
1.491499999999999826e+00
1.606800000000000006e+00
1.780299999999999994e+00
1.910499999999999865e+00
2.089199999999999946e+00
2.289599999999999635e+00
2.571899999999999853e+00
2.825000000000000622e+00
3.211100000000000065e+00
3.561699999999999200e+00
4.030299999999999550e+00
4.790099999999999802e+00
5.605300000000000615e+00
6.653900000000000148e+00
7.940599999999999881e+00
8.848900000000000432e+00
9.762000000000000455e+00
1.062289999999999779e+01
1.124389999999999823e+01
1.153629999999999889e+01
1.173640000000000150e+01
1.207879999999999932e+01
1.200580000000000069e+01
1.205129999999999946e+01
1.183910000000000018e+01
1.165400000000000169e+01
1.160019999999999563e+01
1.129090000000000060e+01
1.117180000000000106e+01
1.092520000000000024e+01
1.083330000000000126e+01
1.073820000000000086e+01
1.047330000000000183e+01
1.020840000000000103e+01
1.006559999999999988e+01
1.003090000000000082e+01
9.750599999999998602e+00
9.585700000000000998e+00
9.483700000000002461e+00
9.310700000000002419e+00
9.196900000000001185e+00
9.060299999999999798e+00
8.964699999999998781e+00
8.770500000000001961e+00
8.642799999999999372e+00
8.601999999999998536e+00
8.472299999999998832e+00
8.337600000000000122e+00
8.244600000000000151e+00
8.130999999999998451e+00
8.041800000000000281e+00
7.967700000000000671e+00
7.870799999999999130e+00
7.780800000000000161e+00
7.638199999999998546e+00
7.604199999999999626e+00
7.521799999999997155e+00
7.477599999999999802e+00
7.400999999999998913e+00
7.304200000000000692e+00
7.266000000000000014e+00
7.190100000000000158e+00
7.115499999999999936e+00
7.058400000000000674e+00
7.035700000000000287e+00
6.911399999999999544e+00
6.873599999999998822e+00
6.803000000000000824e+00
6.789900000000000269e+00
6.732499999999999929e+00
6.665899999999998826e+00
6.610800000000000232e+00
6.561099999999999710e+00
6.532599999999999518e+00
6.453499999999999126e+00
6.415099999999999802e+00
6.406899999999998485e+00
6.323600000000001664e+00
6.310600000000000875e+00
6.266300000000001091e+00
6.239499999999999602e+00
6.208399999999999253e+00
6.167100000000000470e+00
6.153999999999999915e+00
6.089000000000002188e+00
6.070299999999998697e+00
6.035399999999999210e+00
6.042600000000000193e+00
6.009400000000000297e+00
5.967799999999999550e+00
5.929700000000000415e+00
5.913100000000000911e+00
5.892500000000000071e+00
5.852599999999999802e+00
5.823199999999999044e+00
