1.000000000000000000e+00
1.080099999999999838e+00
1.167100000000000026e+00
1.272899999999999920e+00
1.378199999999999870e+00
1.498799999999999910e+00
1.617499999999999938e+00
1.758599999999999941e+00
1.915800000000000169e+00
2.101699999999999680e+00
2.283100000000000129e+00
2.545599999999999863e+00
2.851799999999999891e+00
3.127599999999999714e+00
3.596300000000000718e+00
4.114000000000000767e+00
4.709700000000000664e+00
5.615100000000000868e+00
6.585099999999999731e+00
7.703399999999999359e+00
9.007300000000000750e+00
9.897899999999999920e+00
1.060249999999999737e+01
1.116330000000000133e+01
1.159290000000000198e+01
1.189269999999999960e+01
1.197110000000000163e+01
1.192160000000000153e+01
1.191209999999999880e+01
1.165689999999999849e+01
1.162510000000000154e+01
1.144169999999999909e+01
1.132609999999999850e+01
1.120669999999999789e+01
1.103770000000000273e+01
1.087500000000000000e+01
1.056519999999999726e+01
1.047710000000000008e+01
1.026410000000000089e+01
1.011660000000000004e+01
9.961800000000000210e+00
9.847500000000000142e+00
9.640499999999999403e+00
9.465600000000000236e+00
9.356400000000000716e+00
9.185699999999998866e+00
9.054000000000000270e+00
8.966200000000000614e+00
8.850400000000000489e+00
8.686699999999998312e+00
8.572599999999999554e+00
8.467700000000000671e+00
8.370600000000001373e+00
8.264099999999999113e+00
8.166499999999999204e+00
8.049800000000001177e+00
7.931000000000000050e+00
7.864500000000000490e+00
7.810900000000000176e+00
7.653800000000000381e+00
7.585599999999998566e+00
7.576400000000001356e+00
7.466000000000001080e+00
7.383900000000000574e+00
7.313500000000000334e+00
7.232499999999999041e+00
7.184500000000001663e+00
7.113699999999999690e+00
7.065099999999998381e+00
7.015599999999999170e+00
6.937300000000000466e+00
6.866700000000000692e+00
6.837100000000000399e+00
6.767100000000001891e+00
6.717000000000000526e+00
6.665299999999999336e+00
6.607999999999999652e+00
6.603899999999999437e+00
6.557400000000000340e+00
6.477000000000000313e+00
6.416200000000000792e+00
6.389500000000000846e+00
6.361399999999998833e+00
6.327600000000001224e+00
6.261999999999999567e+00
6.233100000000000307e+00
6.211500000000000021e+00
6.178199999999999470e+00
6.140100000000000335e+00
6.113099999999999312e+00
6.080299999999999372e+00
6.056399999999999118e+00
6.036799999999999500e+00
5.991599999999998261e+00
5.991600000000000037e+00
5.938500000000000334e+00
5.918200000000001459e+00
5.886400000000000077e+00
5.859799999999999898e+00
5.845499999999999474e+00
