1.000000000000000000e+00
1.077800000000000091e+00
1.170300000000000118e+00
1.272900000000000142e+00
1.383300000000000196e+00
1.496100000000000207e+00
1.622900000000000231e+00
1.768799999999999706e+00
1.906399999999999872e+00
2.121099999999999763e+00
2.304199999999999804e+00
2.527799999999999603e+00
2.814100000000000268e+00
3.121199999999999974e+00
3.623399999999999288e+00
4.247000000000000774e+00
4.781699999999999839e+00
5.622499999999997833e+00
6.584400000000000475e+00
7.760599999999998388e+00
9.039699999999999847e+00
9.827700000000000102e+00
1.076209999999999845e+01
1.116120000000000090e+01
1.166939999999999600e+01
1.199989999999999846e+01
1.190190000000000126e+01
1.205449999999999733e+01
1.187239999999999718e+01
1.177209999999999823e+01
1.184130000000000038e+01
1.152359999999999829e+01
1.134619999999999962e+01
1.115890000000000093e+01
1.094989999999999952e+01
1.076989999999999981e+01
1.055969999999999942e+01
1.028160000000000096e+01
1.029110000000000191e+01
1.003100000000000058e+01
9.996900000000000119e+00
9.736100000000000421e+00
9.590700000000000003e+00
9.455999999999999517e+00
9.382699999999998042e+00
9.187699999999999534e+00
9.018900000000000361e+00
8.906600000000002737e+00
8.723499999999999588e+00
8.665499999999997982e+00
8.510199999999999321e+00
8.450600000000001444e+00
8.313599999999999213e+00
8.230199999999999960e+00
8.132500000000000284e+00
8.023099999999999454e+00
7.960900000000000531e+00
7.862100000000000755e+00
7.740700000000000358e+00
7.692899999999999849e+00
7.626900000000000901e+00
7.542900000000002159e+00
7.448400000000001242e+00
7.362899999999999778e+00
7.341499999999999915e+00
7.230899999999999217e+00
7.173999999999999488e+00
7.117399999999999061e+00
7.059400000000000119e+00
6.985299999999999621e+00
6.913899999999999935e+00
6.839099999999999291e+00
6.781800000000000495e+00
6.731500000000000483e+00
6.685800000000000409e+00
6.649799999999999045e+00
6.610899999999999999e+00
6.494600000000000151e+00
6.502899999999999459e+00
6.443900000000001071e+00
6.387699999999999712e+00
6.369199999999999307e+00
6.321900000000002073e+00
6.295899999999999608e+00
6.258900000000000574e+00
6.220699999999999008e+00
6.196600000000000108e+00
6.170500000000001428e+00
6.119799999999997908e+00
6.087500000000000355e+00
6.100700000000000678e+00
6.021300000000000097e+00
5.997299999999999187e+00
5.968700000000000117e+00
5.967999999999999972e+00
5.919599999999999085e+00
5.885599999999999277e+00
5.877499999999998614e+00
5.869900000000000340e+00
5.808300000000000018e+00
