1.000000000000000000e+00
1.084000000000000075e+00
1.181899999999999951e+00
1.254399999999999959e+00
1.370499999999999829e+00
1.476000000000000201e+00
1.639500000000000179e+00
1.750399999999999956e+00
1.921599999999999975e+00
2.085900000000000531e+00
2.298200000000000021e+00
2.533600000000000296e+00
2.850800000000000001e+00
3.129600000000000382e+00
3.567600000000000104e+00
4.079799999999999649e+00
4.759599999999999831e+00
5.713099999999998069e+00
6.746000000000000441e+00
7.672500000000000320e+00
8.897000000000000242e+00
9.820399999999999352e+00
1.068389999999999951e+01
1.106910000000000061e+01
1.162840000000000096e+01
1.180299999999999905e+01
1.194950000000000045e+01
1.179120000000000168e+01
1.188879999999999804e+01
1.178670000000000506e+01
1.158290000000000042e+01
1.149279999999999902e+01
1.123949999999999783e+01
1.101629999999999932e+01
1.086830000000000140e+01
1.076060000000000016e+01
1.054369999999999941e+01
1.046299999999999919e+01
1.020950000000000024e+01
1.011260000000000048e+01
9.921100000000000918e+00
9.711200000000001609e+00
9.562000000000001165e+00
9.448800000000000310e+00
9.312699999999999534e+00
9.107099999999999085e+00
9.004699999999999704e+00
8.918900000000000716e+00
8.764499999999999957e+00
8.683400000000000674e+00
8.514900000000000801e+00
8.403700000000000614e+00
8.301199999999999690e+00
8.219300000000000495e+00
8.103699999999999903e+00
8.023799999999999599e+00
7.924199999999999910e+00
7.843300000000000161e+00
7.753499999999999837e+00
7.646300000000000097e+00
7.582900000000000418e+00
7.501299999999999635e+00
7.417000000000000703e+00
7.359300000000001063e+00
7.279300000000000992e+00
7.227500000000000924e+00
7.116300000000000736e+00
7.075399999999998357e+00
7.004899999999999238e+00
6.954100000000000392e+00
6.915099999999998914e+00
6.849199999999999733e+00
6.768299999999999983e+00
6.737499999999998934e+00
6.672399999999998776e+00
6.601799999999999891e+00
6.589099999999999291e+00
6.531500000000001194e+00
6.483199999999999186e+00
6.417399999999999771e+00
6.383700000000000152e+00
6.337399999999998812e+00
6.283799999999998498e+00
6.257999999999998231e+00
6.234799999999999898e+00
6.190199999999999925e+00
6.145199999999999996e+00
6.128400000000000070e+00
6.103100000000000414e+00
6.084699999999998887e+00
6.060499999999999332e+00
6.015100000000000335e+00
5.995199999999999640e+00
5.950399999999999245e+00
5.945500000000000895e+00
5.928300000000000125e+00
5.863299999999998846e+00
5.850499999999999368e+00
5.827599999999998559e+00
5.801699999999999413e+00
