1.000000000000000000e+00
1.083900000000000086e+00
1.164400000000000102e+00
1.285100000000000131e+00
1.378599999999999826e+00
1.500699999999999923e+00
1.651400000000000201e+00
1.797700000000000076e+00
1.982599999999999918e+00
2.216299999999999937e+00
2.462200000000000166e+00
2.845499999999999918e+00
3.392400000000000304e+00
4.060500000000000220e+00
4.647299999999999542e+00
6.680200000000001026e+00
8.480199999999999960e+00
1.245540000000000269e+01
1.805790000000000006e+01
2.533549999999999258e+01
3.624379999999999313e+01
4.740070000000000761e+01
5.830519999999999214e+01
7.000069999999999482e+01
8.364069999999999538e+01
9.344520000000002824e+01
1.082582000000000022e+02
1.135166000000000111e+02
1.236049000000000007e+02
1.319748999999999910e+02
1.376944999999999766e+02
1.462884999999999991e+02
1.504223000000000070e+02
1.549578000000000202e+02
1.587353999999999985e+02
1.617930999999999813e+02
1.659765000000000157e+02
1.689843999999999937e+02
1.729746999999999844e+02
1.752284999999999968e+02
1.772493999999999801e+02
1.790345999999999833e+02
1.814175999999999931e+02
1.829123000000000445e+02
1.846387000000000285e+02
1.860385999999999740e+02
1.876099000000000103e+02
1.887519999999999811e+02
1.895487000000000251e+02
1.903392000000000053e+02
1.916762999999999977e+02
1.915885000000000105e+02
1.925131999999999834e+02
1.940469999999999970e+02
1.938249000000000137e+02
1.942261999999999489e+02
1.947872000000000412e+02
1.956413000000000011e+02
1.957082000000000050e+02
1.964708000000000254e+02
1.963191999999999950e+02
1.965425999999999931e+02
1.967753000000000156e+02
1.974307000000000301e+02
1.973289000000000044e+02
1.979839999999999804e+02
1.977109999999999559e+02
1.980970999999999833e+02
1.983289000000000044e+02
1.984642999999999802e+02
1.983713999999999942e+02
1.984179000000000030e+02
1.984797999999999831e+02
1.989226999999999634e+02
1.988211999999999762e+02
1.989258000000000095e+02
1.991757999999999811e+02
1.990169999999999675e+02
1.992041999999999859e+02
1.992013999999999214e+02
1.994683000000000277e+02
1.994449999999999648e+02
1.994643999999999551e+02
1.995309999999999491e+02
1.995326000000000306e+02
1.994747000000000128e+02
1.997057999999999822e+02
1.996173000000000002e+02
1.995973000000000184e+02
1.996725000000000421e+02
1.995423000000000684e+02
1.997540999999999940e+02
1.998146000000000413e+02
1.998055000000000234e+02
1.997136000000000138e+02
1.998865000000000123e+02
1.998589000000000055e+02
1.997989000000000033e+02
1.996250999999999749e+02
1.998861999999999455e+02
