1.000000000000000000e+00
1.086200000000000276e+00
1.158100000000000129e+00
1.270599999999999730e+00
1.387800000000000367e+00
1.504200000000000204e+00
1.648800000000000043e+00
1.801000000000000156e+00
1.982900000000000107e+00
2.235899999999999999e+00
2.517299999999999649e+00
2.897400000000000198e+00
3.387099999999999778e+00
3.900999999999999801e+00
5.118299999999999628e+00
6.760599999999999277e+00
8.854800000000000892e+00
1.272799999999999798e+01
1.788370000000000104e+01
2.582499999999999574e+01
3.617539999999999623e+01
4.680549999999999500e+01
5.833169999999999789e+01
7.324329999999999075e+01
8.417849999999999966e+01
9.772729999999999961e+01
1.053103000000000122e+02
1.155203999999999951e+02
1.245707000000000022e+02
1.320399000000000171e+02
1.397567999999999984e+02
1.446818000000000097e+02
1.483943000000000154e+02
1.545705999999999847e+02
1.609247000000000014e+02
1.622240999999999929e+02
1.661749999999999545e+02
1.701534999999999798e+02
1.722032000000000096e+02
1.756038999999999817e+02
1.776885000000000332e+02
1.788819000000000585e+02
1.819210999999999956e+02
1.832359000000000151e+02
1.839752999999999759e+02
1.869023999999999717e+02
1.877579000000000065e+02
1.884770000000000039e+02
1.892341000000000406e+02
1.911435000000000173e+02
1.911567000000000291e+02
1.918420000000000130e+02
1.922813000000000159e+02
1.936161999999999921e+02
1.937595000000000027e+02
1.948623000000000047e+02
1.949824999999999591e+02
1.954045000000000414e+02
1.959832999999999856e+02
1.960417999999999665e+02
1.965996000000000379e+02
1.967240000000000180e+02
1.970344000000000335e+02
1.971193000000000097e+02
1.977141000000000304e+02
1.977711000000000183e+02
1.978504000000000360e+02
1.980945999999999856e+02
1.982610000000000241e+02
1.983305999999999756e+02
1.983152999999999793e+02
1.985957999999999686e+02
1.988163000000000125e+02
1.987995999999999981e+02
1.990840000000000032e+02
1.990578000000000145e+02
1.991616999999999962e+02
1.992640999999999849e+02
1.992369999999999948e+02
1.990777000000000498e+02
1.993818999999999733e+02
1.994793999999999414e+02
1.996295999999999822e+02
1.995943000000000040e+02
1.995353000000000634e+02
1.996961000000000013e+02
1.995697999999999865e+02
1.996309999999999718e+02
1.996726999999999919e+02
1.996746000000000265e+02
1.997935000000000230e+02
1.997434000000000083e+02
1.997290000000000134e+02
1.999051999999999794e+02
1.997377999999999929e+02
1.997969000000000221e+02
1.999310999999999581e+02
1.998597000000000037e+02
1.999711000000000070e+02
1.999123000000000445e+02
