1.000000000000000000e+00
1.084200000000000053e+00
1.183200000000000029e+00
1.257399999999999851e+00
1.376299999999999857e+00
1.489500000000000268e+00
1.665500000000000203e+00
1.798799999999999955e+00
1.995400000000000285e+00
2.209300000000000264e+00
2.495000000000000107e+00
2.854000000000000536e+00
3.433600000000000207e+00
3.942799999999999638e+00
4.966799999999999216e+00
6.476700000000001012e+00
8.827400000000000801e+00
1.302289999999999814e+01
1.880679999999999552e+01
2.567779999999999774e+01
3.630740000000000123e+01
4.649800000000000466e+01
6.125450000000000728e+01
7.045000000000000284e+01
8.386060000000001935e+01
9.551850000000000307e+01
1.073240000000000123e+02
1.142781000000000091e+02
1.244844999999999828e+02
1.300423000000000116e+02
1.401143999999999892e+02
1.436288999999999874e+02
1.492475000000000023e+02
1.547867999999999995e+02
1.586211999999999875e+02
1.626434000000000140e+02
1.666527000000000100e+02
1.705952999999999804e+02
1.728893999999999949e+02
1.761080000000000041e+02
1.793863000000000341e+02
1.794609999999999843e+02
1.812502000000000066e+02
1.834833000000000141e+02
1.850099000000000160e+02
1.867639000000000351e+02
1.877274000000000171e+02
1.878038999999999987e+02
1.894495000000000005e+02
1.905270999999999901e+02
1.915084000000000515e+02
1.920734999999999957e+02
1.926990000000000123e+02
1.936465000000000032e+02
1.939051999999999794e+02
1.944454999999999529e+02
1.945295999999999594e+02
1.953027000000000157e+02
1.958794000000000608e+02
1.960909999999999798e+02
1.964797000000000367e+02
1.967553999999999235e+02
1.969657999999999731e+02
1.972886000000000024e+02
1.973226999999999975e+02
1.977632999999999868e+02
1.979001000000000658e+02
1.980876000000000090e+02
1.979805000000000348e+02
1.984273000000000025e+02
1.986127000000000180e+02
1.983235999999999990e+02
1.988645999999999674e+02
1.987890999999999906e+02
1.990797000000000025e+02
1.991945000000000050e+02
1.991240000000000236e+02
1.993574999999999591e+02
1.991147999999999456e+02
1.991830000000000211e+02
1.993167000000000257e+02
1.994110000000000298e+02
1.995003999999999849e+02
1.995685000000000286e+02
1.996841999999999757e+02
1.995598999999999705e+02
1.996912000000000376e+02
1.997281000000000120e+02
1.996262999999999863e+02
1.997643999999999949e+02
1.996993999999999971e+02
1.997927999999999997e+02
1.997858000000000231e+02
1.997955999999999790e+02
1.998433000000000277e+02
1.999014000000000237e+02
1.997443999999999846e+02
1.998264000000000635e+02
1.998523000000000422e+02
1.998680000000000234e+02
