1.000000000000000000e+00
1.085099999999999953e+00
1.172399999999999887e+00
1.272199999999999775e+00
1.384000000000000119e+00
1.504499999999999948e+00
1.629000000000000004e+00
1.828500000000000236e+00
1.986299999999999732e+00
2.206300000000000150e+00
2.486000000000000210e+00
2.904399999999999871e+00
3.341799999999999660e+00
4.099199999999999733e+00
4.951900000000000190e+00
6.266000000000000014e+00
8.967299999999999827e+00
1.260960000000000036e+01
1.829530000000000101e+01
2.706970000000000809e+01
3.526959999999999695e+01
4.589170000000000016e+01
5.871260000000000190e+01
7.040690000000000737e+01
8.050280000000000769e+01
9.524559999999998183e+01
1.051939000000000135e+02
1.170738999999999947e+02
1.248272999999999939e+02
1.315229000000000212e+02
1.379744999999999777e+02
1.446892999999999745e+02
1.494201999999999941e+02
1.550109999999999957e+02
1.581762999999999977e+02
1.646775999999999840e+02
1.670267000000000053e+02
1.704675999999999760e+02
1.718297000000000025e+02
1.747946000000000311e+02
1.777147999999999968e+02
1.799348000000000241e+02
1.807770000000000152e+02
1.836058999999999628e+02
1.846475000000000080e+02
1.859040999999999713e+02
1.873047000000000253e+02
1.890625000000000000e+02
1.891322000000000116e+02
1.903953999999999667e+02
1.915627999999999531e+02
1.918031000000000006e+02
1.924556000000000040e+02
1.937428000000000168e+02
1.937290000000000134e+02
1.946345999999999776e+02
1.949972000000000492e+02
1.955211000000000183e+02
1.956699999999999591e+02
1.962862999999999829e+02
1.965127000000000521e+02
1.968242999999999654e+02
1.970277000000000100e+02
1.970148000000000081e+02
1.976508999999999787e+02
1.973269000000000233e+02
1.977366000000000099e+02
1.980905000000000769e+02
1.983919999999999959e+02
1.981574000000000240e+02
1.986028000000000304e+02
1.988584000000000458e+02
1.987148999999999717e+02
1.988736999999999853e+02
1.988644999999999641e+02
1.989868000000000166e+02
1.990632999999999413e+02
1.992927999999999997e+02
1.993378999999999621e+02
1.991159000000000106e+02
1.994443999999999733e+02
1.994431999999999903e+02
1.993420000000000130e+02
1.993727999999999554e+02
1.994546999999999741e+02
1.996222000000000207e+02
1.994573999999999785e+02
1.995009000000000299e+02
1.997455000000000211e+02
1.997180000000000177e+02
1.997201000000000306e+02
1.997408000000000072e+02
1.997378000000000497e+02
1.998472999999999900e+02
1.998215000000000146e+02
1.998571000000000026e+02
1.997694999999999652e+02
1.998215000000000146e+02
1.998528999999999769e+02
1.998923000000000343e+02
