1.000000000000000000e+00
1.080600000000000005e+00
1.165599999999999969e+00
1.270799999999999930e+00
1.385500000000000176e+00
1.487300000000000288e+00
1.652500000000000302e+00
1.807500000000000107e+00
2.010699999999999488e+00
2.170799999999999841e+00
2.438299999999999912e+00
2.829800000000000093e+00
3.297600000000000531e+00
3.823200000000000376e+00
4.741400000000000503e+00
6.284199999999999342e+00
8.200900000000000745e+00
1.158630000000000315e+01
1.727519999999999811e+01
2.463429999999999964e+01
3.283619999999999806e+01
4.414390000000000214e+01
5.778310000000001168e+01
7.096240000000000236e+01
8.359799999999999898e+01
9.373380000000003065e+01
1.040420000000000016e+02
1.150773999999999972e+02
1.220147999999999939e+02
1.308071000000000197e+02
1.382666999999999859e+02
1.438571000000000026e+02
1.502017999999999915e+02
1.544098000000000184e+02
1.587520000000000095e+02
1.638808000000000220e+02
1.670917999999999779e+02
1.704250000000000398e+02
1.722633000000000152e+02
1.742128999999999621e+02
1.783192999999999984e+02
1.786718999999999937e+02
1.814763999999999839e+02
1.834250999999999578e+02
1.842242999999999995e+02
1.859008000000000038e+02
1.867139999999999702e+02
1.878890999999999849e+02
1.901287000000000376e+02
1.907363999999999464e+02
1.915661000000000058e+02
1.918166999999999689e+02
1.925078000000000316e+02
1.934090999999999667e+02
1.938876999999999668e+02
1.941409999999999911e+02
1.953374000000000024e+02
1.955534999999999854e+02
1.957606000000000108e+02
1.959113999999999578e+02
1.961163000000000238e+02
1.968319000000000187e+02
1.966632999999999925e+02
1.973368000000000109e+02
1.973928999999999689e+02
1.978957999999999799e+02
1.978336999999999932e+02
1.982653999999999428e+02
1.982586000000000013e+02
1.984172999999999831e+02
1.985269000000000119e+02
1.985080999999999847e+02
1.987883000000000209e+02
1.988014000000000010e+02
1.989929999999999950e+02
1.991683999999999628e+02
1.992634999999999366e+02
1.993264999999999816e+02
1.992918999999999983e+02
1.990159000000000447e+02
1.994620999999999924e+02
1.993896999999999480e+02
1.995811000000000490e+02
1.995133999999999901e+02
1.996124000000000080e+02
1.997514999999999645e+02
1.995780000000000314e+02
1.996926000000000272e+02
1.995225999999999829e+02
1.997116999999999791e+02
1.997686999999999955e+02
1.997282000000000437e+02
1.997700000000000102e+02
1.997903000000000304e+02
1.997545000000000073e+02
1.997676999999999907e+02
1.998831999999999880e+02
1.998021000000000242e+02
1.998547000000000082e+02
1.997702999999999918e+02
