1.000000000000000000e+00
1.074999999999999956e+00
1.176700000000000079e+00
1.273900000000000032e+00
1.377200000000000202e+00
1.493500000000000050e+00
1.661200000000000232e+00
1.795600000000000085e+00
1.977099999999999858e+00
2.180699999999999417e+00
2.442999999999999616e+00
2.836899999999999977e+00
3.284699999999999509e+00
3.875100000000000655e+00
4.995299999999999407e+00
6.278599999999999959e+00
9.062499999999998224e+00
1.202550000000000452e+01
1.612059999999999960e+01
2.357429999999999737e+01
3.524379999999999313e+01
4.447889999999999588e+01
5.814549999999999130e+01
7.225160000000001048e+01
8.107240000000000180e+01
9.357300000000000750e+01
1.034319999999999879e+02
1.135504999999999995e+02
1.224459999999999980e+02
1.319278000000000191e+02
1.373486000000000047e+02
1.433513000000000090e+02
1.501758000000000095e+02
1.545774999999999864e+02
1.589536999999999978e+02
1.630677999999999770e+02
1.667338000000000022e+02
1.691671000000000049e+02
1.727624999999999886e+02
1.743086999999999875e+02
1.772935999999999694e+02
1.790647000000000162e+02
1.821353000000000009e+02
1.825130999999999801e+02
1.843228000000000293e+02
1.860315999999999974e+02
1.868110999999999819e+02
1.871881000000000199e+02
1.898908999999999878e+02
1.897087999999999681e+02
1.910275000000000318e+02
1.917299999999999898e+02
1.922440000000000282e+02
1.929805000000000064e+02
1.939954999999999643e+02
1.945316000000000827e+02
1.952903000000000304e+02
1.952920999999999481e+02
1.958396999999999650e+02
1.961089000000000055e+02
1.963913000000000011e+02
1.965433999999999628e+02
1.973425000000000011e+02
1.973384999999999820e+02
1.974599000000000046e+02
1.974986999999999853e+02
1.977840000000000202e+02
1.981770000000000493e+02
1.982858000000000516e+02
1.982633999999999901e+02
1.983705999999999676e+02
1.986202000000000112e+02
1.987642000000000166e+02
1.988168000000000291e+02
1.990720000000000312e+02
1.990572000000000230e+02
1.992146000000000186e+02
1.990701000000000533e+02
1.992875999999999408e+02
1.993523999999999887e+02
1.994183000000000163e+02
1.992695999999999970e+02
1.994134000000000242e+02
1.993941999999999837e+02
1.995894000000000119e+02
1.995477999999999383e+02
1.996425999999999874e+02
1.995106000000000108e+02
1.998386999999999603e+02
1.997727999999999895e+02
1.998003000000000213e+02
1.996629999999999541e+02
1.997351000000000170e+02
1.997610999999999990e+02
1.998345999999999947e+02
1.998615000000000066e+02
1.997340999999999553e+02
1.998276999999999930e+02
1.999180000000000064e+02
1.998610000000000184e+02
