1.000000000000000000e+00
1.085800000000000098e+00
1.169599999999999973e+00
1.272400000000000198e+00
1.392900000000000027e+00
1.506800000000000139e+00
1.646099999999999897e+00
1.807699999999999863e+00
1.986999999999999877e+00
2.221700000000000230e+00
2.466899999999999871e+00
2.795799999999999841e+00
3.339800000000000324e+00
3.860899999999999554e+00
4.894599999999999618e+00
6.529599999999999405e+00
8.685500000000001108e+00
1.241430000000000078e+01
1.753619999999999735e+01
2.526359999999999673e+01
3.299060000000000059e+01
4.725009999999999621e+01
5.886880000000000024e+01
7.142030000000001166e+01
8.233460000000000889e+01
9.684479999999999222e+01
1.051199000000000154e+02
1.142245999999999952e+02
1.233280000000000314e+02
1.296163999999999987e+02
1.379536999999999978e+02
1.444832000000000107e+02
1.486527999999999565e+02
1.544822000000000060e+02
1.592610999999999990e+02
1.629505000000000052e+02
1.672276999999999987e+02
1.712061999999999955e+02
1.722007999999999583e+02
1.757346000000000004e+02
1.782840000000000202e+02
1.797749000000000024e+02
1.800617000000000303e+02
1.832733000000000061e+02
1.850984000000000265e+02
1.865203000000000202e+02
1.869168999999999983e+02
1.876601999999999748e+02
1.899329000000000178e+02
1.902777000000000385e+02
1.914117999999999995e+02
1.928034000000000106e+02
1.926803000000000168e+02
1.936969999999999743e+02
1.940724999999999625e+02
1.943753999999999849e+02
1.947622000000000071e+02
1.952064999999999770e+02
1.957261999999999773e+02
1.963663999999999987e+02
1.963973000000000013e+02
1.972403000000000191e+02
1.971776000000000124e+02
1.974711000000000070e+02
1.974795000000000016e+02
1.976761000000000479e+02
1.979137999999999806e+02
1.980532999999999788e+02
1.984636999999999887e+02
1.986670999999999481e+02
1.985920000000000130e+02
1.986854999999999905e+02
1.989484000000000492e+02
1.989488999999999805e+02
1.986381999999999834e+02
1.991053000000000281e+02
1.990812000000000239e+02
1.991096999999999753e+02
1.993417000000000598e+02
1.995495999999999981e+02
1.994742000000000246e+02
1.995775999999999897e+02
1.994916000000000338e+02
1.994920999999999935e+02
1.996500999999999806e+02
1.996667999999999665e+02
1.996460000000000150e+02
1.996042000000000201e+02
1.997306000000000097e+02
1.995669999999999220e+02
1.996831999999999994e+02
1.998133999999999730e+02
1.997730999999999995e+02
1.997838000000000136e+02
1.998322000000000571e+02
1.997590000000000146e+02
1.998085000000000662e+02
1.998438000000000159e+02
1.998321000000000254e+02
1.998305000000000007e+02
