1.000000000000000000e+00
1.083299999999999930e+00
1.172099999999999920e+00
1.271799999999999820e+00
1.371199999999999530e+00
1.500399999999999956e+00
1.617199999999999749e+00
1.756899999999999906e+00
1.922800000000000065e+00
2.065100000000000158e+00
2.293499999999999872e+00
2.525900000000000034e+00
2.808000000000000274e+00
3.105199999999999960e+00
3.560400000000000897e+00
4.163100000000000023e+00
4.855099999999999305e+00
5.629100000000001103e+00
6.443300000000000693e+00
7.972199999999999953e+00
8.602500000000000924e+00
9.844599999999999795e+00
1.067629999999999946e+01
1.109279999999999688e+01
1.172579999999999956e+01
1.188739999999999952e+01
1.201720000000000255e+01
1.210299999999999976e+01
1.189980000000000082e+01
1.188140000000000107e+01
1.173390000000000022e+01
1.156780000000000008e+01
1.138440000000000119e+01
1.128219999999999779e+01
1.100469999999999970e+01
1.090960000000000285e+01
1.073070000000000412e+01
1.050039999999999729e+01
1.034099999999999930e+01
1.015049999999999919e+01
1.007189999999999941e+01
9.803000000000000824e+00
9.715700000000000003e+00
9.559400000000000119e+00
9.399099999999998900e+00
9.216599999999999682e+00
9.118900000000001782e+00
9.004200000000000870e+00
8.854699999999999349e+00
8.728600000000001913e+00
8.642699999999999605e+00
8.538900000000001711e+00
8.392299999999998761e+00
8.290899999999998826e+00
8.205799999999999983e+00
8.071300000000000807e+00
8.007099999999999440e+00
7.880300000000000971e+00
7.814099999999999824e+00
7.754099999999999326e+00
7.625900000000000567e+00
7.632400000000000517e+00
7.496500000000002828e+00
7.430999999999998273e+00
7.342699999999999783e+00
7.268299999999999095e+00
7.242100000000000648e+00
7.163499999999999979e+00
7.165400000000000880e+00
7.044800000000000395e+00
7.016000000000000014e+00
6.956100000000001060e+00
6.851999999999999424e+00
6.810399999999999565e+00
6.780599999999999739e+00
6.731699999999998241e+00
6.671199999999998909e+00
6.614900000000000446e+00
6.594899999999999984e+00
6.522199999999998887e+00
6.476600000000001245e+00
6.427400000000001334e+00
6.425800000000000622e+00
6.325600000000000556e+00
6.313400000000000567e+00
6.285500000000000753e+00
6.258399999999999963e+00
6.209299999999999820e+00
6.178100000000000591e+00
6.160600000000000520e+00
6.133099999999999774e+00
6.085500000000001464e+00
6.086999999999999744e+00
6.012699999999999712e+00
6.020900000000000141e+00
5.997099999999997877e+00
5.973799999999999777e+00
5.946099999999998609e+00
5.894800000000000040e+00
5.889599999999998836e+00
