1.000000000000000000e+00
1.078500000000000014e+00
1.179400000000000004e+00
1.266600000000000170e+00
1.380500000000000060e+00
1.491800000000000459e+00
1.602100000000000302e+00
1.758799999999999697e+00
1.888199999999999878e+00
2.067399999999999682e+00
2.278700000000000170e+00
2.552599999999999980e+00
2.824200000000000266e+00
3.055600000000000094e+00
3.606300000000000061e+00
4.083299999999999486e+00
4.738100000000000200e+00
5.662999999999999368e+00
6.577000000000000846e+00
7.618200000000001637e+00
8.543199999999998795e+00
9.842599999999999127e+00
1.053819999999999979e+01
1.136229999999999940e+01
1.187260000000000026e+01
1.188690000000000069e+01
1.206059999999999910e+01
1.219720000000000049e+01
1.201219999999999999e+01
1.191300000000000381e+01
1.185850000000000115e+01
1.164129999999999932e+01
1.148240000000000016e+01
1.131639999999999802e+01
1.102389999999999937e+01
1.099259999999999948e+01
1.080370000000000097e+01
1.062810000000000166e+01
1.045819999999999972e+01
1.025699999999999790e+01
1.011349999999999838e+01
9.883300000000000196e+00
9.711100000000000065e+00
9.545499999999998764e+00
9.469599999999998019e+00
9.323299999999999699e+00
9.156699999999998951e+00
9.065699999999999648e+00
8.931700000000001083e+00
8.826200000000000045e+00
8.661100000000001131e+00
8.574799999999999756e+00
8.497299999999999187e+00
8.374900000000000233e+00
8.277300000000000324e+00
8.154700000000000060e+00
8.104000000000000981e+00
7.976399999999997270e+00
7.866499999999999382e+00
7.761000000000000121e+00
7.738900000000000112e+00
7.656999999999999140e+00
7.596900000000001540e+00
7.532000000000000028e+00
7.429499999999999105e+00
7.364099999999999646e+00
7.274799999999999045e+00
7.252299999999999969e+00
7.197499999999998899e+00
7.128000000000001002e+00
7.069099999999999717e+00
6.998599999999999710e+00
6.940000000000000391e+00
6.896200000000000330e+00
6.826899999999999302e+00
6.759699999999998710e+00
6.733400000000002272e+00
6.617600000000001259e+00
6.621600000000000819e+00
6.562099999999999156e+00
6.530300000000000438e+00
6.501299999999998747e+00
6.434400000000000119e+00
6.411599999999999966e+00
6.400499999999999190e+00
6.322500000000001563e+00
6.299500000000000099e+00
6.275700000000000500e+00
6.238900000000001000e+00
6.211799999999999322e+00
6.180899999999999395e+00
6.161899999999999267e+00
6.127100000000000435e+00
6.096899999999999764e+00
6.063200000000000145e+00
6.038899999999999046e+00
6.014199999999999768e+00
5.980100000000000193e+00
5.975900000000001100e+00
5.932900000000000063e+00
