1.000000000000000000e+00
1.086999999999999966e+00
1.171999999999999931e+00
1.277100000000000124e+00
1.369499999999999940e+00
1.482499999999999929e+00
1.653200000000000225e+00
1.788999999999999702e+00
1.991500000000000048e+00
2.195300000000000029e+00
2.502699999999999925e+00
2.796699999999999520e+00
3.308199999999999807e+00
4.028400000000000425e+00
4.919200000000000017e+00
6.625499999999999723e+00
8.671400000000000219e+00
1.175500000000000078e+01
1.716559999999999775e+01
2.322020000000000550e+01
3.368919999999999959e+01
4.499760000000000559e+01
5.911880000000000024e+01
7.241749999999998977e+01
8.271049999999999613e+01
9.236730000000000018e+01
1.055163999999999902e+02
1.140193000000000154e+02
1.226450999999999993e+02
1.301938000000000102e+02
1.387311000000000263e+02
1.446550999999999760e+02
1.502709999999999866e+02
1.556354000000000326e+02
1.599598000000000013e+02
1.640352000000000032e+02
1.663865999999999872e+02
1.682262000000000342e+02
1.730688000000000102e+02
1.745645000000000095e+02
1.785794999999999959e+02
1.803732999999999720e+02
1.809226000000000170e+02
1.823923000000000059e+02
1.849824999999999591e+02
1.860604000000000156e+02
1.877690999999999519e+02
1.887189999999999372e+02
1.894227999999999952e+02
1.908917000000000144e+02
1.913068999999999846e+02
1.919263000000000545e+02
1.930170999999999992e+02
1.939639000000000237e+02
1.942599999999999625e+02
1.942096999999999980e+02
1.947573999999999899e+02
1.949005000000000223e+02
1.957545999999999822e+02
1.959493999999999971e+02
1.963876999999999953e+02
1.967922000000000082e+02
1.971634999999999991e+02
1.974291000000000054e+02
1.975073999999999899e+02
1.975434999999999945e+02
1.979620999999999924e+02
1.980676000000000272e+02
1.982866999999999962e+02
1.982969999999999970e+02
1.982788999999999930e+02
1.989013999999999953e+02
1.987121999999999673e+02
1.990406999999999869e+02
1.990336000000000070e+02
1.989408999999999708e+02
1.986790000000000020e+02
1.991445000000000505e+02
1.992468999999999824e+02
1.993361000000000161e+02
1.994686000000000092e+02
1.994697999999999638e+02
1.994287000000000489e+02
1.995244000000000710e+02
1.996002999999999759e+02
1.996757000000000062e+02
1.996150000000000091e+02
1.996984999999999957e+02
1.996834999999999809e+02
1.996728000000000236e+02
1.997991999999999564e+02
1.998316000000000372e+02
1.997295000000000300e+02
1.998772999999999911e+02
1.998746000000000151e+02
1.997842999999999734e+02
1.998294999999999675e+02
1.998845999999999776e+02
1.998069000000000131e+02
1.999074000000000524e+02
