1.000000000000000000e+00
1.081199999999999939e+00
1.170900000000000052e+00
1.273500000000000076e+00
1.376999999999999780e+00
1.509300000000000086e+00
1.636500000000000066e+00
1.805500000000000327e+00
2.005100000000000104e+00
2.233400000000000052e+00
2.483999999999999986e+00
2.851399999999999491e+00
3.268900000000000805e+00
3.962099999999999955e+00
4.817800000000000082e+00
6.420400000000000773e+00
8.757999999999999119e+00
1.241220000000000034e+01
1.667619999999999791e+01
2.534570000000000789e+01
3.359250000000000114e+01
4.338289999999999935e+01
5.716529999999999490e+01
6.922650000000000148e+01
8.373740000000002226e+01
9.436180000000001655e+01
1.032166000000000139e+02
1.162077000000000169e+02
1.238965000000000174e+02
1.319615000000000009e+02
1.362192000000000007e+02
1.454519999999999698e+02
1.502325000000000159e+02
1.560695000000000050e+02
1.590080999999999847e+02
1.625654000000000110e+02
1.662536999999999807e+02
1.689600999999999829e+02
1.739172000000000082e+02
1.744307999999999765e+02
1.782129999999999939e+02
1.782485999999999819e+02
1.819743000000000279e+02
1.834233999999999583e+02
1.850620000000000118e+02
1.860742000000000189e+02
1.872265999999999906e+02
1.884071000000000140e+02
1.897761000000000138e+02
1.905980000000000416e+02
1.910324999999999704e+02
1.921367999999999938e+02
1.927906999999999584e+02
1.931667999999999665e+02
1.940498999999999796e+02
1.941882999999999413e+02
1.949372000000000185e+02
1.955530999999999722e+02
1.959603999999999644e+02
1.956356999999999573e+02
1.963636999999999944e+02
1.965034000000000276e+02
1.970623999999999683e+02
1.974385000000000332e+02
1.974149999999999920e+02
1.976206999999999994e+02
1.977382999999999811e+02
1.980362000000000364e+02
1.984330999999999676e+02
1.983840999999999894e+02
1.984525999999999897e+02
1.986837000000000160e+02
1.987728000000000748e+02
1.990191000000000372e+02
1.988381999999999721e+02
1.991029999999999518e+02
1.992687999999999988e+02
1.991401999999999646e+02
1.992382000000000346e+02
1.994134999999999991e+02
1.993962999999999681e+02
1.995198000000000320e+02
1.992338999999999487e+02
1.995134000000000469e+02
1.996327999999999747e+02
1.996447000000000003e+02
1.997752000000000407e+02
1.997564999999999884e+02
1.996942000000000235e+02
1.997296000000000049e+02
1.997959000000000458e+02
1.997921000000000049e+02
1.998947000000000003e+02
1.998675000000000352e+02
1.999344000000000108e+02
1.997962000000000273e+02
1.999161000000000001e+02
1.998848999999999876e+02
1.998871000000000038e+02
1.998875000000000455e+02
