1.000000000000000000e+00
1.081099999999999950e+00
1.170499999999999874e+00
1.271400000000000086e+00
1.370899999999999785e+00
1.495900000000000007e+00
1.609399999999999942e+00
1.760699999999999932e+00
1.928099999999999925e+00
2.108899999999999775e+00
2.287700000000000067e+00
2.532099999999999795e+00
2.783300000000000551e+00
3.155400000000000649e+00
3.534100000000000463e+00
4.099300000000000388e+00
4.748699999999999477e+00
5.549999999999999822e+00
6.453800000000000203e+00
7.700600000000000556e+00
8.754799999999999471e+00
9.579399999999999693e+00
1.071630000000000038e+01
1.132259999999999955e+01
1.184539999999999971e+01
1.195720000000000027e+01
1.201459999999999795e+01
1.214150000000000063e+01
1.208010000000000161e+01
1.204290000000000127e+01
1.180410000000000004e+01
1.161869999999999870e+01
1.151719999999999722e+01
1.131269999999999953e+01
1.104390000000000072e+01
1.088039999999999985e+01
1.073700000000000010e+01
1.055010000000000048e+01
1.039420000000000144e+01
1.021470000000000056e+01
1.006760000000000055e+01
9.888200000000001211e+00
9.784800000000000608e+00
9.588900000000000645e+00
9.461500000000000909e+00
9.270199999999999108e+00
9.176299999999999457e+00
9.032299999999999329e+00
8.943599999999999994e+00
8.804000000000000270e+00
8.704399999999999693e+00
8.605500000000001037e+00
8.400600000000000733e+00
8.351299999999998391e+00
8.263199999999999434e+00
8.148500000000000298e+00
8.049200000000000799e+00
7.929899999999999949e+00
7.858299999999998953e+00
7.797000000000001485e+00
7.707900000000000418e+00
7.614399999999999835e+00
7.564299999999999358e+00
7.491399999999999615e+00
7.411999999999999034e+00
7.360799999999999343e+00
7.319500000000000561e+00
7.212299999999999045e+00
7.204900000000000304e+00
7.084100000000001174e+00
7.067699999999999427e+00
6.958999999999998742e+00
6.882699999999999818e+00
6.889800000000001035e+00
6.807500000000000107e+00
6.771999999999999353e+00
6.701400000000001356e+00
6.670499999999998764e+00
6.616099999999999426e+00
6.590099999999998737e+00
6.549300000000000566e+00
6.462399999999998812e+00
6.451200000000000045e+00
6.389899999999999913e+00
6.355199999999999072e+00
6.337500000000000355e+00
6.278200000000001779e+00
6.271900000000000475e+00
6.233899999999998442e+00
6.207499999999999574e+00
6.162000000000000810e+00
6.148300000000000765e+00
6.108199999999999186e+00
6.086400000000001143e+00
6.040199999999999569e+00
6.037600000000001188e+00
5.984399999999999054e+00
5.975799999999999557e+00
5.951299999999998924e+00
5.900900000000000034e+00
