1.000000000000000000e+00
1.080500000000000016e+00
1.167900000000000160e+00
1.271799999999999820e+00
1.383499999999999952e+00
1.487800000000000011e+00
1.658599999999999852e+00
1.806600000000000206e+00
1.991700000000000248e+00
2.201899999999999746e+00
2.476399999999999935e+00
2.831600000000000339e+00
3.358100000000000751e+00
4.016999999999999460e+00
4.844199999999999839e+00
6.271599999999998509e+00
8.735200000000000742e+00
1.248610000000000042e+01
1.723889999999999745e+01
2.343890000000000029e+01
3.377400000000000091e+01
4.671700000000000585e+01
5.559140000000000015e+01
7.239409999999999457e+01
8.332870000000001198e+01
9.261169999999999902e+01
1.040386000000000024e+02
1.137296999999999940e+02
1.229664999999999964e+02
1.298833999999999946e+02
1.383421999999999912e+02
1.447885000000000275e+02
1.489000000000000057e+02
1.539638000000000204e+02
1.603479999999999848e+02
1.632719999999999914e+02
1.656771000000000242e+02
1.698749000000000535e+02
1.728691000000000599e+02
1.751072000000000344e+02
1.774968999999999824e+02
1.794087999999999852e+02
1.817632000000000403e+02
1.832332999999999856e+02
1.848097999999999956e+02
1.857484000000000037e+02
1.877552000000000305e+02
1.892982000000000085e+02
1.894325000000000330e+02
1.902715000000000032e+02
1.913191000000000486e+02
1.919810999999999979e+02
1.923163000000000125e+02
1.929289999999999736e+02
1.942225999999999715e+02
1.945791000000000111e+02
1.952076999999999600e+02
1.950890000000000271e+02
1.960026000000000295e+02
1.960481000000000051e+02
1.963555000000000064e+02
1.965326000000000306e+02
1.971474999999999511e+02
1.969383000000000266e+02
1.975293999999999812e+02
1.974262999999999977e+02
1.976044000000000267e+02
1.980577000000000112e+02
1.982693999999999903e+02
1.983609000000000151e+02
1.985081000000000131e+02
1.985446000000000026e+02
1.986443000000000154e+02
1.987726000000000113e+02
1.991183000000000050e+02
1.989817999999999927e+02
1.991739999999999782e+02
1.990513000000000545e+02
1.992350999999999885e+02
1.994018999999999835e+02
1.994660000000000650e+02
1.993157999999999674e+02
1.994890000000000043e+02
1.995866000000000042e+02
1.994892999999999574e+02
1.996510000000000105e+02
1.996965999999999894e+02
1.997673999999999808e+02
1.997966000000000122e+02
1.997591000000000463e+02
1.996801999999999566e+02
1.995691999999999950e+02
1.997138999999999953e+02
1.998838000000000363e+02
1.998415000000000248e+02
1.998309000000000140e+02
1.998134999999999764e+02
1.998621999999999730e+02
1.998060000000000116e+02
1.999803000000000281e+02
