1.000000000000000000e+00
1.078500000000000014e+00
1.180399999999999894e+00
1.268199999999999994e+00
1.386399999999999855e+00
1.503900000000000237e+00
1.628499999999999837e+00
1.806099999999999595e+00
1.951099999999999834e+00
2.187299999999999578e+00
2.483299999999999841e+00
2.879700000000000149e+00
3.330299999999999816e+00
3.813700000000000756e+00
5.011499999999999844e+00
6.349700000000000344e+00
8.541999999999999815e+00
1.248189999999999777e+01
1.769279999999999831e+01
2.431900000000000261e+01
3.193549999999999756e+01
4.529149999999999920e+01
5.476319999999999766e+01
6.916150000000000375e+01
8.331029999999998381e+01
9.165630000000001587e+01
1.043105000000000047e+02
1.128755999999999915e+02
1.242723999999999762e+02
1.299501999999999953e+02
1.388120999999999867e+02
1.441765000000000043e+02
1.486312000000000069e+02
1.551345000000000027e+02
1.579868000000000166e+02
1.629519999999999982e+02
1.670888999999999953e+02
1.709056999999999960e+02
1.730750999999999920e+02
1.742864999999999327e+02
1.781773000000000025e+02
1.796371000000000038e+02
1.820262999999999636e+02
1.831452000000000169e+02
1.847549999999999955e+02
1.857102000000000146e+02
1.874185000000000514e+02
1.890474000000000103e+02
1.897317999999999927e+02
1.910511000000000195e+02
1.913395000000000437e+02
1.921060999999999979e+02
1.929344000000000108e+02
1.932920000000000016e+02
1.938834999999999980e+02
1.946908999999999708e+02
1.949627999999999872e+02
1.954350999999999487e+02
1.955792000000000144e+02
1.962941000000000429e+02
1.962110999999999592e+02
1.968051000000000101e+02
1.970107999999999890e+02
1.975079999999999814e+02
1.976029999999999802e+02
1.978055999999999699e+02
1.978734000000000037e+02
1.980160999999999945e+02
1.982824999999999704e+02
1.981242000000000303e+02
1.986047000000000082e+02
1.985852000000000146e+02
1.987228999999999814e+02
1.986872999999999649e+02
1.989022999999999968e+02
1.988885999999999967e+02
1.987312000000000296e+02
1.992465000000000259e+02
1.993062999999999647e+02
1.992998000000000047e+02
1.993076999999999543e+02
1.994010000000000105e+02
1.993711999999999875e+02
1.994133999999999958e+02
1.996166999999999803e+02
1.994457000000000448e+02
1.996649999999999920e+02
1.996714000000000055e+02
1.996171999999999684e+02
1.996842999999999790e+02
1.997567999999999984e+02
1.997391000000000361e+02
1.997322000000000344e+02
1.998832000000000448e+02
1.998852000000000544e+02
1.997340000000000089e+02
1.999002000000000123e+02
1.999162000000000319e+02
1.998229999999999791e+02
1.998584000000000458e+02
