1.000000000000000000e+00
1.080600000000000005e+00
1.165300000000000002e+00
1.268799999999999928e+00
1.379299999999999971e+00
1.475499999999999812e+00
1.626499999999999835e+00
1.761900000000000022e+00
1.932899999999999840e+00
2.059699999999999864e+00
2.251999999999999780e+00
2.532800000000000384e+00
2.793100000000000804e+00
3.091399999999999704e+00
3.491000000000000991e+00
4.053499999999999659e+00
4.631099999999999994e+00
5.383199999999998653e+00
6.511699999999998489e+00
7.687700000000001310e+00
8.668400000000001882e+00
9.751400000000000290e+00
1.072680000000000078e+01
1.146289999999999942e+01
1.191019999999999968e+01
1.198950000000000315e+01
1.223589999999999911e+01
1.231479999999999997e+01
1.204670000000000130e+01
1.195030000000000037e+01
1.175419999999999909e+01
1.163710000000000200e+01
1.154280000000000150e+01
1.139039999999999964e+01
1.117819999999999681e+01
1.108999999999999986e+01
1.077290000000000170e+01
1.057139999999999702e+01
1.041669999999999874e+01
1.019410000000000061e+01
1.008230000000000182e+01
9.989300000000000068e+00
9.780800000000001049e+00
9.676899999999999835e+00
9.434099999999999042e+00
9.279600000000002069e+00
9.183899999999999508e+00
9.043400000000001882e+00
8.898799999999997823e+00
8.844299999999998718e+00
8.701000000000000512e+00
8.563700000000000756e+00
8.458299999999999486e+00
8.390699999999998937e+00
8.292600000000000193e+00
8.186399999999999011e+00
8.079299999999999926e+00
7.962900000000001199e+00
7.917400000000001548e+00
7.820000000000001172e+00
7.727100000000001856e+00
7.681599999999999540e+00
7.601899999999997881e+00
7.540900000000000603e+00
7.422699999999999854e+00
7.365899999999999004e+00
7.306500000000000661e+00
7.243900000000001782e+00
7.183099999999999596e+00
7.117300000000001070e+00
7.072700000000000209e+00
7.006900000000000794e+00
6.971200000000001396e+00
6.890000000000001457e+00
6.877999999999999226e+00
6.789499999999999424e+00
6.741600000000000925e+00
6.668899999999999828e+00
6.658300000000000551e+00
6.627699999999999925e+00
6.552700000000000635e+00
6.515999999999999126e+00
6.456700000000000550e+00
6.424700000000000522e+00
6.382299999999999862e+00
6.340299999999998271e+00
6.295099999999999696e+00
6.279799999999999827e+00
6.240299999999999514e+00
6.215300000000000935e+00
6.171200000000001573e+00
6.160599999999999632e+00
6.122499999999999609e+00
6.095999999999999197e+00
6.082399999999999807e+00
6.065299999999999692e+00
6.012400000000001299e+00
5.986000000000000654e+00
5.959500000000000242e+00
5.942200000000001481e+00
