1.000000000000000000e+00
1.083400000000000141e+00
1.173200000000000021e+00
1.274000000000000021e+00
1.376800000000000024e+00
1.514499999999999957e+00
1.644499999999999851e+00
1.806100000000000039e+00
2.007000000000000117e+00
2.184299999999999908e+00
2.498499999999999499e+00
2.819800000000000306e+00
3.306599999999999540e+00
3.889600000000000168e+00
4.915700000000000180e+00
6.601599999999998580e+00
9.235300000000000509e+00
1.249310000000000187e+01
1.699560000000000315e+01
2.648959999999999937e+01
3.346640000000000015e+01
4.641580000000001149e+01
5.756250000000000711e+01
6.854269999999999641e+01
8.380999999999998806e+01
9.293880000000001473e+01
1.039127000000000010e+02
1.153604000000000127e+02
1.225213999999999999e+02
1.312187999999999874e+02
1.376430000000000007e+02
1.435641000000000247e+02
1.484868000000000166e+02
1.537723000000000013e+02
1.589607000000000028e+02
1.633017000000000110e+02
1.673284999999999911e+02
1.696719999999999970e+02
1.727122999999999706e+02
1.747056000000000040e+02
1.771799000000000035e+02
1.795238999999999692e+02
1.809738999999999862e+02
1.835757000000000403e+02
1.843019999999999641e+02
1.866525999999999783e+02
1.876781000000000006e+02
1.885336000000000070e+02
1.893753000000000384e+02
1.909063999999999623e+02
1.917788999999999646e+02
1.919651000000000067e+02
1.920157999999999845e+02
1.937518000000000029e+02
1.939654999999999916e+02
1.941084000000000458e+02
1.949129000000000360e+02
1.952570999999999515e+02
1.959063999999999908e+02
1.960460000000000207e+02
1.959478000000000009e+02
1.965670999999999822e+02
1.969515000000000100e+02
1.972964000000000055e+02
1.974813000000000045e+02
1.977199000000000240e+02
1.980303000000000111e+02
1.978095999999999890e+02
1.980879999999999939e+02
1.986356999999999573e+02
1.985257000000000005e+02
1.987624000000000137e+02
1.988703999999999610e+02
1.989033999999999764e+02
1.989616999999999791e+02
1.990045000000000073e+02
1.992903000000000304e+02
1.991934000000000253e+02
1.994002000000000123e+02
1.991165000000000020e+02
1.994116000000000213e+02
1.995099999999999909e+02
1.992642999999999915e+02
1.995478999999999985e+02
1.994587999999999681e+02
1.996186999999999614e+02
1.995815000000000055e+02
1.995759999999999934e+02
1.996135999999999626e+02
1.997557000000000471e+02
1.996932999999999936e+02
1.997111000000000161e+02
1.998972000000000548e+02
1.997990000000000066e+02
1.998377000000000123e+02
1.998478999999999814e+02
1.999251000000000431e+02
1.998931000000000040e+02
1.998639000000000294e+02
1.998961999999999932e+02
