1.000000000000000000e+00
1.079800000000000093e+00
1.173299999999999788e+00
1.263100000000000112e+00
1.389000000000000012e+00
1.488199999999999745e+00
1.651899999999999924e+00
1.788300000000000223e+00
1.974599999999999689e+00
2.204199999999999715e+00
2.486099999999999977e+00
2.813599999999999657e+00
3.381200000000000205e+00
3.996900000000000563e+00
4.776299999999999990e+00
5.947499999999999787e+00
8.663600000000000634e+00
1.169530000000000136e+01
1.775250000000000128e+01
2.556820000000000093e+01
3.605189999999999628e+01
4.366479999999999251e+01
5.936119999999999663e+01
7.001280000000001280e+01
8.446019999999998618e+01
9.520149999999999579e+01
1.057032999999999987e+02
1.146146000000000100e+02
1.250783999999999878e+02
1.317687999999999988e+02
1.377450999999999794e+02
1.446051999999999964e+02
1.495889999999999986e+02
1.549501999999999953e+02
1.581417000000000144e+02
1.631736999999999966e+02
1.661449000000000069e+02
1.693869999999999720e+02
1.728571999999999775e+02
1.754278000000000191e+02
1.771894000000000347e+02
1.795913000000000181e+02
1.818366000000000042e+02
1.842956999999999539e+02
1.839814000000000078e+02
1.861902999999999793e+02
1.872483999999999185e+02
1.881228999999999587e+02
1.894726000000000283e+02
1.900484999999999900e+02
1.912790999999999997e+02
1.916818999999999562e+02
1.927847000000000151e+02
1.936425000000000125e+02
1.940237000000000194e+02
1.946191999999999780e+02
1.942233999999999696e+02
1.952556999999999334e+02
1.959635999999999569e+02
1.961784999999999570e+02
1.966944999999999766e+02
1.965687999999999818e+02
1.972792000000000314e+02
1.973240000000000123e+02
1.974917000000000087e+02
1.976990999999999872e+02
1.979148999999999887e+02
1.981597999999999900e+02
1.982396999999999707e+02
1.986274000000000228e+02
1.985536000000000172e+02
1.985898000000000252e+02
1.989253999999999962e+02
1.989658000000000300e+02
1.989335999999999558e+02
1.991585000000000321e+02
1.991879000000000133e+02
1.992393999999999892e+02
1.992830000000000155e+02
1.993111000000000388e+02
1.993641999999999825e+02
1.993508000000000209e+02
1.995043000000000291e+02
1.995536000000000172e+02
1.995271000000000186e+02
1.996711999999999989e+02
1.995841999999999530e+02
1.996710000000000207e+02
1.997649000000000115e+02
1.997197999999999922e+02
1.996782000000000039e+02
1.997689000000000021e+02
1.998443000000000325e+02
1.997146000000000754e+02
1.997944000000000244e+02
1.998354000000000212e+02
1.997887000000000626e+02
1.999311000000000149e+02
1.998429999999999893e+02
1.998792000000000257e+02
