1.000000000000000000e+00
1.086699999999999999e+00
1.171600000000000197e+00
1.275399999999999867e+00
1.363799999999999901e+00
1.470199999999999729e+00
1.626300000000000301e+00
1.750199999999999756e+00
1.920099999999999918e+00
2.077999999999999403e+00
2.301099999999999923e+00
2.505399999999999849e+00
2.791700000000000070e+00
3.181299999999999795e+00
3.561100000000000154e+00
4.136499999999999844e+00
4.720099999999999518e+00
5.476300000000000168e+00
6.478699999999999903e+00
7.424199999999999910e+00
8.748199999999998866e+00
9.739599999999999369e+00
1.066760000000000019e+01
1.138669999999999582e+01
1.175229999999999819e+01
1.183469999999999978e+01
1.213629999999999853e+01
1.200370000000000203e+01
1.200639999999999930e+01
1.183890000000000242e+01
1.167689999999999984e+01
1.158999999999999986e+01
1.148869999999999969e+01
1.123210000000000086e+01
1.111749999999999972e+01
1.093669999999999831e+01
1.082579999999999920e+01
1.047299999999999720e+01
1.040770000000000017e+01
1.020150000000000290e+01
1.001590000000000025e+01
9.851599999999997692e+00
9.700400000000000134e+00
9.568299999999998917e+00
9.417699999999998184e+00
9.311700000000000088e+00
9.134999999999999787e+00
9.043999999999998707e+00
8.901199999999999335e+00
8.800599999999999312e+00
8.669700000000000628e+00
8.540200000000000458e+00
8.379999999999999005e+00
8.302500000000000213e+00
8.220800000000000551e+00
8.109399999999999054e+00
8.031299999999999883e+00
7.903400000000000425e+00
7.836799999999998434e+00
7.743099999999999206e+00
7.660199999999999676e+00
7.602900000000001768e+00
7.515900000000001135e+00
7.434700000000001197e+00
7.382999999999999119e+00
7.293399999999999217e+00
7.241999999999999105e+00
7.178799999999999848e+00
7.128799999999999137e+00
7.067200000000000593e+00
6.984499999999999709e+00
6.977999999999999758e+00
6.898900000000001143e+00
6.878800000000000026e+00
6.765299999999999869e+00
6.754800000000000360e+00
6.691999999999999282e+00
6.657500000000001528e+00
6.583899999999999864e+00
6.554199999999998028e+00
6.492000000000000881e+00
6.457000000000000739e+00
6.416200000000002568e+00
6.385599999999999277e+00
6.320599999999999774e+00
6.293700000000000294e+00
6.243200000000000749e+00
6.231199999999998518e+00
6.185300000000000686e+00
6.177400000000000446e+00
6.138899999999999579e+00
6.091099999999999959e+00
6.068300000000001582e+00
6.052900000000001057e+00
6.030700000000000394e+00
5.995199999999998752e+00
5.961999999999997968e+00
5.959299999999999820e+00
5.892699999999999605e+00
5.899299999999999322e+00
