1.000000000000000000e+00
1.080400000000000027e+00
1.168799999999999839e+00
1.273100000000000120e+00
1.379499999999999948e+00
1.508399999999999741e+00
1.623299999999999743e+00
1.797599999999999643e+00
1.991500000000000270e+00
2.214899999999999647e+00
2.471999999999999975e+00
2.828799999999999759e+00
3.297999999999999599e+00
3.974099999999999522e+00
4.912000000000000810e+00
6.651800000000000601e+00
8.853500000000000369e+00
1.198740000000000272e+01
1.700929999999999964e+01
2.464139999999999731e+01
3.475779999999999603e+01
4.568480000000000274e+01
5.594160000000000110e+01
7.095289999999998543e+01
8.035649999999998272e+01
9.095210000000001571e+01
1.059728999999999957e+02
1.145716000000000179e+02
1.220584000000000060e+02
1.292217999999999734e+02
1.389591000000000065e+02
1.443915000000000077e+02
1.479788000000000068e+02
1.537113000000000227e+02
1.598618999999999915e+02
1.646608000000000231e+02
1.669843999999999937e+02
1.704944000000000131e+02
1.730459999999999923e+02
1.755538000000000238e+02
1.774311999999999614e+02
1.796791000000000338e+02
1.811370000000000573e+02
1.835927000000000078e+02
1.851367999999999938e+02
1.872828999999999837e+02
1.875165000000000077e+02
1.886657000000000437e+02
1.902696000000000254e+02
1.907565999999999917e+02
1.914745000000000061e+02
1.923618999999999630e+02
1.928324000000000638e+02
1.938257999999999868e+02
1.936285999999999774e+02
1.947348000000000070e+02
1.948456999999999937e+02
1.955929999999999893e+02
1.954838999999999487e+02
1.959149999999999636e+02
1.964447999999999865e+02
1.965699000000000183e+02
1.971471999999999980e+02
1.970367999999999995e+02
1.974989000000000203e+02
1.975408999999999935e+02
1.979318999999999846e+02
1.979141999999999939e+02
1.981680000000000348e+02
1.983299999999999557e+02
1.984602999999999611e+02
1.986952999999999747e+02
1.985809999999999889e+02
1.989490999999999872e+02
1.990406000000000120e+02
1.989584000000000117e+02
1.992206999999999937e+02
1.993262000000000000e+02
1.991789999999999736e+02
1.993649000000000058e+02
1.993725999999999772e+02
1.995142999999999915e+02
1.994576000000000136e+02
1.995131999999999550e+02
1.996541000000000281e+02
1.994369999999999834e+02
1.996578999999999837e+02
1.996915999999999656e+02
1.997804999999999893e+02
1.997757999999999754e+02
1.997449000000000296e+02
1.998457999999999686e+02
1.997410000000000139e+02
1.997231999999999914e+02
1.998634999999999877e+02
1.998868999999999971e+02
1.998840999999999610e+02
1.998493000000000279e+02
1.998576999999999941e+02
1.998580000000000325e+02
