1.000000000000000000e+00
1.085600000000000120e+00
1.169299999999999784e+00
1.270800000000000152e+00
1.385999999999999899e+00
1.491400000000000059e+00
1.620300000000000296e+00
1.767299999999999649e+00
1.909400000000000208e+00
2.094399999999999817e+00
2.273699999999999832e+00
2.507799999999999585e+00
2.807100000000000151e+00
3.089999999999999858e+00
3.519899999999999363e+00
4.122900000000001342e+00
4.740800000000000125e+00
5.571000000000002395e+00
6.532199999999999562e+00
7.743999999999999773e+00
8.539899999999999380e+00
9.907000000000000028e+00
1.069240000000000279e+01
1.127319999999999922e+01
1.152450000000000330e+01
1.210580000000000211e+01
1.197220000000000262e+01
1.195169999999999888e+01
1.199719999999999942e+01
1.183520000000000039e+01
1.171380000000000088e+01
1.149040000000000106e+01
1.137030000000000030e+01
1.120120000000000182e+01
1.098809999999999931e+01
1.086339999999999861e+01
1.067859999999999943e+01
1.047529999999999895e+01
1.035470000000000113e+01
1.016419999999999924e+01
1.000350000000000072e+01
9.814299999999997581e+00
9.670499999999998764e+00
9.495200000000000529e+00
9.315099999999999270e+00
9.184800000000000963e+00
9.102299999999999613e+00
8.903200000000000003e+00
8.843600000000002126e+00
8.734399999999999054e+00
8.611799999999998789e+00
8.503700000000002035e+00
8.413600000000000634e+00
8.280599999999999739e+00
8.186399999999999011e+00
8.061799999999999855e+00
7.987000000000000099e+00
7.865999999999998771e+00
7.833600000000000563e+00
7.746799999999999464e+00
7.635900000000000354e+00
7.562899999999999956e+00
7.494599999999999262e+00
7.390900000000000247e+00
7.353199999999999292e+00
7.275499999999999190e+00
7.214200000000000834e+00
7.147499999999999076e+00
7.080399999999997362e+00
7.058700000000000863e+00
6.993900000000000006e+00
6.927100000000000257e+00
6.851200000000000401e+00
6.797899999999998499e+00
6.764799999999999258e+00
6.684499999999998998e+00
6.620399999999998286e+00
6.622500000000001386e+00
6.566899999999999515e+00
6.487400000000000055e+00
6.439600000000000435e+00
6.405899999999999928e+00
6.360899999999999110e+00
6.342800000000000438e+00
6.272899999999999920e+00
6.254900000000000126e+00
6.228099999999999525e+00
6.196299999999999031e+00
6.187299999999998690e+00
6.134700000000000486e+00
6.112700000000000244e+00
6.069500000000001450e+00
6.037300000000000111e+00
6.010399999999999743e+00
5.993100000000000982e+00
5.947200000000000486e+00
5.947999999999999510e+00
5.930599999999999206e+00
5.879400000000000404e+00
5.830400000000000915e+00
