1.000000000000000000e+00
1.074900000000000189e+00
1.176200000000000134e+00
1.271099999999999897e+00
1.371500000000000163e+00
1.478800000000000558e+00
1.632100000000000106e+00
1.754299999999999748e+00
1.909100000000000241e+00
2.066199999999999815e+00
2.253500000000000281e+00
2.515000000000000124e+00
2.793499999999999872e+00
3.105799999999999894e+00
3.595499999999999474e+00
4.073500000000000121e+00
4.874300000000000743e+00
5.555499999999999439e+00
6.343500000000000583e+00
7.447999999999999510e+00
8.869899999999999451e+00
9.800599999999999312e+00
1.083179999999999765e+01
1.158540000000000170e+01
1.179059999999999953e+01
1.199499999999999922e+01
1.216130000000000067e+01
1.218380000000000152e+01
1.223620000000000196e+01
1.209909999999999819e+01
1.174669999999999881e+01
1.167960000000000065e+01
1.154949999999999832e+01
1.133210000000000051e+01
1.122569999999999979e+01
1.107469999999999821e+01
1.076650000000000063e+01
1.067490000000000094e+01
1.045769999999999911e+01
1.024540000000000006e+01
1.012889999999999979e+01
9.939399999999999125e+00
9.806500000000001549e+00
9.673500000000000654e+00
9.487199999999999633e+00
9.347300000000000608e+00
9.210000000000000853e+00
9.085799999999998988e+00
8.949400000000000688e+00
8.743500000000000938e+00
8.688600000000000989e+00
8.598399999999999821e+00
8.484999999999999432e+00
8.398800000000001376e+00
8.239200000000000301e+00
8.187400000000000233e+00
8.118399999999999395e+00
8.000600000000000378e+00
7.920099999999999696e+00
7.827100000000000612e+00
7.748700000000000365e+00
7.672899999999999388e+00
7.593600000000002126e+00
7.502700000000000813e+00
7.461500000000000021e+00
7.395400000000000418e+00
7.316699999999999982e+00
7.266200000000000436e+00
7.201499999999999346e+00
7.161600000000000854e+00
7.066099999999998715e+00
7.031000000000000583e+00
6.958199999999999719e+00
6.910299999999998555e+00
6.884900000000000908e+00
6.790099999999999802e+00
6.787799999999999834e+00
6.714499999999999247e+00
6.637700000000002376e+00
6.618900000000000006e+00
6.546800000000001063e+00
6.536599999999999966e+00
6.451800000000000423e+00
6.428000000000000824e+00
6.425300000000000011e+00
6.366500000000001158e+00
6.332100000000001394e+00
6.294799999999998619e+00
6.241600000000000037e+00
6.244300000000001738e+00
6.207800000000000651e+00
6.136099999999999888e+00
6.134600000000001607e+00
6.084199999999999164e+00
6.098799999999998889e+00
6.049400000000000333e+00
6.051500000000000767e+00
6.001900000000000901e+00
5.963499999999998913e+00
5.957699999999999996e+00
