1.000000000000000000e+00
1.080300000000000038e+00
1.168000000000000149e+00
1.270799999999999930e+00
1.372299999999999853e+00
1.495700000000000252e+00
1.596300000000000274e+00
1.749699999999999811e+00
1.915500000000000425e+00
2.089399999999999480e+00
2.274300000000000210e+00
2.517999999999999350e+00
2.802200000000000468e+00
3.157800000000000384e+00
3.581099999999999728e+00
4.156499999999999417e+00
4.773299999999999876e+00
5.506299999999999528e+00
6.477300000000000502e+00
7.660399999999998322e+00
8.807199999999999918e+00
9.858100000000000307e+00
1.047710000000000008e+01
1.135200000000000209e+01
1.161650000000000027e+01
1.183709999999999951e+01
1.219859999999999722e+01
1.213439999999999763e+01
1.194759999999999778e+01
1.189959999999999951e+01
1.183039999999999914e+01
1.166110000000000113e+01
1.129669999999999774e+01
1.132149999999999856e+01
1.113829999999999742e+01
1.083950000000000102e+01
1.070320000000000249e+01
1.055809999999999782e+01
1.032219999999999871e+01
1.016660000000000075e+01
1.001789999999999914e+01
9.836300000000001376e+00
9.700000000000002842e+00
9.563100000000000378e+00
9.445700000000002206e+00
9.332100000000002282e+00
9.121600000000000819e+00
9.046699999999999520e+00
8.873099999999999099e+00
8.772800000000000153e+00
8.644300000000001205e+00
8.523200000000000998e+00
8.387199999999999989e+00
8.311500000000000554e+00
8.240899999999999892e+00
8.114800000000000679e+00
8.050100000000000477e+00
7.960700000000000109e+00
7.852299999999998725e+00
7.768399999999997974e+00
7.688000000000000611e+00
7.629599999999999049e+00
7.536999999999999034e+00
7.501100000000000101e+00
7.364500000000000490e+00
7.328600000000001558e+00
7.251199999999999868e+00
7.202699999999998326e+00
7.151699999999999946e+00
7.038800000000000168e+00
7.040000000000000036e+00
6.954199999999999271e+00
6.891000000000000014e+00
6.838600000000001344e+00
6.831500000000001016e+00
6.738699999999999690e+00
6.685399999999999565e+00
6.653500000000000192e+00
6.595099999999999518e+00
6.538600000000002410e+00
6.490299999999999514e+00
6.451799999999999535e+00
6.419300000000001560e+00
6.398399999999998755e+00
6.346699999999999342e+00
6.308799999999999741e+00
6.271200000000000330e+00
6.221099999999999852e+00
6.212599999999998346e+00
6.171899999999999054e+00
6.161300000000000665e+00
6.118900000000000894e+00
6.086299999999999599e+00
6.068399999999999572e+00
6.017000000000000348e+00
5.999600000000000044e+00
5.950899999999998968e+00
5.963199999999999612e+00
5.916799999999999393e+00
5.915299999999999336e+00
