1.000000000000000000e+00
1.079700000000000104e+00
1.172399999999999887e+00
1.261500000000000066e+00
1.382099999999999884e+00
1.475400000000000267e+00
1.626900000000000235e+00
1.743599999999999817e+00
1.907200000000000006e+00
2.090899999999999981e+00
2.291400000000000325e+00
2.503799999999999581e+00
2.851300000000000612e+00
3.153900000000000592e+00
3.496799999999999908e+00
3.923500000000000210e+00
4.722100000000000186e+00
5.452600000000000335e+00
6.631000000000001116e+00
7.734700000000000131e+00
9.004099999999999326e+00
9.590600000000000236e+00
1.076359999999999850e+01
1.125420000000000087e+01
1.189279999999999937e+01
1.212200000000000344e+01
1.214819999999999744e+01
1.212409999999999854e+01
1.206820000000000093e+01
1.180839999999999890e+01
1.172620000000000040e+01
1.165010000000000190e+01
1.156509999999999749e+01
1.125559999999999938e+01
1.106319999999999659e+01
1.092369999999999841e+01
1.067820000000000213e+01
1.053679999999999772e+01
1.034299999999999997e+01
1.024409999999999776e+01
1.003120000000000012e+01
9.891099999999999781e+00
9.720599999999997465e+00
9.626599999999999824e+00
9.387299999999999756e+00
9.272700000000000387e+00
9.128000000000000114e+00
9.047099999999998587e+00
8.880099999999998772e+00
8.744199999999999307e+00
8.618400000000001171e+00
8.504000000000001336e+00
8.461000000000002075e+00
8.321000000000001506e+00
8.242899999999998784e+00
8.099500000000000810e+00
8.046200000000000685e+00
7.952499999999999680e+00
7.871199999999999974e+00
7.783499999999999197e+00
7.676000000000001044e+00
7.600699999999999790e+00
7.594299999999998718e+00
7.478699999999999903e+00
7.382699999999999818e+00
7.324600000000000222e+00
7.247099999999999653e+00
7.183699999999999974e+00
7.173099999999999810e+00
7.076800000000000423e+00
7.039699999999999847e+00
6.972599999999999909e+00
6.918099999999999028e+00
6.846299999999998498e+00
6.797499999999998543e+00
6.759999999999999787e+00
6.703399999999999359e+00
6.631099999999999106e+00
6.619199999999999307e+00
6.561399999999999011e+00
6.505899999999999572e+00
6.478200000000000180e+00
6.408199999999999008e+00
6.406900000000000261e+00
6.351999999999999424e+00
6.298500000000001542e+00
6.298300000000000232e+00
6.240600000000001479e+00
6.226200000000000401e+00
6.193999999999999950e+00
6.172600000000000087e+00
6.113799999999998569e+00
6.109499999999999709e+00
6.048799999999999066e+00
6.023900000000000254e+00
6.028300000000000658e+00
5.971599999999999575e+00
5.942800000000000971e+00
5.943499999999999339e+00
5.904500000000000526e+00
