1.000000000000000000e+00
1.080500000000000016e+00
1.167399999999999993e+00
1.269300000000000095e+00
1.376399999999999846e+00
1.475800000000000445e+00
1.631399999999999961e+00
1.761399999999999855e+00
1.921499999999999764e+00
2.075499999999999901e+00
2.286299999999999777e+00
2.505599999999999827e+00
2.842199999999999616e+00
3.163500000000000423e+00
3.538399999999999768e+00
4.053099999999999703e+00
4.799199999999999910e+00
5.629800000000000360e+00
6.511300000000000310e+00
7.473299999999999166e+00
8.680399999999998784e+00
9.893499999999999517e+00
1.043359999999999843e+01
1.150600000000000200e+01
1.166130000000000067e+01
1.172919999999999874e+01
1.196979999999999755e+01
1.199030000000000129e+01
1.205100000000000193e+01
1.174709999999999965e+01
1.177779999999999916e+01
1.154929999999999879e+01
1.129619999999999891e+01
1.118970000000000020e+01
1.107130000000000081e+01
1.085519999999999996e+01
1.064530000000000243e+01
1.052680000000000149e+01
1.036030000000000229e+01
1.007189999999999941e+01
9.974400000000001043e+00
9.797099999999998587e+00
9.663800000000000168e+00
9.516299999999999315e+00
9.371100000000000207e+00
9.209199999999999164e+00
9.106099999999999639e+00
8.992499999999999716e+00
8.829200000000000159e+00
8.755300000000000082e+00
8.656599999999999184e+00
8.500799999999999912e+00
8.375299999999999301e+00
8.266399999999999082e+00
8.203600000000001558e+00
8.114399999999999835e+00
7.987100000000001643e+00
7.873700000000000365e+00
7.844199999999999839e+00
7.729899999999999771e+00
7.626500000000000945e+00
7.600899999999999324e+00
7.506600000000000605e+00
7.418599999999998751e+00
7.373799999999999244e+00
7.289199999999999235e+00
7.211100000000000065e+00
7.141999999999999460e+00
7.082000000000000739e+00
7.068900000000001071e+00
7.020500000000001961e+00
6.916599999999999859e+00
6.865699999999999470e+00
6.815600000000000769e+00
6.756699999999998596e+00
6.714099999999999291e+00
6.678400000000001668e+00
6.613200000000000855e+00
6.599500000000000810e+00
6.511500000000000732e+00
6.474800000000000111e+00
6.427900000000001057e+00
6.390399999999999636e+00
6.351899999999999658e+00
6.308900000000001285e+00
6.257299999999999862e+00
6.248800000000000132e+00
6.194600000000000328e+00
6.195700000000001317e+00
6.130000000000000782e+00
6.151499999999999524e+00
6.075600000000001444e+00
6.059000000000001052e+00
6.047300000000001674e+00
6.015699999999998049e+00
5.973099999999999632e+00
5.942000000000000171e+00
5.903900000000001036e+00
5.893699999999999939e+00
5.896399999999999864e+00
