1.000000000000000000e+00
1.078199999999999825e+00
1.175699999999999745e+00
1.268699999999999717e+00
1.375900000000000345e+00
1.507599999999999829e+00
1.641400000000000414e+00
1.799099999999999921e+00
2.006299999999999972e+00
2.207399999999999807e+00
2.456700000000000106e+00
2.810799999999999965e+00
3.244999999999999218e+00
3.871199999999999974e+00
4.815300000000000580e+00
5.986000000000000654e+00
8.055100000000001259e+00
1.123570000000000135e+01
1.685790000000000077e+01
2.160559999999999903e+01
3.112720000000000198e+01
4.318759999999999621e+01
5.481309999999999150e+01
6.662350000000000705e+01
8.087679999999998870e+01
9.174340000000000828e+01
1.034762000000000199e+02
1.142336999999999705e+02
1.206140000000000185e+02
1.301368999999999971e+02
1.397659000000000162e+02
1.433758999999999730e+02
1.499688000000000159e+02
1.533894999999999982e+02
1.585624000000000251e+02
1.624429000000000087e+02
1.673293000000000461e+02
1.696604999999999848e+02
1.727561999999999784e+02
1.746398000000000081e+02
1.779506000000000085e+02
1.794544999999999959e+02
1.812679999999999438e+02
1.835214999999999748e+02
1.850929999999999893e+02
1.855263999999999953e+02
1.877396999999999707e+02
1.887425999999999817e+02
1.897759000000000071e+02
1.901106000000000051e+02
1.910465000000000089e+02
1.914905000000000257e+02
1.931046000000000333e+02
1.933134999999999764e+02
1.939817000000000462e+02
1.947398000000000025e+02
1.951069999999999709e+02
1.950794999999999675e+02
1.959515000000000100e+02
1.959660999999999831e+02
1.963890999999999565e+02
1.965982999999999947e+02
1.972056000000000040e+02
1.971990000000000123e+02
1.972903000000000304e+02
1.979205999999999790e+02
1.979839000000000340e+02
1.981971999999999809e+02
1.984353999999999587e+02
1.982031000000000063e+02
1.986901999999999759e+02
1.984646000000000754e+02
1.986588000000000136e+02
1.987004999999999484e+02
1.990434000000000481e+02
1.990293000000000063e+02
1.991902999999999793e+02
1.989830000000000325e+02
1.991765000000000043e+02
1.993146000000000413e+02
1.993416000000000281e+02
1.996671000000000333e+02
1.996577000000000055e+02
1.993417999999999779e+02
1.995710000000000264e+02
1.996108999999999583e+02
1.995827000000000453e+02
1.995941000000000258e+02
1.995729000000000042e+02
1.997593999999999426e+02
1.996699999999999875e+02
1.998002999999999929e+02
1.996641999999999371e+02
1.998422000000000196e+02
1.998758000000000266e+02
1.999165000000000134e+02
1.998359000000000378e+02
1.998736000000000388e+02
1.998927999999999940e+02
1.998470000000000368e+02
