1.000000000000000000e+00
1.083799999999999875e+00
1.173300000000000010e+00
1.276600000000000179e+00
1.376400000000000512e+00
1.500099999999999989e+00
1.659299999999999997e+00
1.798200000000000021e+00
1.969899999999999984e+00
2.226700000000000568e+00
2.497400000000000286e+00
2.825800000000000534e+00
3.296699999999999520e+00
3.849700000000000788e+00
4.821699999999999875e+00
6.034900000000000375e+00
8.304800000000000182e+00
1.168430000000000035e+01
1.681610000000000227e+01
2.211009999999999920e+01
3.210820000000000363e+01
4.339899999999999380e+01
5.412420000000000897e+01
6.707679999999999154e+01
8.333290000000000930e+01
9.285869999999998470e+01
1.039159000000000077e+02
1.115896000000000328e+02
1.217036000000000087e+02
1.290206000000000017e+02
1.372325999999999908e+02
1.427504000000000133e+02
1.511362999999999772e+02
1.550683999999999969e+02
1.596957999999999913e+02
1.631002999999999759e+02
1.666945000000000050e+02
1.698706000000000245e+02
1.725325000000000273e+02
1.748063000000000216e+02
1.774478999999999758e+02
1.788736999999999853e+02
1.817220999999999833e+02
1.832014000000000351e+02
1.848854999999999507e+02
1.860450999999999908e+02
1.884891000000000076e+02
1.880467999999999904e+02
1.894862000000000535e+02
1.909037000000000148e+02
1.920746999999999787e+02
1.916954000000000065e+02
1.926849999999999739e+02
1.928694999999999311e+02
1.939786000000000286e+02
1.943923000000000059e+02
1.947149999999999750e+02
1.946897999999999627e+02
1.960956000000000188e+02
1.958156000000000176e+02
1.963043999999999869e+02
1.967777000000000100e+02
1.973364999999999725e+02
1.971881999999999664e+02
1.975834999999999582e+02
1.977874999999999943e+02
1.979822000000000060e+02
1.978414999999999679e+02
1.981978999999999758e+02
1.984961000000000126e+02
1.983358000000000061e+02
1.985106000000000108e+02
1.985269000000000119e+02
1.989409999999999741e+02
1.989616999999999791e+02
1.990424999999999898e+02
1.991274000000000513e+02
1.990298000000000229e+02
1.993152999999999793e+02
1.992987000000000251e+02
1.992644999999999982e+02
1.994981999999999971e+02
1.994711000000000070e+02
1.995266000000000304e+02
1.995748999999999853e+02
1.995931000000000211e+02
1.995946999999999889e+02
1.996534000000000049e+02
1.997333000000000141e+02
1.997180999999999642e+02
1.996022000000000105e+02
1.997407000000000039e+02
1.998156000000000176e+02
1.998104999999999905e+02
1.997752000000000123e+02
1.997367999999999597e+02
1.998895000000000550e+02
1.998497000000000128e+02
1.998627000000000464e+02
1.999281000000000006e+02
