1.000000000000000000e+00
1.082600000000000007e+00
1.177000000000000046e+00
1.271499999999999853e+00
1.369900000000000118e+00
1.479899999999999771e+00
1.633299999999999752e+00
1.751899999999999791e+00
1.932800000000000074e+00
2.095499999999999918e+00
2.309800000000000075e+00
2.516200000000000436e+00
2.802399999999999114e+00
3.116800000000000459e+00
3.528700000000000614e+00
4.097999999999999865e+00
4.711499999999999133e+00
5.460899999999998755e+00
6.332200000000000273e+00
7.338300000000001155e+00
8.765299999999999869e+00
9.652799999999999159e+00
1.081590000000000096e+01
1.148770000000000024e+01
1.188199999999999967e+01
1.258350000000000080e+01
1.243430000000000213e+01
1.248290000000000255e+01
1.232740000000000435e+01
1.221250000000000036e+01
1.227599999999999980e+01
1.205289999999999928e+01
1.178650000000000020e+01
1.153360000000000163e+01
1.141259999999999941e+01
1.129309999999999903e+01
1.100479999999999769e+01
1.079620000000000068e+01
1.068310000000000137e+01
1.047920000000000051e+01
1.024269999999999925e+01
1.016530000000000022e+01
9.952300000000001035e+00
9.872600000000000264e+00
9.620300000000000296e+00
9.544400000000001327e+00
9.405599999999999739e+00
9.280099999999999127e+00
9.155400000000000205e+00
9.030099999999999127e+00
8.888600000000002055e+00
8.788900000000001711e+00
8.638999999999999346e+00
8.623799999999999244e+00
8.464400000000001256e+00
8.361400000000001498e+00
8.251099999999999213e+00
8.189200000000001367e+00
8.068100000000001160e+00
7.982499999999999041e+00
7.907800000000000828e+00
7.812599999999999767e+00
7.784300000000001774e+00
7.652599999999999625e+00
7.635299999999999976e+00
7.525000000000000355e+00
7.461599999999999788e+00
7.420099999999999696e+00
7.310599999999999099e+00
7.282400000000000873e+00
7.213299999999999379e+00
7.179100000000000925e+00
7.094300000000000495e+00
7.047100000000000364e+00
7.005300000000000082e+00
6.947900000000000631e+00
6.891500000000002402e+00
6.905099999999999127e+00
6.799500000000000099e+00
6.751799999999999358e+00
6.721799999999999109e+00
6.649500000000000632e+00
6.621900000000000119e+00
6.612199999999998745e+00
6.539899999999999380e+00
6.510600000000001941e+00
6.468299999999999272e+00
6.428899999999999615e+00
6.388900000000001356e+00
6.367399999999999061e+00
6.347199999999999953e+00
6.291000000000000369e+00
6.261899999999999800e+00
6.238900000000000112e+00
6.199599999999999334e+00
6.166699999999998738e+00
6.153299999999998882e+00
6.123099999999998211e+00
6.097399999999997711e+00
6.080300000000001148e+00
