1.000000000000000000e+00
1.078600000000000003e+00
1.176999999999999824e+00
1.271099999999999897e+00
1.373899999999999899e+00
1.519400000000000306e+00
1.644900000000000029e+00
1.787500000000000311e+00
1.968999999999999861e+00
2.221200000000000063e+00
2.493299999999999628e+00
2.843099999999999294e+00
3.226600000000000357e+00
4.054899999999999949e+00
4.735299999999999621e+00
6.223999999999998423e+00
8.214999999999999858e+00
1.199100000000000144e+01
1.735269999999999868e+01
2.394220000000000681e+01
3.237599999999999767e+01
4.422739999999998872e+01
5.675840000000000884e+01
6.890950000000000841e+01
8.244100000000000250e+01
9.175740000000001828e+01
1.014619000000000000e+02
1.144388999999999896e+02
1.210855000000000103e+02
1.307755000000000223e+02
1.372367000000000132e+02
1.438854999999999791e+02
1.509371999999999900e+02
1.533772000000000162e+02
1.576216000000000008e+02
1.631126000000000147e+02
1.659619000000000142e+02
1.684801000000000215e+02
1.739902000000000442e+02
1.758084999999999525e+02
1.770046000000000390e+02
1.792151000000000636e+02
1.817215999999999951e+02
1.829875000000000114e+02
1.847486999999999853e+02
1.863678000000000168e+02
1.873732999999999720e+02
1.885899000000000285e+02
1.892827000000000339e+02
1.906520000000000437e+02
1.915826999999999600e+02
1.918913000000000011e+02
1.928766000000000247e+02
1.932358000000000118e+02
1.943935999999999922e+02
1.947413999999999987e+02
1.946318000000000268e+02
1.951948999999999899e+02
1.957051999999999907e+02
1.962830000000000155e+02
1.963623000000000047e+02
1.965805999999999472e+02
1.968070000000000164e+02
1.972087999999999681e+02
1.975293000000000063e+02
1.973800999999999704e+02
1.977266999999999939e+02
1.981317999999999699e+02
1.983803000000000338e+02
1.982547999999999604e+02
1.984286000000000456e+02
1.986146000000000242e+02
1.986612999999999829e+02
1.986924000000000206e+02
1.990289000000000215e+02
1.991089000000000055e+02
1.994164999999999850e+02
1.991568000000000325e+02
1.989913000000000238e+02
1.994397999999999911e+02
1.995058999999999969e+02
1.992563999999999851e+02
1.994806999999999846e+02
1.994977000000000373e+02
1.995215000000000032e+02
1.995367000000000246e+02
1.996495999999999924e+02
1.996814000000000249e+02
1.995204999999999984e+02
1.997193999999999789e+02
1.998258000000000436e+02
1.997982000000000085e+02
1.997348000000000354e+02
1.997315000000000396e+02
1.998718999999999824e+02
1.998477000000000317e+02
1.998865000000000123e+02
1.999493999999999971e+02
1.998148999999999660e+02
1.998664000000000271e+02
