1.000000000000000000e+00
1.078499999999999792e+00
1.175799999999999956e+00
1.269100000000000117e+00
1.366400000000000059e+00
1.507999999999999785e+00
1.618199999999999861e+00
1.742199999999999749e+00
1.900500000000000300e+00
2.097800000000000331e+00
2.296200000000000241e+00
2.529900000000000482e+00
2.766600000000000392e+00
3.195399999999999796e+00
3.506099999999999106e+00
4.025100000000000122e+00
4.643799999999999706e+00
5.596200000000001396e+00
6.552299999999999791e+00
7.520499999999998408e+00
8.630100000000000549e+00
9.889199999999998880e+00
1.075759999999999827e+01
1.142929999999999779e+01
1.199719999999999764e+01
1.218989999999999974e+01
1.204839999999999733e+01
1.225269999999999904e+01
1.212250000000000227e+01
1.204400000000000404e+01
1.188260000000000183e+01
1.173110000000000319e+01
1.149349999999999916e+01
1.140559999999999974e+01
1.123489999999999789e+01
1.101939999999999742e+01
1.084930000000000128e+01
1.060440000000000360e+01
1.051499999999999702e+01
1.034089999999999954e+01
1.017769999999999797e+01
1.001430000000000220e+01
9.814099999999999824e+00
9.715199999999999392e+00
9.597099999999997522e+00
9.395199999999999108e+00
9.264000000000001123e+00
9.130200000000000315e+00
9.028600000000002623e+00
8.882600000000000051e+00
8.754699999999999704e+00
8.689400000000000901e+00
8.551100000000001700e+00
8.447600000000001330e+00
8.325700000000001211e+00
8.213999999999998636e+00
8.171599999999997976e+00
8.039799999999999613e+00
7.954399999999999693e+00
7.846299999999998498e+00
7.801599999999998758e+00
7.715300000000000047e+00
7.587399999999999700e+00
7.557200000000001694e+00
7.489399999999999835e+00
7.454600000000000115e+00
7.345099999999998630e+00
7.308700000000000863e+00
7.242599999999998595e+00
7.190900000000000070e+00
7.097500000000000142e+00
7.050299999999998235e+00
6.995299999999999407e+00
6.974400000000000155e+00
6.867700000000000138e+00
6.870399999999998286e+00
6.803700000000000969e+00
6.737599999999999589e+00
6.666600000000001636e+00
6.623700000000000365e+00
6.607399999999999274e+00
6.543300000000001226e+00
6.502200000000000202e+00
6.465500000000000469e+00
6.426799999999999180e+00
6.399500000000000632e+00
6.353500000000001258e+00
6.317699999999999427e+00
6.262900000000001022e+00
6.260299999999999976e+00
6.222799999999998555e+00
6.163900000000000823e+00
6.169000000000000483e+00
6.109400000000000830e+00
6.106999999999999318e+00
6.080099999999999838e+00
6.060299999999999798e+00
6.012199999999999989e+00
6.018200000000000216e+00
5.980699999999999683e+00
