1.000000000000000000e+00
1.082799999999999763e+00
1.177900000000000169e+00
1.273299999999999876e+00
1.376400000000000068e+00
1.489999999999999991e+00
1.660499999999999865e+00
1.791599999999999859e+00
2.016900000000000137e+00
2.215200000000000280e+00
2.508200000000000429e+00
2.831300000000000594e+00
3.290700000000000625e+00
3.879800000000000360e+00
4.887999999999999901e+00
6.303300000000001901e+00
8.362399999999999167e+00
1.156839999999999868e+01
1.601289999999999836e+01
2.180229999999999890e+01
3.263230000000000075e+01
4.167570000000000618e+01
5.513289999999999935e+01
6.743869999999999720e+01
7.971859999999999502e+01
9.530140000000000100e+01
1.023156999999999925e+02
1.139126999999999867e+02
1.217377000000000038e+02
1.294145000000000039e+02
1.373204999999999814e+02
1.434887999999999977e+02
1.496836000000000126e+02
1.556664999999999850e+02
1.587136000000000138e+02
1.630949000000000240e+02
1.661471999999999980e+02
1.700383000000000209e+02
1.727555999999999869e+02
1.752424000000000035e+02
1.773567000000000178e+02
1.797824000000000240e+02
1.812139000000000237e+02
1.828623999999999796e+02
1.850404999999999802e+02
1.858423999999999694e+02
1.880147999999999229e+02
1.880664999999999907e+02
1.894142000000000507e+02
1.908666000000000054e+02
1.915121000000000322e+02
1.921908999999999992e+02
1.927946999999999775e+02
1.934363999999999919e+02
1.937195999999999572e+02
1.948079999999999927e+02
1.946752000000000180e+02
1.953437000000000126e+02
1.958631000000000029e+02
1.964126000000000261e+02
1.964450000000000500e+02
1.967854999999999563e+02
1.968733000000000288e+02
1.972196999999999889e+02
1.976338999999999828e+02
1.978258999999999901e+02
1.982464000000000226e+02
1.979370000000000118e+02
1.982292000000000201e+02
1.984583000000000084e+02
1.985207000000000050e+02
1.987004000000000019e+02
1.988008999999999560e+02
1.988778999999999826e+02
1.990210999999999615e+02
1.990073000000000434e+02
1.992768000000000086e+02
1.991770999999999958e+02
1.993104000000000156e+02
1.994097000000000151e+02
1.994249000000000080e+02
1.993418999999999812e+02
1.996001000000000545e+02
1.995627999999999815e+02
1.995866999999999791e+02
1.997457999999999743e+02
1.996048000000000400e+02
1.996942000000000235e+02
1.996188000000000216e+02
1.998214999999999861e+02
1.997104000000000212e+02
1.998217000000000212e+02
1.997256999999999891e+02
1.997306000000000097e+02
1.996494999999999607e+02
1.998640000000000043e+02
1.999056000000000495e+02
1.999034000000000333e+02
1.999851000000000454e+02
1.999292000000000087e+02
