1.000000000000000000e+00
1.082500000000000240e+00
1.171200000000000019e+00
1.273399999999999865e+00
1.383000000000000007e+00
1.495399999999999840e+00
1.635200000000000431e+00
1.797599999999999865e+00
1.995800000000000018e+00
2.215400000000000258e+00
2.472499999999999698e+00
2.805600000000000094e+00
3.278799999999999937e+00
3.981999999999999762e+00
4.795099999999999696e+00
6.011400000000000965e+00
8.601900000000000546e+00
1.060790000000000255e+01
1.584880000000000067e+01
2.316409999999999414e+01
3.232860000000000156e+01
4.117170000000000130e+01
5.380610000000000781e+01
6.743660000000001276e+01
8.026230000000001041e+01
9.210870000000001312e+01
1.031295999999999964e+02
1.124741999999999962e+02
1.215251000000000090e+02
1.307854999999999848e+02
1.372864000000000146e+02
1.435815000000000055e+02
1.483538999999999817e+02
1.541956999999999880e+02
1.585303000000000111e+02
1.627047000000000025e+02
1.669063000000000159e+02
1.708515000000000157e+02
1.731189000000000533e+02
1.757800999999999760e+02
1.766884999999999764e+02
1.794204000000000008e+02
1.807075000000000387e+02
1.821240999999999985e+02
1.854870999999999412e+02
1.856636999999999489e+02
1.871051999999999680e+02
1.882378999999999962e+02
1.896414999999999793e+02
1.910609000000000037e+02
1.907884999999999991e+02
1.916538999999999646e+02
1.934351000000000340e+02
1.933367000000000075e+02
1.937747999999999706e+02
1.943768000000000029e+02
1.949388999999999612e+02
1.952599000000000444e+02
1.961714999999999804e+02
1.962538999999999874e+02
1.964766000000000474e+02
1.967136000000000138e+02
1.967781000000000233e+02
1.974019999999999584e+02
1.973734000000000037e+02
1.976150999999999840e+02
1.976812000000000182e+02
1.979906000000000006e+02
1.982132999999999470e+02
1.980346999999999866e+02
1.985569999999999595e+02
1.985359999999999445e+02
1.987727000000000430e+02
1.987666000000000111e+02
1.988973000000000013e+02
1.989281999999999471e+02
1.992857000000000198e+02
1.992045999999999992e+02
1.992017999999999915e+02
1.992756000000000256e+02
1.994270000000000209e+02
1.994487000000000023e+02
1.995140999999999565e+02
1.995433999999999912e+02
1.997433000000000618e+02
1.996833000000000311e+02
1.994768000000000256e+02
1.995233000000000061e+02
1.998327000000000169e+02
1.997874000000000194e+02
1.996890999999999963e+02
1.996518000000000086e+02
1.998177000000000021e+02
1.996973999999999876e+02
1.998413000000000466e+02
1.997161999999999580e+02
1.997202000000000055e+02
1.997684999999999889e+02
1.999609000000000378e+02
1.998896000000000299e+02
