1.000000000000000000e+00
1.083400000000000141e+00
1.169900000000000162e+00
1.269599999999999840e+00
1.379600000000000160e+00
1.480500000000000149e+00
1.618000000000000105e+00
1.750000000000000222e+00
1.901699999999999946e+00
2.073900000000000077e+00
2.302299999999999791e+00
2.519100000000000339e+00
2.793799999999999173e+00
3.140000000000000124e+00
3.592699999999999338e+00
4.089699999999999669e+00
4.730500000000001037e+00
5.447699999999998433e+00
6.383500000000001506e+00
7.571900000000002073e+00
8.861799999999998789e+00
9.641600000000000392e+00
1.077890000000000015e+01
1.153050000000000175e+01
1.192330000000000112e+01
1.224090000000000167e+01
1.236430000000000007e+01
1.236139999999999795e+01
1.239459999999999873e+01
1.211260000000000048e+01
1.191680000000000028e+01
1.186019999999999897e+01
1.167960000000000065e+01
1.154050000000000153e+01
1.134610000000000163e+01
1.112010000000000076e+01
1.093759999999999977e+01
1.071169999999999867e+01
1.052049999999999663e+01
1.041709999999999958e+01
1.024200000000000088e+01
9.982499999999999929e+00
9.844099999999999184e+00
9.713599999999999568e+00
9.590300000000000935e+00
9.469199999999998951e+00
9.295899999999999608e+00
9.191499999999999559e+00
9.057499999999999218e+00
8.933999999999999275e+00
8.799599999999999866e+00
8.721600000000000463e+00
8.606699999999998241e+00
8.463099999999998957e+00
8.374200000000000088e+00
8.281600000000000961e+00
8.177799999999999514e+00
8.117399999999998172e+00
8.008399999999999963e+00
8.012099999999998445e+00
7.830000000000000959e+00
7.737400000000000944e+00
7.683799999999999741e+00
7.630999999999999339e+00
7.583200000000000607e+00
7.457699999999999108e+00
7.410599999999999632e+00
7.353300000000000836e+00
7.307700000000000529e+00
7.229899999999998883e+00
7.162600000000001188e+00
7.071199999999999264e+00
7.011999999999999567e+00
6.969100000000000961e+00
6.934800000000000075e+00
6.925599999999998424e+00
6.853600000000000136e+00
6.825099999999999056e+00
6.723100000000000520e+00
6.689699999999999314e+00
6.670499999999999652e+00
6.624400000000000510e+00
6.574899999999997746e+00
6.521099999999998786e+00
6.450099999999999945e+00
6.475800000000000445e+00
6.444900000000000517e+00
6.372099999999999653e+00
6.339900000000000091e+00
6.325300000000001255e+00
6.275999999999998913e+00
6.224999999999998757e+00
6.196899999999999409e+00
6.180200000000000138e+00
6.138500000000001400e+00
6.125099999999999767e+00
6.111399999999998833e+00
6.080599999999999561e+00
6.023400000000000531e+00
6.022400000000000198e+00
