1.000000000000000000e+00
1.082500000000000240e+00
1.170499999999999874e+00
1.270899999999999919e+00
1.377700000000000147e+00
1.480999999999999650e+00
1.609300000000000175e+00
1.750200000000000200e+00
1.920900000000000274e+00
2.098899999999999988e+00
2.271900000000000031e+00
2.511499999999999844e+00
2.807499999999999218e+00
3.164499999999999424e+00
3.499299999999999855e+00
3.980399999999999494e+00
4.793099999999999916e+00
5.277999999999998693e+00
6.339999999999999858e+00
7.577499999999999680e+00
8.750899999999999679e+00
9.673899999999999721e+00
1.075720000000000098e+01
1.150400000000000134e+01
1.206770000000000032e+01
1.240080000000000204e+01
1.264760000000000062e+01
1.248579999999999934e+01
1.236859999999999893e+01
1.249560000000000137e+01
1.220219999999999949e+01
1.201329999999999920e+01
1.189159999999999862e+01
1.164460000000000051e+01
1.150660000000000061e+01
1.125349999999999895e+01
1.114579999999999771e+01
1.093510000000000026e+01
1.078309999999999924e+01
1.057799999999999763e+01
1.032479999999999976e+01
1.025800000000000267e+01
9.983800000000000452e+00
9.866400000000000503e+00
9.779299999999999216e+00
9.586199999999999832e+00
9.448299999999999699e+00
9.361000000000000654e+00
9.217399999999999594e+00
9.065099999999999270e+00
8.921300000000000452e+00
8.926100000000001700e+00
8.747999999999999332e+00
8.636299999999998533e+00
8.481299999999999173e+00
8.470000000000000639e+00
8.318799999999999528e+00
8.261300000000000310e+00
8.144800000000000040e+00
8.066500000000001336e+00
7.972100000000000186e+00
7.864699999999999136e+00
7.798500000000000654e+00
7.754099999999999326e+00
7.666800000000000281e+00
7.581899999999999196e+00
7.552800000000001290e+00
7.464499999999999247e+00
7.424499999999999211e+00
7.340599999999999348e+00
7.303399999999999892e+00
7.200700000000000323e+00
7.179300000000000459e+00
7.101000000000001755e+00
7.054100000000000037e+00
7.004299999999999748e+00
6.966799999999999216e+00
6.923899999999999721e+00
6.861899999999999444e+00
6.822599999999999554e+00
6.790899999999998826e+00
6.698499999999999233e+00
6.673700000000001076e+00
6.667400000000001548e+00
6.622899999999999565e+00
6.550099999999999589e+00
6.547200000000001019e+00
6.484600000000000364e+00
6.478500000000000369e+00
6.410300000000001219e+00
6.346499999999998920e+00
6.320899999999999963e+00
6.304000000000001158e+00
6.279500000000000526e+00
6.269299999999999429e+00
6.236499999999999488e+00
6.205200000000001381e+00
6.160700000000002063e+00
6.131699999999999484e+00
6.110199999999999854e+00
