1.000000000000000000e+00
1.077899999999999858e+00
1.174499999999999877e+00
1.265799999999999814e+00
1.370100000000000096e+00
1.495499999999999607e+00
1.615799999999999903e+00
1.753100000000000103e+00
1.925100000000000255e+00
2.075499999999999901e+00
2.270999999999999908e+00
2.505300000000000082e+00
2.780100000000000460e+00
3.123099999999999987e+00
3.528799999999999937e+00
3.973500000000000032e+00
4.572400000000000020e+00
5.425999999999999268e+00
6.506499999999999062e+00
7.343200000000000394e+00
8.541699999999998738e+00
9.859100000000001529e+00
1.076629999999999932e+01
1.129890000000000150e+01
1.194260000000000055e+01
1.242259999999999920e+01
1.271230000000000082e+01
1.261129999999999818e+01
1.251039999999999885e+01
1.232670000000000066e+01
1.231970000000000276e+01
1.213890000000000136e+01
1.188999999999999702e+01
1.158980000000000032e+01
1.147910000000000075e+01
1.135089999999999932e+01
1.110289999999999999e+01
1.087239999999999718e+01
1.065970000000000084e+01
1.052009999999999934e+01
1.035500000000000043e+01
1.019109999999999872e+01
1.001950000000000074e+01
9.883300000000000196e+00
9.698600000000000776e+00
9.537699999999999179e+00
9.481099999999999639e+00
9.313399999999999679e+00
9.234799999999999898e+00
9.049500000000000099e+00
8.937999999999998835e+00
8.832700000000000884e+00
8.679399999999999338e+00
8.633200000000000429e+00
8.529299999999999216e+00
8.394499999999998963e+00
8.263899999999999579e+00
8.214600000000000790e+00
8.086399999999999366e+00
8.019899999999999807e+00
7.939599999999999547e+00
7.879000000000001336e+00
7.795800000000000729e+00
7.710599999999998566e+00
7.638199999999999434e+00
7.604599999999999582e+00
7.502699999999999925e+00
7.412499999999999645e+00
7.374700000000000699e+00
7.286899999999999267e+00
7.253300000000000303e+00
7.182699999999999640e+00
7.146900000000000475e+00
7.086699999999999555e+00
7.043699999999998518e+00
7.003899999999999793e+00
6.933899999999999508e+00
6.866399999999999615e+00
6.860100000000000087e+00
6.799999999999999822e+00
6.771100000000000563e+00
6.683799999999999741e+00
6.664699999999999847e+00
6.607800000000000118e+00
6.551400000000001000e+00
6.532599999999999518e+00
6.498400000000000176e+00
6.434600000000000541e+00
6.411899999999999267e+00
6.369799999999998796e+00
6.347399999999998599e+00
6.312899999999999956e+00
6.323799999999997645e+00
6.268100000000000449e+00
6.241200000000000081e+00
6.196499999999999453e+00
6.147800000000001042e+00
6.147000000000002018e+00
6.102299999999998725e+00
6.084399999999999586e+00
