1.000000000000000000e+00
1.083299999999999930e+00
1.169400000000000217e+00
1.261900000000000022e+00
1.375000000000000000e+00
1.490700000000000136e+00
1.624400000000000066e+00
1.732099999999999751e+00
1.911800000000000166e+00
2.072699999999999765e+00
2.304299999999999571e+00
2.532700000000000173e+00
2.767599999999999838e+00
3.138999999999999790e+00
3.552499999999999325e+00
4.069700000000000095e+00
4.875699999999999257e+00
5.516599999999999504e+00
6.398100000000000342e+00
7.508100000000001550e+00
9.113400000000000389e+00
9.529600000000000293e+00
1.063139999999999930e+01
1.146329999999999671e+01
1.188519999999999754e+01
1.226830000000000176e+01
1.239770000000000039e+01
1.248310000000000208e+01
1.215580000000000105e+01
1.227329999999999899e+01
1.212219999999999942e+01
1.180460000000000065e+01
1.168559999999999910e+01
1.149630000000000152e+01
1.141189999999999749e+01
1.124889999999999723e+01
1.102629999999999910e+01
1.078819999999999624e+01
1.065639999999999787e+01
1.041880000000000095e+01
1.027170000000000094e+01
1.017499999999999893e+01
9.975700000000001566e+00
9.743000000000000327e+00
9.644100000000001671e+00
9.464299999999997937e+00
9.327499999999998792e+00
9.210799999999998988e+00
9.128800000000001802e+00
8.955900000000001526e+00
8.876500000000000057e+00
8.700600000000001444e+00
8.617000000000000881e+00
8.531299999999998107e+00
8.429999999999999716e+00
8.328600000000001558e+00
8.221299999999999386e+00
8.158799999999999386e+00
8.085000000000002629e+00
7.965099999999998737e+00
7.880599999999999383e+00
7.787399999999998990e+00
7.707499999999999574e+00
7.646799999999998043e+00
7.565700000000000536e+00
7.527399999999999203e+00
7.447199999999998710e+00
7.358000000000000540e+00
7.336900000000000865e+00
7.231900000000001327e+00
7.185100000000001153e+00
7.153999999999999915e+00
7.057400000000001228e+00
7.021399999999999864e+00
6.956699999999999662e+00
6.925400000000000666e+00
6.872499999999998721e+00
6.830999999999997740e+00
6.777499999999999858e+00
6.715800000000000658e+00
6.680400000000000560e+00
6.633899999999999686e+00
6.573700000000001431e+00
6.541800000000000281e+00
6.495199999999999640e+00
6.472799999999999443e+00
6.429000000000001158e+00
6.394099999999999895e+00
6.354399999999999160e+00
6.317300000000000360e+00
6.297100000000000364e+00
6.242599999999999483e+00
6.229099999999998971e+00
6.182900000000000063e+00
6.197199999999998710e+00
6.150599999999999845e+00
6.119299999999998185e+00
6.092200000000001836e+00
6.062300000000000466e+00
6.035999999999998700e+00
