1.000000000000000000e+00
1.084100000000000064e+00
1.172600000000000087e+00
1.265600000000000058e+00
1.374300000000000077e+00
1.477900000000000214e+00
1.618399999999999395e+00
1.749600000000000044e+00
1.902600000000000291e+00
2.091900000000000315e+00
2.253899999999999793e+00
2.540799999999999947e+00
2.797499999999999876e+00
3.122300000000000075e+00
3.545799999999999841e+00
4.092099999999999405e+00
4.737799999999999123e+00
5.701200000000000045e+00
6.597700000000000564e+00
7.527400000000000091e+00
8.743500000000000938e+00
9.819399999999999906e+00
1.051209999999999845e+01
1.144179999999999886e+01
1.190750000000000242e+01
1.215039999999999942e+01
1.228490000000000038e+01
1.237949999999999839e+01
1.219539999999999935e+01
1.207859999999999978e+01
1.199019999999999975e+01
1.176929999999999765e+01
1.161989999999999768e+01
1.132779999999999987e+01
1.124689999999999834e+01
1.094649999999999679e+01
1.085189999999999877e+01
1.066510000000000069e+01
1.043440000000000012e+01
1.029279999999999973e+01
1.012269999999999825e+01
9.995900000000000674e+00
9.759899999999998244e+00
9.677100000000001145e+00
9.499299999999998079e+00
9.391699999999998383e+00
9.234700000000000131e+00
9.105599999999999028e+00
9.003000000000000114e+00
8.835800000000000765e+00
8.730700000000000571e+00
8.634399999999999409e+00
8.514300000000000423e+00
8.404900000000001370e+00
8.312799999999999301e+00
8.210399999999999920e+00
8.096000000000001862e+00
8.048599999999998644e+00
7.950000000000000178e+00
7.826099999999999390e+00
7.756499999999999062e+00
7.692400000000000126e+00
7.638100000000000556e+00
7.523599999999999177e+00
7.497900000000000453e+00
7.419599999999999085e+00
7.358900000000001107e+00
7.297500000000001208e+00
7.187299999999998690e+00
7.149500000000001521e+00
7.100699999999999790e+00
7.023200000000000109e+00
7.027600000000002289e+00
6.941499999999999559e+00
6.851700000000001012e+00
6.834600000000000009e+00
6.751100000000000101e+00
6.712099999999999511e+00
6.705200000000001381e+00
6.632900000000001128e+00
6.584399999999998698e+00
6.530200000000000671e+00
6.513700000000000934e+00
6.441200000000001147e+00
6.423999999999999488e+00
6.354500000000000703e+00
6.324799999999999756e+00
6.321499999999999453e+00
6.263900000000001356e+00
6.251100000000000101e+00
6.212399999999999700e+00
6.181799999999998185e+00
6.136199999999999655e+00
6.134800000000000253e+00
6.080200000000002269e+00
6.064499999999998892e+00
6.040600000000000414e+00
6.007899999999999352e+00
5.998699999999998589e+00
5.934199999999999697e+00
