1.000000000000000000e+00
1.086999999999999966e+00
1.168299999999999894e+00
1.272799999999999931e+00
1.375499999999999723e+00
1.498600000000000154e+00
1.614099999999999868e+00
1.772900000000000142e+00
1.920399999999999885e+00
2.075299999999999923e+00
2.295999999999999819e+00
2.521300000000000097e+00
2.790399999999999991e+00
3.078700000000000436e+00
3.462900000000000311e+00
3.989599999999999813e+00
4.731799999999999784e+00
5.530299999999999550e+00
6.531699999999999839e+00
7.577299999999999258e+00
8.509199999999999875e+00
9.905099999999999127e+00
1.050440000000000040e+01
1.146359999999999957e+01
1.202189999999999870e+01
1.208570000000000455e+01
1.231109999999999971e+01
1.233939999999999770e+01
1.224850000000000350e+01
1.210870000000000068e+01
1.197409999999999997e+01
1.184520000000000017e+01
1.167110000000000092e+01
1.144839999999999947e+01
1.130049999999999777e+01
1.098339999999999961e+01
1.080389999999999873e+01
1.070610000000000106e+01
1.050590000000000224e+01
1.034019999999999762e+01
1.019999999999999929e+01
1.005210000000000115e+01
9.865000000000000213e+00
9.714500000000001023e+00
9.562000000000001165e+00
9.409899999999998599e+00
9.283099999999999241e+00
9.129299999999998860e+00
8.981500000000000483e+00
8.895899999999999253e+00
8.749200000000000088e+00
8.645800000000001262e+00
8.539099999999999469e+00
8.459799999999999542e+00
8.302999999999999048e+00
8.254399999999998627e+00
8.182900000000000063e+00
8.073700000000000543e+00
7.977300000000000502e+00
7.882200000000000095e+00
7.829499999999999460e+00
7.726799999999999891e+00
7.603699999999999903e+00
7.554300000000000459e+00
7.485400000000001164e+00
7.429699999999999527e+00
7.378800000000000914e+00
7.288499999999999091e+00
7.240899999999999892e+00
7.168799999999997397e+00
7.128499999999999837e+00
7.086799999999998434e+00
7.008600000000000385e+00
6.938199999999999257e+00
6.926400000000001000e+00
6.874300000000000743e+00
6.801599999999999646e+00
6.756299999999999528e+00
6.709300000000000708e+00
6.648900000000000254e+00
6.598700000000000898e+00
6.608000000000000540e+00
6.528099999999998460e+00
6.513500000000000512e+00
6.463299999999999379e+00
6.416599999999999859e+00
6.385799999999997922e+00
6.326499999999999346e+00
6.323199999999998155e+00
6.283999999999999808e+00
6.235100000000000087e+00
6.194000000000000838e+00
6.191300000000000914e+00
6.128899999999998904e+00
6.103300000000000836e+00
6.106200000000000294e+00
6.072000000000000064e+00
6.042000000000001592e+00
6.018299999999999983e+00
6.006699999999999484e+00
