1.000000000000000000e+00
1.086000000000000076e+00
1.169599999999999973e+00
1.267900000000000027e+00
1.379800000000000137e+00
1.503100000000000325e+00
1.634500000000000064e+00
1.753700000000000037e+00
1.894799999999999596e+00
2.087600000000000566e+00
2.293099999999999916e+00
2.546300000000000008e+00
2.798000000000000487e+00
3.090700000000000003e+00
3.519900000000000695e+00
4.051800000000000956e+00
4.690400000000000347e+00
5.555400000000002336e+00
6.368200000000000749e+00
7.656399999999999650e+00
8.590900000000001313e+00
9.704299999999999926e+00
1.066789999999999949e+01
1.146529999999999738e+01
1.216949999999999754e+01
1.222949999999999982e+01
1.229260000000000019e+01
1.238909999999999911e+01
1.229549999999999876e+01
1.217310000000000159e+01
1.193290000000000184e+01
1.182060000000000244e+01
1.166340000000000110e+01
1.143830000000000169e+01
1.136270000000000024e+01
1.119370000000000154e+01
1.088549999999999685e+01
1.074780000000000157e+01
1.055289999999999928e+01
1.039690000000000047e+01
1.029950000000000010e+01
1.002110000000000056e+01
9.890200000000000102e+00
9.764799999999999258e+00
9.553399999999999892e+00
9.467999999999999972e+00
9.262499999999999289e+00
9.211699999999998667e+00
9.081900000000000972e+00
8.909899999999998599e+00
8.754599999999999937e+00
8.673700000000000188e+00
8.529899999999999594e+00
8.442199999999999704e+00
8.388400000000000745e+00
8.288600000000000634e+00
8.145800000000001262e+00
8.121499999999999275e+00
8.041499999999999204e+00
7.912899999999998712e+00
7.834199999999999164e+00
7.758899999999999686e+00
7.669399999999998663e+00
7.577099999999998836e+00
7.548999999999999488e+00
7.458200000000001495e+00
7.415500000000000647e+00
7.311399999999999899e+00
7.275100000000001010e+00
7.198600000000001664e+00
7.143299999999999095e+00
7.071800000000000530e+00
7.049900000000000055e+00
6.967899999999999316e+00
6.926899999999999835e+00
6.877000000000000668e+00
6.816499999999998671e+00
6.818999999999999950e+00
6.737199999999998745e+00
6.657900000000000595e+00
6.658899999999999153e+00
6.596500000000000696e+00
6.551099999999999923e+00
6.486299999999999955e+00
6.489000000000000767e+00
6.422299999999999010e+00
6.383599999999998609e+00
6.373299999999999521e+00
6.323099999999999277e+00
6.287199999999999456e+00
6.246599999999998154e+00
6.235800000000001120e+00
6.181699999999998418e+00
6.160900000000000709e+00
6.127299999999999969e+00
6.109999999999998543e+00
6.071600000000000996e+00
6.044099999999999362e+00
6.034899999999998599e+00
6.009900000000000020e+00
