1.000000000000000000e+00
1.083599999999999897e+00
1.170300000000000118e+00
1.264800000000000146e+00
1.380600000000000049e+00
1.503800000000000026e+00
1.652999999999999803e+00
1.770599999999999952e+00
1.982299999999999951e+00
2.191700000000000870e+00
2.504299999999999748e+00
2.851000000000000423e+00
3.245900000000000230e+00
3.936700000000000088e+00
4.945200000000000706e+00
6.253499999999999837e+00
8.993499999999999162e+00
1.180389999999999873e+01
1.623819999999999908e+01
2.293449999999999989e+01
3.491199999999999903e+01
4.191990000000000549e+01
5.492620000000000147e+01
6.972969999999999402e+01
8.034040000000000248e+01
9.349060000000000059e+01
1.049570999999999970e+02
1.152249000000000194e+02
1.225771000000000299e+02
1.317353999999999985e+02
1.374512000000000000e+02
1.441528000000000134e+02
1.494189000000000078e+02
1.536031999999999869e+02
1.597604999999999791e+02
1.631764000000000010e+02
1.665439999999999827e+02
1.691654000000000053e+02
1.730017999999999745e+02
1.746367999999999654e+02
1.769227000000000487e+02
1.793663000000000238e+02
1.813793999999999755e+02
1.835926999999999794e+02
1.847298999999999864e+02
1.859544999999999675e+02
1.879555999999999756e+02
1.883122999999999934e+02
1.890464000000000055e+02
1.900818999999999619e+02
1.912314000000000078e+02
1.921934000000000253e+02
1.923126000000000317e+02
1.936051999999999964e+02
1.936921000000000390e+02
1.946209999999999809e+02
1.953658000000000641e+02
1.955098000000000411e+02
1.959565000000000055e+02
1.956956000000000131e+02
1.963793999999999755e+02
1.967210999999999785e+02
1.967370999999999412e+02
1.970209999999999582e+02
1.974808000000000163e+02
1.976152000000000157e+02
1.979161000000000001e+02
1.980469999999999970e+02
1.984436000000000035e+02
1.985156000000000063e+02
1.986338999999999544e+02
1.986976999999999691e+02
1.988748999999999683e+02
1.986872999999999934e+02
1.988932000000000073e+02
1.987985000000000184e+02
1.992060000000000173e+02
1.992701000000000136e+02
1.992752000000000123e+02
1.993442999999999756e+02
1.993441999999999439e+02
1.993500000000000796e+02
1.995548000000000002e+02
1.995071999999999832e+02
1.995759999999999934e+02
1.994712999999999852e+02
1.995458000000000141e+02
1.996131000000000029e+02
1.996099000000000103e+02
1.995356000000000449e+02
1.996736999999999966e+02
1.997954999999999472e+02
1.998400000000000034e+02
1.998839000000000397e+02
1.998616000000000383e+02
1.999093999999999767e+02
1.998214999999999861e+02
1.998377000000000123e+02
1.997937999999999761e+02
1.998208000000000482e+02
