1.000000000000000000e+00
1.086000000000000076e+00
1.169999999999999929e+00
1.270199999999999774e+00
1.386299999999999644e+00
1.517100000000000115e+00
1.664899999999999824e+00
1.794600000000000417e+00
1.968899999999999872e+00
2.201799999999999979e+00
2.496600000000000374e+00
2.870699999999999807e+00
3.308699999999999530e+00
3.840700000000000447e+00
4.850999999999999979e+00
6.368599999999999817e+00
8.384000000000000341e+00
1.198020000000000174e+01
1.627359999999999829e+01
2.417369999999999308e+01
3.190290000000000248e+01
4.390330000000000865e+01
5.500000000000000000e+01
6.900259999999998684e+01
8.476160000000001560e+01
9.382370000000000232e+01
1.051638000000000233e+02
1.135921000000000163e+02
1.244323999999999728e+02
1.315846999999999980e+02
1.381511999999999887e+02
1.437811000000000377e+02
1.484377999999999815e+02
1.542226999999999748e+02
1.580045999999999822e+02
1.619924000000000035e+02
1.667599000000000160e+02
1.693705999999999676e+02
1.729138000000000090e+02
1.757652000000000498e+02
1.769910999999999603e+02
1.792593999999999994e+02
1.827274000000000171e+02
1.833500999999999976e+02
1.841661000000000001e+02
1.860608999999999753e+02
1.865813999999999453e+02
1.888892999999999631e+02
1.899986000000000104e+02
1.903391999999999769e+02
1.913228000000000009e+02
1.918230000000000643e+02
1.924336999999999875e+02
1.932116999999999791e+02
1.945212999999999681e+02
1.941940000000000168e+02
1.946211000000000126e+02
1.956688000000000045e+02
1.957800000000000011e+02
1.962057000000000073e+02
1.964774999999999636e+02
1.968358999999999526e+02
1.968069000000000131e+02
1.974679999999999893e+02
1.973634999999999877e+02
1.978294000000000210e+02
1.981064999999999827e+02
1.978217999999999677e+02
1.982396999999999991e+02
1.982815999999999690e+02
1.984090000000000202e+02
1.984531000000000063e+02
1.985572999999999695e+02
1.988062000000000182e+02
1.989880999999999744e+02
1.990588000000000193e+02
1.990474999999999568e+02
1.992574999999999932e+02
1.991953000000000316e+02
1.993104000000000440e+02
1.992854999999999848e+02
1.995674999999999955e+02
1.992632000000000403e+02
1.994916000000000054e+02
1.996597999999999900e+02
1.997045999999999424e+02
1.995919999999999845e+02
1.997258999999999958e+02
1.995944999999999823e+02
1.996394999999999698e+02
1.997139000000000237e+02
1.998045999999999935e+02
1.997405000000000257e+02
1.997335000000000207e+02
1.998206999999999880e+02
1.997763999999999953e+02
1.998267000000000166e+02
1.998681000000000267e+02
1.997770000000000437e+02
1.999219999999999970e+02
