1.000000000000000000e+00
1.084100000000000064e+00
1.173300000000000232e+00
1.268000000000000016e+00
1.379200000000000204e+00
1.490399999999999947e+00
1.643699999999999939e+00
1.793699999999999850e+00
1.971699999999999786e+00
2.217000000000000082e+00
2.439700000000000202e+00
2.832799999999999763e+00
3.331999999999999851e+00
3.929699999999999527e+00
4.879900000000001015e+00
6.404199999999999449e+00
8.490500000000000824e+00
1.252099999999999902e+01
1.723580000000000112e+01
2.427459999999999951e+01
3.331909999999999883e+01
4.469050000000000011e+01
5.473129999999999029e+01
7.063530000000000086e+01
8.220520000000000493e+01
9.514460000000001116e+01
1.041839000000000084e+02
1.158767999999999887e+02
1.218955000000000126e+02
1.322790999999999997e+02
1.384492999999999938e+02
1.435871999999999957e+02
1.498402000000000100e+02
1.541550999999999760e+02
1.589218999999999937e+02
1.614031999999999982e+02
1.664570999999999970e+02
1.697065000000000055e+02
1.734178000000000566e+02
1.750682000000000471e+02
1.787445999999999913e+02
1.793674000000000035e+02
1.810725999999999942e+02
1.824222000000000037e+02
1.851370000000000005e+02
1.852856999999999914e+02
1.871279000000000110e+02
1.882361000000000502e+02
1.895189000000000021e+02
1.904848999999999819e+02
1.911242000000000303e+02
1.915124999999999886e+02
1.927016000000000417e+02
1.935266000000000020e+02
1.935992000000000530e+02
1.946483000000000061e+02
1.947738999999999976e+02
1.957497000000000185e+02
1.963492999999999995e+02
1.962808999999999742e+02
1.963129999999999882e+02
1.970694000000000301e+02
1.971775000000000091e+02
1.972407999999999788e+02
1.973321000000000254e+02
1.977975999999999885e+02
1.977014999999999532e+02
1.977228999999999814e+02
1.983435000000000628e+02
1.982716000000000065e+02
1.985007999999999697e+02
1.984769999999999754e+02
1.987530000000000427e+02
1.989345000000000141e+02
1.989241000000000099e+02
1.990303999999999860e+02
1.991692999999999643e+02
1.992475000000000023e+02
1.991450000000000102e+02
1.991434999999999889e+02
1.994792000000000201e+02
1.993671999999999684e+02
1.994955999999999676e+02
1.996169000000000153e+02
1.995798000000000059e+02
1.996314000000000419e+02
1.996776999999999589e+02
1.995559999999999832e+02
1.996354999999999791e+02
1.997780000000000200e+02
1.997386999999999944e+02
1.996562000000000126e+02
1.997389999999999759e+02
1.998215000000000146e+02
1.999217000000000155e+02
1.996742000000000132e+02
1.998666999999999803e+02
1.999513000000000034e+02
1.999044000000000096e+02
1.997649999999999864e+02
