1.000000000000000000e+00
1.083799999999999875e+00
1.172500000000000098e+00
1.273500000000000298e+00
1.370000000000000107e+00
1.487299999999999844e+00
1.632400000000000073e+00
1.755700000000000038e+00
1.896199999999999664e+00
2.099899999999999878e+00
2.299899999999999611e+00
2.516699999999999715e+00
2.807800000000000296e+00
3.076700000000000212e+00
3.549399999999999888e+00
3.953699999999999992e+00
4.648600000000000954e+00
5.493099999999999206e+00
6.509100000000000996e+00
7.327700000000000102e+00
8.709899999999999309e+00
9.906900000000000261e+00
1.052829999999999977e+01
1.140900000000000070e+01
1.205709999999999837e+01
1.226180000000000092e+01
1.258510000000000240e+01
1.231770000000000032e+01
1.240340000000000131e+01
1.221920000000000073e+01
1.205940000000000012e+01
1.204180000000000028e+01
1.183359999999999879e+01
1.162890000000000157e+01
1.145020000000000060e+01
1.120989999999999931e+01
1.110699999999999754e+01
1.074179999999999779e+01
1.065530000000000221e+01
1.044079999999999941e+01
1.026879999999999882e+01
1.013979999999999926e+01
9.949799999999999756e+00
9.772199999999999775e+00
9.633400000000001739e+00
9.459600000000000009e+00
9.449299999999999145e+00
9.221500000000000696e+00
9.125999999999999446e+00
8.973699999999999122e+00
8.923000000000000043e+00
8.720500000000001251e+00
8.635600000000000165e+00
8.557900000000000063e+00
8.439700000000000202e+00
8.314299999999999358e+00
8.248000000000001108e+00
8.135699999999999932e+00
8.070200000000001594e+00
7.987800000000000900e+00
7.874700000000000699e+00
7.800599999999999312e+00
7.727700000000001346e+00
7.665199999999999569e+00
7.586599999999999788e+00
7.551899999999999835e+00
7.472500000000000142e+00
7.345400000000000595e+00
7.329400000000000581e+00
7.259499999999999176e+00
7.193799999999999528e+00
7.178000000000001712e+00
7.074799999999999756e+00
7.050499999999999545e+00
7.020400000000000418e+00
6.901900000000000368e+00
6.896499999999998742e+00
6.851899999999999658e+00
6.779599999999999405e+00
6.747499999999999609e+00
6.672999999999999154e+00
6.652400000000000979e+00
6.593000000000001748e+00
6.582200000000001161e+00
6.552100000000000257e+00
6.505899999999999572e+00
6.400000000000000355e+00
6.401299999999999102e+00
6.389199999999999768e+00
6.356599999999999362e+00
6.310000000000001386e+00
6.281299999999999883e+00
6.256400000000000183e+00
6.213900000000000645e+00
6.164699999999999847e+00
6.150299999999999656e+00
6.118200000000000749e+00
6.079099999999998616e+00
6.065399999999999459e+00
6.052600000000000868e+00
