1.000000000000000000e+00
1.087100000000000177e+00
1.169100000000000028e+00
1.275599999999999845e+00
1.382599999999999829e+00
1.511299999999999866e+00
1.638300000000000090e+00
1.817299999999999915e+00
1.996699999999999919e+00
2.202500000000000124e+00
2.496800000000000352e+00
2.838800000000000434e+00
3.320299999999999585e+00
3.859100000000000197e+00
4.753199999999999648e+00
6.050899999999999501e+00
8.476800000000000779e+00
1.186590000000000344e+01
1.717759999999999820e+01
2.407760000000000389e+01
3.187890000000000867e+01
4.535810000000000741e+01
5.430769999999999698e+01
6.889820000000000277e+01
8.068219999999999459e+01
9.032170000000000698e+01
1.045849000000000188e+02
1.128380999999999972e+02
1.233016999999999825e+02
1.313454999999999870e+02
1.384284000000000106e+02
1.448546000000000049e+02
1.492335999999999956e+02
1.545158000000000129e+02
1.584181000000000097e+02
1.632123999999999739e+02
1.661725000000000136e+02
1.711435000000000173e+02
1.720637000000000398e+02
1.755362999999999829e+02
1.771673999999999864e+02
1.800381999999999607e+02
1.822232999999999947e+02
1.822150000000000034e+02
1.843883999999999617e+02
1.868055000000000518e+02
1.874807999999999879e+02
1.886798999999999751e+02
1.890430999999999813e+02
1.898223999999999876e+02
1.912691999999999837e+02
1.922451000000000079e+02
1.925652000000000328e+02
1.932467000000000326e+02
1.933596000000000288e+02
1.947301000000000215e+02
1.951999000000000137e+02
1.953142000000000280e+02
1.957702999999999918e+02
1.963247000000000071e+02
1.963004000000000531e+02
1.969184000000000481e+02
1.970167999999999893e+02
1.975326000000000306e+02
1.975949999999999989e+02
1.980156000000000063e+02
1.980120999999999469e+02
1.979891000000000076e+02
1.982989000000000033e+02
1.981551000000000329e+02
1.983495999999999810e+02
1.987229999999999848e+02
1.986142000000000110e+02
1.988720999999999890e+02
1.990209999999999866e+02
1.990929000000000144e+02
1.991881000000000199e+02
1.992108999999999526e+02
1.992721999999999696e+02
1.992918999999999983e+02
1.993802000000000021e+02
1.995022999999999627e+02
1.993484000000000265e+02
1.993390000000000271e+02
1.995525000000000091e+02
1.996456000000000017e+02
1.996534000000000049e+02
1.997044999999999959e+02
1.996288000000000125e+02
1.997605000000000359e+02
1.998409000000000049e+02
1.996252000000000066e+02
1.998075000000000330e+02
1.998930000000000007e+02
1.997162000000000148e+02
1.998177999999999770e+02
1.998592999999999336e+02
1.999701000000000306e+02
1.998491000000000213e+02
1.999084999999999752e+02
