1.000000000000000000e+00
1.083400000000000141e+00
1.170699999999999852e+00
1.271700000000000053e+00
1.384300000000000086e+00
1.493300000000000072e+00
1.643500000000000183e+00
1.786100000000000243e+00
1.970900000000000096e+00
2.199200000000000266e+00
2.507200000000000095e+00
2.823899999999999189e+00
3.271099999999999675e+00
3.941899999999999959e+00
5.008599999999999497e+00
6.463999999999999524e+00
8.534899999999998599e+00
1.153150000000000119e+01
1.635489999999999711e+01
2.397840000000000060e+01
3.383379999999999654e+01
4.248939999999999628e+01
5.544899999999999807e+01
6.891199999999999193e+01
8.136830000000000496e+01
9.432020000000002824e+01
1.031166000000000196e+02
1.137900999999999812e+02
1.226032000000000011e+02
1.299753000000000043e+02
1.372344999999999970e+02
1.431341000000000179e+02
1.483696999999999946e+02
1.535875000000000057e+02
1.601777000000000157e+02
1.625937999999999874e+02
1.652000999999999920e+02
1.688653000000000191e+02
1.727860000000000582e+02
1.750126999999999953e+02
1.770345999999999833e+02
1.792777999999999565e+02
1.805491999999999848e+02
1.833091999999999757e+02
1.844928000000000168e+02
1.861820999999999913e+02
1.866607000000000198e+02
1.882943999999999392e+02
1.899688000000000159e+02
1.903333000000000084e+02
1.917329000000000008e+02
1.923329999999999700e+02
1.927711000000000183e+02
1.933224999999999909e+02
1.937023000000000081e+02
1.938957000000000050e+02
1.949823999999999842e+02
1.954376999999999782e+02
1.958646999999999707e+02
1.960157000000000380e+02
1.965164000000000044e+02
1.968128000000000384e+02
1.967653999999999712e+02
1.972468000000000075e+02
1.976167000000000087e+02
1.973620999999999981e+02
1.980686000000000035e+02
1.981071000000000311e+02
1.978277999999999395e+02
1.985080999999999847e+02
1.986808000000000050e+02
1.984782000000000437e+02
1.987366000000000383e+02
1.986977000000000544e+02
1.988893999999999949e+02
1.990489000000000033e+02
1.990398999999999887e+02
1.993928999999999689e+02
1.989516999999999882e+02
1.993810000000000286e+02
1.994591999999999814e+02
1.994273000000000309e+02
1.991881000000000483e+02
1.994619000000000142e+02
1.996011000000000024e+02
1.995579999999999927e+02
1.994798999999999864e+02
1.995987999999999829e+02
1.996356000000000108e+02
1.996128999999999962e+02
1.997325000000000443e+02
1.996071000000000026e+02
1.997780000000000200e+02
1.998429999999999893e+02
1.998912000000000262e+02
1.998335000000000150e+02
1.999474000000000160e+02
1.999073000000000206e+02
1.998750000000000000e+02
1.998119000000000369e+02
