1.000000000000000000e+00
1.086500000000000243e+00
1.177100000000000035e+00
1.279500000000000082e+00
1.384700000000000042e+00
1.506400000000000183e+00
1.643300000000000205e+00
1.796499999999999986e+00
1.972800000000000109e+00
2.177599999999999980e+00
2.459800000000000431e+00
2.854599999999999582e+00
3.293299999999999894e+00
3.864200000000000745e+00
4.808099999999999596e+00
6.011899999999998023e+00
7.920900000000000496e+00
1.136639999999999873e+01
1.558319999999999972e+01
2.217610000000000525e+01
3.034750000000000369e+01
4.083230000000000359e+01
5.350439999999999685e+01
6.470370000000001198e+01
7.925099999999999056e+01
8.902909999999999968e+01
9.975209999999998445e+01
1.138375000000000199e+02
1.216537000000000148e+02
1.303114000000000203e+02
1.367169000000000096e+02
1.445935999999999808e+02
1.521787000000000205e+02
1.550320000000000107e+02
1.593520000000000039e+02
1.636357999999999890e+02
1.664133999999999673e+02
1.706888999999999896e+02
1.731714000000000055e+02
1.743658999999999537e+02
1.781930999999999869e+02
1.784594000000000165e+02
1.818655000000000257e+02
1.831389000000000067e+02
1.846270000000000095e+02
1.856602999999999497e+02
1.872382000000000630e+02
1.890186000000000490e+02
1.889291000000000338e+02
1.907926000000000215e+02
1.912587000000000614e+02
1.925015999999999963e+02
1.926149000000000058e+02
1.934717999999999734e+02
1.936929000000000372e+02
1.941409999999999911e+02
1.949758999999999958e+02
1.954799000000000149e+02
1.952760000000000105e+02
1.957703999999999667e+02
1.965524000000000058e+02
1.969071000000000140e+02
1.971330999999999847e+02
1.975183000000000675e+02
1.973931000000000040e+02
1.974160999999999717e+02
1.979125000000000227e+02
1.980002999999999531e+02
1.980404000000000337e+02
1.986151999999999589e+02
1.985514999999999759e+02
1.985305999999999642e+02
1.987379000000000531e+02
1.989057999999999709e+02
1.988688000000000216e+02
1.991397000000000617e+02
1.989959000000000060e+02
1.991329000000000065e+02
1.993445999999999856e+02
1.995082000000000448e+02
1.994530999999999779e+02
1.995598000000000241e+02
1.994268000000000143e+02
1.995502000000000180e+02
1.995156000000000063e+02
1.995871999999999673e+02
1.996537000000000148e+02
1.996767000000000110e+02
1.996091000000000122e+02
1.997800999999999476e+02
1.997709000000000117e+02
1.998641000000000076e+02
1.998534999999999968e+02
1.996641999999999939e+02
1.997752999999999872e+02
1.998366000000000042e+02
1.998574000000000410e+02
1.998872000000000355e+02
1.999417000000000542e+02
1.999694000000000358e+02
