1.000000000000000000e+00
1.087799999999999878e+00
1.166399999999999881e+00
1.272399999999999975e+00
1.383700000000000152e+00
1.502199999999999980e+00
1.629000000000000004e+00
1.780699999999999950e+00
2.005799999999999805e+00
2.190999999999999837e+00
2.476799999999999891e+00
2.830700000000000660e+00
3.315199999999999925e+00
3.892899999999999583e+00
4.697799999999999976e+00
5.846499999999998920e+00
7.908699999999999619e+00
1.077389999999999937e+01
1.518700000000000294e+01
2.088419999999999987e+01
2.909690000000000154e+01
3.775370000000000914e+01
5.061059999999999803e+01
6.248620000000001085e+01
7.498230000000000928e+01
8.715439999999998122e+01
9.991879999999997608e+01
1.103289999999999793e+02
1.206226999999999805e+02
1.305865000000000009e+02
1.374741000000000213e+02
1.442316999999999894e+02
1.491163999999999987e+02
1.543308000000000106e+02
1.592146999999999935e+02
1.638607000000000369e+02
1.662186999999999841e+02
1.697936000000000547e+02
1.723607999999999834e+02
1.754224000000000103e+02
1.776485999999999592e+02
1.805281000000000233e+02
1.821544000000000096e+02
1.832676999999999623e+02
1.856801000000000101e+02
1.859102999999999497e+02
1.875515000000000043e+02
1.893334000000000401e+02
1.898267999999999631e+02
1.907431000000000267e+02
1.916990999999999872e+02
1.922511999999999830e+02
1.935337999999999852e+02
1.933260999999999967e+02
1.941248000000000218e+02
1.942763999999999953e+02
1.950905000000000200e+02
1.954097000000000151e+02
1.958149999999999977e+02
1.957061999999999955e+02
1.961132000000000062e+02
1.966050000000000466e+02
1.967301000000000215e+02
1.974446000000000367e+02
1.974709999999999752e+02
1.976633999999999673e+02
1.980708000000000197e+02
1.983289000000000044e+02
1.983920999999999992e+02
1.987582999999999913e+02
1.987068999999999903e+02
1.985787000000000262e+02
1.989108999999999980e+02
1.988808000000000220e+02
1.989792999999999950e+02
1.990307000000000244e+02
1.990927999999999827e+02
1.991382999999999868e+02
1.992065000000000055e+02
1.994692000000000291e+02
1.992015000000000384e+02
1.994641000000000020e+02
1.994709999999999752e+02
1.994855999999999767e+02
1.995067000000000519e+02
1.996769999999999641e+02
1.995539999999999736e+02
1.997735000000000127e+02
1.995534000000000390e+02
1.997406000000000574e+02
1.997805999999999642e+02
1.997967999999999904e+02
1.997892000000000223e+02
1.997770999999999901e+02
1.999158999999999935e+02
1.998586000000000524e+02
1.998657000000000039e+02
1.998220000000000027e+02
1.997865999999999929e+02
1.998077999999999861e+02
