1.000000000000000000e+00
1.083900000000000308e+00
1.172199999999999909e+00
1.256000000000000005e+00
1.378500000000000281e+00
1.488699999999999468e+00
1.610300000000000065e+00
1.750600000000000378e+00
1.910899999999999821e+00
2.087299999999999489e+00
2.306099999999999817e+00
2.532700000000000173e+00
2.754599999999999937e+00
3.075000000000000178e+00
3.439599999999999991e+00
4.097799999999999443e+00
4.619500000000000384e+00
5.296200000000001573e+00
6.376700000000002255e+00
7.465499999999999581e+00
8.492700000000001026e+00
9.668400000000001882e+00
1.098249999999999993e+01
1.153730000000000011e+01
1.204480000000000040e+01
1.225089999999999968e+01
1.270470000000000077e+01
1.262759999999999749e+01
1.258709999999999951e+01
1.237199999999999633e+01
1.229770000000000252e+01
1.205109999999999815e+01
1.184809999999999874e+01
1.163279999999999959e+01
1.159319999999999951e+01
1.132980000000000054e+01
1.108709999999999596e+01
1.092310000000000159e+01
1.081460000000000043e+01
1.059179999999999922e+01
1.044710000000000072e+01
1.031140000000000079e+01
1.011589999999999989e+01
9.916900000000000048e+00
9.856799999999999784e+00
9.712899999999999423e+00
9.536599999999999966e+00
9.389599999999999724e+00
9.216200000000000614e+00
9.042200000000001125e+00
8.976099999999998857e+00
8.892699999999999605e+00
8.744100000000001316e+00
8.681400000000000006e+00
8.554700000000000415e+00
8.478000000000001535e+00
8.339299999999999713e+00
8.274200000000000443e+00
8.170799999999999841e+00
8.095800000000002328e+00
8.029300000000000992e+00
7.947999999999999510e+00
7.857400000000000162e+00
7.792700000000000848e+00
7.700000000000000178e+00
7.630399999999999849e+00
7.578099999999999170e+00
7.543899999999998940e+00
7.428800000000000736e+00
7.375299999999999301e+00
7.314899999999999736e+00
7.249000000000000554e+00
7.219500000000000028e+00
7.166599999999999859e+00
7.097800000000001219e+00
7.067000000000000171e+00
7.016300000000001091e+00
6.948900000000000077e+00
6.879999999999999005e+00
6.865299999999999514e+00
6.812199999999998923e+00
6.741199999999999193e+00
6.686699999999999200e+00
6.663700000000000401e+00
6.635699999999999044e+00
6.628800000000000026e+00
6.568299999999998917e+00
6.539500000000000313e+00
6.444100000000000605e+00
6.453599999999999781e+00
6.390200000000000102e+00
6.362499999999999822e+00
6.332399999999998919e+00
6.301799999999999180e+00
6.282399999999999984e+00
6.243700000000002248e+00
6.213499999999998913e+00
6.212999999999999190e+00
6.150500000000000966e+00
6.130300000000000971e+00
