1.000000000000000000e+00
1.084600000000000231e+00
1.170199999999999907e+00
1.263500000000000290e+00
1.376599999999999602e+00
1.496800000000000352e+00
1.652599999999999847e+00
1.782999999999999474e+00
2.016099999999999781e+00
2.199199999999999822e+00
2.513500000000000068e+00
2.826900000000000190e+00
3.326900000000000190e+00
3.882799999999999585e+00
4.732899999999999885e+00
6.080799999999999095e+00
7.763900000000001356e+00
1.084200000000000053e+01
1.490679999999999872e+01
2.088900000000000645e+01
2.896540000000000248e+01
3.928300000000000125e+01
5.448120000000000829e+01
6.460690000000001021e+01
7.695860000000000412e+01
9.120399999999999352e+01
9.930389999999999873e+01
1.129478999999999900e+02
1.213159000000000134e+02
1.291110999999999933e+02
1.356483000000000061e+02
1.418486000000000047e+02
1.495995000000000061e+02
1.547012000000000000e+02
1.595768999999999949e+02
1.633740999999999985e+02
1.666237000000000137e+02
1.693774999999999977e+02
1.712266000000000474e+02
1.747039000000000328e+02
1.775084999999999980e+02
1.802645000000000550e+02
1.808402000000000385e+02
1.835225999999999829e+02
1.839833999999999889e+02
1.855026000000000295e+02
1.878430999999999642e+02
1.882100999999999544e+02
1.898691000000000031e+02
1.915926000000000329e+02
1.918533999999999935e+02
1.914242999999999597e+02
1.930266000000000020e+02
1.935221999999999696e+02
1.940767000000000166e+02
1.946267000000000280e+02
1.945124999999999886e+02
1.955845999999999947e+02
1.960833000000000084e+02
1.965327000000000055e+02
1.966782999999999788e+02
1.971739999999999782e+02
1.969518999999999380e+02
1.973042000000000087e+02
1.973375999999999806e+02
1.976296999999999855e+02
1.980574999999999761e+02
1.979014999999999702e+02
1.982043999999999926e+02
1.981656999999999869e+02
1.985277000000000100e+02
1.984307000000000016e+02
1.986434000000000140e+02
1.988803999999999803e+02
1.989793999999999983e+02
1.990252000000000123e+02
1.991996000000000322e+02
1.990742999999999654e+02
1.992672000000000025e+02
1.991547999999999945e+02
1.993992999999999540e+02
1.993165999999999940e+02
1.993158000000000243e+02
1.995643999999999778e+02
1.995385000000000275e+02
1.995703999999999780e+02
1.998303999999999974e+02
1.997357000000000369e+02
1.996775000000000375e+02
1.997092000000000098e+02
1.997553999999999803e+02
1.997241000000000213e+02
1.996970999999999776e+02
1.997511000000000365e+02
1.996390999999999849e+02
1.998070999999999913e+02
1.997702000000000453e+02
1.998804999999999836e+02
1.998476000000000283e+02
1.998158999999999992e+02
