1.000000000000000000e+00
1.078900000000000192e+00
1.171699999999999964e+00
1.263499999999999845e+00
1.377900000000000125e+00
1.498099999999999987e+00
1.615699999999999692e+00
1.737100000000000088e+00
1.927399999999999780e+00
2.104099999999999859e+00
2.254899999999999682e+00
2.543300000000000338e+00
2.831800000000000761e+00
3.121900000000000119e+00
3.565199999999999925e+00
3.996999999999999886e+00
4.681300000000000239e+00
5.402499999999998970e+00
6.332499999999998685e+00
7.436599999999999433e+00
8.456799999999999429e+00
9.820600000000002439e+00
1.065589999999999904e+01
1.142079999999999984e+01
1.226210000000000200e+01
1.251900000000000368e+01
1.259009999999999962e+01
1.259759999999999991e+01
1.260600000000000165e+01
1.247580000000000133e+01
1.245930000000000071e+01
1.218829999999999991e+01
1.202570000000000228e+01
1.173809999999999754e+01
1.154929999999999879e+01
1.133620000000000161e+01
1.119840000000000124e+01
1.108889999999999887e+01
1.089179999999999815e+01
1.069119999999999848e+01
1.049390000000000178e+01
1.033980000000000032e+01
1.009089999999999954e+01
9.963500000000001577e+00
9.839699999999998781e+00
9.652899999999998926e+00
9.621900000000000119e+00
9.383000000000002672e+00
9.259799999999998477e+00
9.170199999999999463e+00
9.051899999999999835e+00
8.865700000000000358e+00
8.839799999999998548e+00
8.736099999999998644e+00
8.585499999999999687e+00
8.533100000000001017e+00
8.405400000000000205e+00
8.264099999999999113e+00
8.215899999999999537e+00
8.130600000000001160e+00
8.083600000000000563e+00
7.952700000000000990e+00
7.893699999999998163e+00
7.803000000000000824e+00
7.741199999999999193e+00
7.653599999999999071e+00
7.616000000000000547e+00
7.539199999999999235e+00
7.443599999999999994e+00
7.398200000000000109e+00
7.310800000000000409e+00
7.272900000000000809e+00
7.244000000000000661e+00
7.171000000000001151e+00
7.095699999999999008e+00
7.066599999999998438e+00
7.065399999999998570e+00
6.994200000000001971e+00
6.925900000000000389e+00
6.864099999999998758e+00
6.816499999999999559e+00
6.793600000000000527e+00
6.716200000000001502e+00
6.710800000000001653e+00
6.675300000000000011e+00
6.593999999999999417e+00
6.572200000000000486e+00
6.539499999999998536e+00
6.504200000000001758e+00
6.499600000000000044e+00
6.420200000000001239e+00
6.413899999999997270e+00
6.369900000000000340e+00
6.299800000000001177e+00
6.306999999999999496e+00
6.261599999999999611e+00
6.241200000000000081e+00
6.214700000000000557e+00
6.156400000000001427e+00
6.144799999999999152e+00
