1.000000000000000000e+00
1.082299999999999818e+00
1.173399999999999999e+00
1.267999999999999794e+00
1.382399999999999851e+00
1.503599999999999826e+00
1.641399999999999970e+00
1.795600000000000085e+00
1.981899999999999773e+00
2.182600000000000318e+00
2.479600000000000470e+00
2.802200000000000468e+00
3.326200000000000045e+00
3.814400000000000013e+00
4.857300000000000395e+00
6.082399999999999807e+00
8.225799999999999557e+00
1.197719999999999985e+01
1.585940000000000083e+01
2.110350000000000037e+01
3.174230000000000373e+01
3.992439999999999856e+01
5.247619999999999862e+01
6.568590000000000373e+01
7.974370000000000402e+01
9.202110000000000412e+01
1.035084999999999980e+02
1.129430999999999727e+02
1.233646000000000242e+02
1.267760000000000105e+02
1.363773000000000195e+02
1.429600000000000080e+02
1.478903999999999996e+02
1.538289000000000044e+02
1.592948000000000093e+02
1.623840999999999894e+02
1.666854999999999620e+02
1.694934000000000367e+02
1.720821000000000254e+02
1.743792999999999722e+02
1.768634000000000412e+02
1.805980999999999881e+02
1.816926000000000556e+02
1.833646000000000242e+02
1.851346999999999809e+02
1.856668000000000802e+02
1.866305999999999869e+02
1.878609999999999900e+02
1.903984000000000094e+02
1.902915999999999883e+02
1.913748999999999683e+02
1.919874000000000080e+02
1.925427999999999997e+02
1.929582000000000335e+02
1.942040000000000077e+02
1.939336999999999875e+02
1.953716999999999757e+02
1.953979999999999961e+02
1.959661000000000115e+02
1.964052999999999827e+02
1.962736999999999625e+02
1.965089999999999861e+02
1.971152000000000157e+02
1.970037999999999840e+02
1.974970000000000141e+02
1.973574999999999875e+02
1.979441999999999950e+02
1.978545000000000300e+02
1.980361000000000047e+02
1.984340999999999724e+02
1.986394000000000233e+02
1.984206999999999539e+02
1.986445999999999970e+02
1.987438000000000216e+02
1.988455000000000155e+02
1.991180999999999699e+02
1.991753999999999962e+02
1.990545000000000186e+02
1.992504999999999882e+02
1.992050000000000125e+02
1.995134999999999366e+02
1.994686999999999841e+02
1.995083000000000482e+02
1.993248999999999853e+02
1.995770999999999447e+02
1.994745000000000061e+02
1.996667999999999665e+02
1.996964999999999861e+02
1.995359000000000265e+02
1.997570000000000050e+02
1.998802000000000021e+02
1.997831999999999937e+02
1.998822000000000116e+02
1.996785999999999603e+02
1.997112999999999658e+02
1.997545000000000073e+02
1.998030000000000257e+02
1.997957000000000392e+02
1.998094000000000108e+02
1.998636000000000195e+02
