1.000000000000000000e+00
1.073400000000000132e+00
1.175099999999999811e+00
1.268099999999999783e+00
1.383899999999999908e+00
1.506199999999999983e+00
1.629199999999999982e+00
1.820999999999999952e+00
1.956800000000000095e+00
2.199700000000000433e+00
2.494099999999999540e+00
2.799999999999999378e+00
3.254199999999999537e+00
3.845799999999999663e+00
4.723300000000000054e+00
6.129699999999998816e+00
7.673199999999999577e+00
1.092170000000000130e+01
1.513949999999999996e+01
2.190600000000000236e+01
2.871440000000000126e+01
3.909000000000000341e+01
5.171609999999999729e+01
6.443830000000001235e+01
7.527649999999999864e+01
8.916719999999999402e+01
1.028674999999999784e+02
1.120480000000000160e+02
1.213465999999999809e+02
1.296604999999999848e+02
1.374933000000000050e+02
1.423994000000000142e+02
1.483121000000000151e+02
1.539904999999999688e+02
1.592896000000000072e+02
1.621343999999999994e+02
1.668792000000000257e+02
1.709191999999999894e+02
1.731022999999999854e+02
1.758762999999999863e+02
1.775352000000000317e+02
1.791664000000000385e+02
1.814452000000000282e+02
1.823333000000000084e+02
1.847084999999999866e+02
1.861224000000000274e+02
1.877698999999999785e+02
1.883578999999999724e+02
1.892605000000000359e+02
1.905762999999999749e+02
1.907111999999999910e+02
1.912499000000000251e+02
1.929867999999999597e+02
1.931924000000000206e+02
1.936622000000000128e+02
1.944937000000000182e+02
1.947890999999999906e+02
1.951995999999999469e+02
1.955329000000000121e+02
1.956085000000000207e+02
1.961207999999999743e+02
1.962884000000000242e+02
1.971091000000000122e+02
1.971539000000000215e+02
1.974561999999999671e+02
1.976965999999999894e+02
1.978727999999999838e+02
1.981818999999999846e+02
1.983339000000000283e+02
1.982847000000000151e+02
1.984955000000000211e+02
1.988292999999999608e+02
1.987076999999999600e+02
1.987894000000000574e+02
1.990104999999999791e+02
1.990724999999999909e+02
1.992405999999999722e+02
1.991984999999999957e+02
1.993157999999999390e+02
1.992076000000000136e+02
1.994583000000000084e+02
1.995458999999999889e+02
1.996518000000000086e+02
1.996960000000000264e+02
1.996521000000000754e+02
1.996592000000000269e+02
1.996240000000000236e+02
1.996744999999999948e+02
1.997800000000000011e+02
1.996737999999999715e+02
1.996029000000000053e+02
1.997337999999999738e+02
1.998011000000000195e+02
1.998532000000000437e+02
1.998129000000000133e+02
1.998698000000000263e+02
1.997487999999999602e+02
1.998609999999999900e+02
1.998865000000000123e+02
1.998572000000000060e+02
