1.000000000000000000e+00
1.081600000000000117e+00
1.165499999999999980e+00
1.261299999999999866e+00
1.374499999999999833e+00
1.489400000000000057e+00
1.615100000000000202e+00
1.759900000000000020e+00
1.897699999999999720e+00
2.099499999999999922e+00
2.273400000000000087e+00
2.509500000000000064e+00
2.766300000000000647e+00
3.086999999999999744e+00
3.539499999999999869e+00
3.981199999999999406e+00
4.583499999999999908e+00
5.340099999999999625e+00
6.340100000000001401e+00
7.246900000000000119e+00
8.451100000000000279e+00
9.334400000000000475e+00
1.066879999999999917e+01
1.176550000000000473e+01
1.236890000000000178e+01
1.273719999999999786e+01
1.300800000000000267e+01
1.317990000000000173e+01
1.322559999999999647e+01
1.306670000000000087e+01
1.276910000000000345e+01
1.275150000000000006e+01
1.244679999999999787e+01
1.224780000000000513e+01
1.202430000000000021e+01
1.174129999999999896e+01
1.154020000000000046e+01
1.151900000000000368e+01
1.118420000000000059e+01
1.099260000000000304e+01
1.076139999999999830e+01
1.069669999999999810e+01
1.046990000000000087e+01
1.038509999999999955e+01
1.018679999999999808e+01
9.995700000000001140e+00
9.891899999999999693e+00
9.713299999999998491e+00
9.610900000000000887e+00
9.438699999999998980e+00
9.284399999999999764e+00
9.266299999999999315e+00
9.101200000000000401e+00
9.040600000000001302e+00
8.912000000000000810e+00
8.799299999999998789e+00
8.692099999999999937e+00
8.546300000000000452e+00
8.451599999999999113e+00
8.374700000000000699e+00
8.291100000000000136e+00
8.212899999999999423e+00
8.185399999999999565e+00
8.085899999999998755e+00
7.956599999999999895e+00
7.918899999999998940e+00
7.853899999999998549e+00
7.782899999999999707e+00
7.751699999999999591e+00
7.653299999999998882e+00
7.554300000000000459e+00
7.488900000000000112e+00
7.451100000000000279e+00
7.390300000000000757e+00
7.368699999999998695e+00
7.346699999999999342e+00
7.247100000000000541e+00
7.202400000000002578e+00
7.118100000000000982e+00
7.092999999999998195e+00
7.048899999999999721e+00
7.027699999999999392e+00
6.971400000000000041e+00
6.930900000000000283e+00
6.923199999999999577e+00
6.856100000000001415e+00
6.772500000000000853e+00
6.787600000000000300e+00
6.723999999999998423e+00
6.692999999999998728e+00
6.657300000000000217e+00
6.629399999999999515e+00
6.588400000000000034e+00
6.580900000000000638e+00
6.521100000000001451e+00
6.474099999999999966e+00
6.431599999999999540e+00
6.427999999999999936e+00
6.404700000000000060e+00
6.342400000000000482e+00
