1.000000000000000000e+00
1.084400000000000031e+00
1.169599999999999973e+00
1.262300000000000200e+00
1.368599999999999817e+00
1.483900000000000219e+00
1.622900000000000231e+00
1.739700000000000024e+00
1.944599999999999884e+00
2.088599999999999568e+00
2.315599999999999881e+00
2.513700000000000045e+00
2.814499999999999780e+00
3.126199999999999868e+00
3.526800000000000157e+00
4.016899999999999693e+00
4.534499999999999531e+00
5.348000000000000753e+00
6.240399999999999281e+00
7.259900000000000020e+00
8.431300000000000239e+00
9.710399999999999920e+00
1.100390000000000157e+01
1.185890000000000022e+01
1.235879999999999868e+01
1.290579999999999927e+01
1.299809999999999910e+01
1.322610000000000063e+01
1.293079999999999963e+01
1.299299999999999677e+01
1.268040000000000234e+01
1.249339999999999939e+01
1.243679999999999986e+01
1.216260000000000296e+01
1.187910000000000110e+01
1.166779999999999973e+01
1.148709999999999809e+01
1.130099999999999838e+01
1.106860000000000355e+01
1.094969999999999999e+01
1.078570000000000206e+01
1.054959999999999987e+01
1.043369999999999820e+01
1.026510000000000034e+01
1.009570000000000078e+01
9.989200000000000301e+00
9.835100000000000620e+00
9.641099999999999781e+00
9.566400000000001569e+00
9.450499999999999901e+00
9.259299999999999642e+00
9.168699999999999406e+00
8.988300000000000622e+00
8.928900000000000503e+00
8.802200000000000912e+00
8.708099999999999952e+00
8.637999999999999901e+00
8.528100000000000236e+00
8.374900000000002009e+00
8.340899999999999537e+00
8.252100000000000435e+00
8.210900000000000531e+00
8.116100000000001202e+00
7.956900000000000972e+00
7.965900000000000425e+00
7.895799999999997709e+00
7.753400000000001846e+00
7.739199999999999413e+00
7.644199999999999662e+00
7.599600000000000577e+00
7.557199999999999029e+00
7.485399999999999388e+00
7.431900000000000617e+00
7.360499999999999154e+00
7.301699999999999413e+00
7.262900000000001022e+00
7.170700000000000074e+00
7.146699999999999164e+00
7.101099999999998857e+00
7.063300000000000800e+00
7.011100000000001664e+00
6.976799999999999891e+00
6.955799999999998207e+00
6.892599999999999838e+00
6.845600000000001906e+00
6.825999999999998735e+00
6.766999999999999460e+00
6.709299999999999820e+00
6.700900000000000745e+00
6.682599999999999874e+00
6.607999999999999652e+00
6.541100000000000136e+00
6.571100000000001273e+00
6.517799999999999372e+00
6.470399999999999707e+00
6.455200000000001381e+00
6.401600000000001067e+00
6.374300000000000743e+00
6.303799999999999848e+00
6.323699999999999655e+00
