1.000000000000000000e+00
1.081900000000000084e+00
1.165799999999999947e+00
1.262799999999999923e+00
1.381400000000000183e+00
1.505099999999999882e+00
1.640200000000000102e+00
1.801199999999999690e+00
1.973500000000000032e+00
2.229699999999999793e+00
2.457699999999999996e+00
2.830900000000000194e+00
3.258200000000000429e+00
3.820900000000000851e+00
4.812900000000000844e+00
5.994099999999998651e+00
7.744299999999999073e+00
1.081200000000000294e+01
1.548280000000000278e+01
2.084269999999999357e+01
2.927650000000000574e+01
3.678910000000000480e+01
5.064959999999999241e+01
6.374910000000000565e+01
7.574779999999999802e+01
8.834350000000000591e+01
9.963859999999998251e+01
1.114222999999999928e+02
1.207923000000000116e+02
1.301180000000000234e+02
1.351590999999999951e+02
1.437285000000000252e+02
1.491262999999999863e+02
1.541163999999999987e+02
1.593440000000000225e+02
1.630365999999999929e+02
1.667852999999999781e+02
1.703986999999999910e+02
1.729226999999999919e+02
1.738309999999999889e+02
1.771000000000000227e+02
1.800678999999999803e+02
1.815331000000000188e+02
1.828503000000000327e+02
1.846010999999999740e+02
1.861687999999999761e+02
1.866318000000000268e+02
1.873583000000000425e+02
1.891170000000000471e+02
1.905190000000000055e+02
1.911683999999999912e+02
1.918303999999999689e+02
1.932069999999999936e+02
1.931222999999999956e+02
1.942641999999999882e+02
1.943906999999999528e+02
1.949052999999999827e+02
1.953933000000000106e+02
1.952612000000000307e+02
1.957220999999999833e+02
1.968278000000000247e+02
1.970417000000000201e+02
1.970079000000000349e+02
1.974077000000000055e+02
1.974620000000000175e+02
1.977781000000000233e+02
1.980113999999999805e+02
1.981800000000000352e+02
1.984824000000000126e+02
1.986397000000000617e+02
1.985975999999999715e+02
1.987126000000000090e+02
1.989036000000000115e+02
1.989772999999999570e+02
1.990207000000000050e+02
1.991504999999999939e+02
1.991739000000000033e+02
1.992908000000000470e+02
1.991632000000000460e+02
1.993376999999999555e+02
1.995464000000000340e+02
1.995178000000000509e+02
1.994251000000000431e+02
1.995927999999999827e+02
1.995880999999999688e+02
1.996279999999999859e+02
1.997222000000000151e+02
1.996833000000000311e+02
1.996890000000000214e+02
1.996432999999999822e+02
1.996694000000000528e+02
1.997700000000000102e+02
1.998589000000000055e+02
1.997768000000000086e+02
1.997242000000000246e+02
1.998361000000000445e+02
1.999030000000000200e+02
1.998238000000000341e+02
1.997349000000000103e+02
1.998197000000000116e+02
