1.000000000000000000e+00
1.083600000000000119e+00
1.164900000000000047e+00
1.270699999999999941e+00
1.382699999999999818e+00
1.495999999999999996e+00
1.629400000000000182e+00
1.789199999999999680e+00
1.945799999999999752e+00
2.208000000000000185e+00
2.474099999999999966e+00
2.724100000000000410e+00
3.262600000000000389e+00
3.916200000000000792e+00
4.913499999999999979e+00
5.850100000000000300e+00
8.535899999999999821e+00
1.100539999999999985e+01
1.627340000000000231e+01
2.256449999999999889e+01
3.086939999999999884e+01
4.127409999999999712e+01
5.290969999999999374e+01
6.792309999999999093e+01
8.051610000000000866e+01
8.924430000000002394e+01
1.038325999999999851e+02
1.116818000000000239e+02
1.230229999999999677e+02
1.310904000000000167e+02
1.377318999999999960e+02
1.413220999999999776e+02
1.486887000000000398e+02
1.531015000000000157e+02
1.570404999999999802e+02
1.640620999999999867e+02
1.664783999999999935e+02
1.708287999999999727e+02
1.714859999999999900e+02
1.752232999999999947e+02
1.780431999999999846e+02
1.792473999999999705e+02
1.808438000000000159e+02
1.833114999999999384e+02
1.840749999999999602e+02
1.861630999999999858e+02
1.876152999999999622e+02
1.884241000000000383e+02
1.898035999999999603e+02
1.903628999999999394e+02
1.909235999999999933e+02
1.924487000000000023e+02
1.931216999999999757e+02
1.932964000000000055e+02
1.936246000000000151e+02
1.942171000000000163e+02
1.946841999999999757e+02
1.954487000000000307e+02
1.958269999999999982e+02
1.961932999999999936e+02
1.965482000000000085e+02
1.967758999999999787e+02
1.971793000000000120e+02
1.973535000000000252e+02
1.975916000000000281e+02
1.978593999999999937e+02
1.977942999999999927e+02
1.981519000000000119e+02
1.982308000000000163e+02
1.985705999999999847e+02
1.987295999999999481e+02
1.986376999999999953e+02
1.987497999999999649e+02
1.987860000000000298e+02
1.988091999999999757e+02
1.991802000000000419e+02
1.990575000000000330e+02
1.991546999999999628e+02
1.993431000000000211e+02
1.992700000000000387e+02
1.994123999999999910e+02
1.993352999999999611e+02
1.995509999999999877e+02
1.994598999999999762e+02
1.997134999999999820e+02
1.996316000000000486e+02
1.997092000000000098e+02
1.996283999999999992e+02
1.997252999999999759e+02
1.996076000000000192e+02
1.998279999999999461e+02
1.997978000000000236e+02
1.998347999999999729e+02
1.998275999999999613e+02
1.998384000000000640e+02
1.998883000000000152e+02
1.998723999999999705e+02
1.998177000000000021e+02
1.999637000000000171e+02
1.998177000000000021e+02
