1.000000000000000000e+00
1.081500000000000128e+00
1.172099999999999920e+00
1.263200000000000101e+00
1.376900000000000013e+00
1.499300000000000077e+00
1.581900000000000084e+00
1.752099999999999991e+00
1.894199999999999884e+00
2.030899999999999483e+00
2.282000000000000028e+00
2.558499999999999552e+00
2.839299999999999713e+00
3.087600000000000566e+00
3.518300000000000427e+00
3.982100000000000417e+00
4.562599999999999767e+00
5.326600000000000001e+00
6.195500000000000895e+00
7.325200000000000600e+00
8.232299999999998619e+00
9.407400000000000873e+00
1.065789999999999971e+01
1.149760000000000204e+01
1.236129999999999818e+01
1.291029999999999944e+01
1.314119999999999955e+01
1.328199999999999825e+01
1.324719999999999942e+01
1.331869999999999976e+01
1.301110000000000433e+01
1.282719999999999949e+01
1.260800000000000232e+01
1.237480000000000047e+01
1.217890000000000050e+01
1.208769999999999989e+01
1.184759999999999991e+01
1.162849999999999895e+01
1.147749999999999915e+01
1.120310000000000095e+01
1.093840000000000146e+01
1.082739999999999725e+01
1.061170000000000258e+01
1.050740000000000052e+01
1.038499999999999801e+01
1.021979999999999933e+01
1.008109999999999928e+01
9.780700000000001282e+00
9.752500000000003055e+00
9.616500000000000270e+00
9.471899999999999764e+00
9.362800000000000011e+00
9.217999999999999972e+00
9.112099999999999866e+00
9.025399999999999423e+00
8.876599999999999824e+00
8.824699999999999989e+00
8.776200000000001111e+00
8.661500000000000199e+00
8.530200000000000671e+00
8.475699999999999790e+00
8.343699999999998340e+00
8.262499999999999289e+00
8.220999999999998309e+00
8.076599999999999113e+00
8.053700000000000969e+00
7.989199999999999413e+00
7.901299999999999990e+00
7.825200000000000600e+00
7.789900000000000269e+00
7.738900000000001000e+00
7.642800000000001148e+00
7.596800000000000885e+00
7.516600000000000392e+00
7.435199999999998255e+00
7.420799999999998953e+00
7.362000000000000099e+00
7.334700000000000664e+00
7.264600000000000612e+00
7.215900000000000425e+00
7.186499999999999666e+00
7.123499999999999943e+00
7.096400000000000041e+00
7.032300000000002882e+00
6.998099999999999099e+00
6.938699999999999868e+00
6.878299999999999415e+00
6.891500000000000625e+00
6.799599999999998978e+00
6.813500000000001222e+00
6.765899999999999359e+00
6.731599999999999362e+00
6.691100000000001380e+00
6.631400000000000183e+00
6.616000000000001435e+00
6.603499999999997705e+00
6.511999999999999567e+00
6.560699999999999754e+00
6.502099999999999547e+00
6.464999999999998970e+00
