1.000000000000000000e+00
1.082200000000000051e+00
1.172800000000000065e+00
1.265899999999999803e+00
1.376100000000000101e+00
1.487700000000000022e+00
1.617099999999999982e+00
1.751800000000000024e+00
1.906200000000000117e+00
2.075399999999999689e+00
2.287300000000000111e+00
2.501199999999999868e+00
2.813800000000000967e+00
3.075799999999999645e+00
3.531499999999999861e+00
4.010799999999999699e+00
4.669700000000000628e+00
5.620700000000000252e+00
6.377200000000000202e+00
7.362200000000000522e+00
8.676800000000000068e+00
9.637100000000001998e+00
1.069890000000000185e+01
1.154880000000000173e+01
1.234009999999999962e+01
1.269350000000000200e+01
1.285540000000000127e+01
1.287769999999999726e+01
1.271619999999999884e+01
1.252649999999999864e+01
1.241569999999999929e+01
1.235339999999999883e+01
1.203950000000000031e+01
1.194009999999999749e+01
1.171800000000000175e+01
1.147899999999999920e+01
1.125689999999999813e+01
1.118799999999999883e+01
1.098230000000000040e+01
1.069969999999999999e+01
1.061879999999999669e+01
1.037650000000000006e+01
1.021329999999999849e+01
1.013040000000000163e+01
9.912799999999998946e+00
9.766899999999999693e+00
9.617299999999998406e+00
9.513700000000000045e+00
9.398999999999999133e+00
9.271899999999998698e+00
9.097899999999999210e+00
9.042399999999998883e+00
8.897100000000000009e+00
8.750600000000000378e+00
8.666900000000000048e+00
8.619799999999999685e+00
8.483100000000000307e+00
8.355699999999998795e+00
8.268200000000000216e+00
8.198500000000001009e+00
8.135400000000000631e+00
8.042699999999999960e+00
7.962899999999999423e+00
7.877399999999998847e+00
7.807199999999999029e+00
7.768299999999999983e+00
7.685999999999999943e+00
7.586900000000000865e+00
7.578100000000000946e+00
7.456000000000000405e+00
7.404100000000000570e+00
7.363900000000000112e+00
7.298299999999999343e+00
7.248299999999999521e+00
7.211299999999999599e+00
7.145800000000000374e+00
7.098500000000000476e+00
7.028500000000001080e+00
6.962799999999999656e+00
6.941599999999999326e+00
6.918499999999999872e+00
6.875599999999999490e+00
6.814299999999998469e+00
6.773600000000000065e+00
6.739400000000000723e+00
6.690499999999999226e+00
6.626000000000000334e+00
6.607000000000001982e+00
6.551699999999999413e+00
6.538900000000000823e+00
6.473299999999999166e+00
6.436499999999999666e+00
6.438699999999999868e+00
6.376500000000000057e+00
6.350500000000000256e+00
6.306600000000002204e+00
6.284200000000001118e+00
6.291399999999999437e+00
6.231999999999999318e+00
6.212099999999999511e+00
