1.000000000000000000e+00
1.081600000000000117e+00
1.172700000000000076e+00
1.265300000000000091e+00
1.382500000000000062e+00
1.512499999999999956e+00
1.606399999999999606e+00
1.795199999999999463e+00
1.968799999999999661e+00
2.140400000000000080e+00
2.471499999999999808e+00
2.858200000000000518e+00
3.333099999999999952e+00
3.797699999999999410e+00
4.743799999999999351e+00
5.993800000000000239e+00
7.752199999999999314e+00
1.080610000000000070e+01
1.467919999999999625e+01
2.079029999999999845e+01
2.742030000000000101e+01
3.689330000000000354e+01
4.885270000000000579e+01
6.026470000000000482e+01
7.433099999999998886e+01
8.876330000000000098e+01
1.014071000000000140e+02
1.092250999999999976e+02
1.183880999999999801e+02
1.295067999999999984e+02
1.346376999999999953e+02
1.427395999999999674e+02
1.488833999999999946e+02
1.539701000000000022e+02
1.581520000000000152e+02
1.633778999999999826e+02
1.664409999999999741e+02
1.704545999999999992e+02
1.728131999999999948e+02
1.754268999999999892e+02
1.780794000000000210e+02
1.798923000000000059e+02
1.816889999999999645e+02
1.838580999999999790e+02
1.849973999999999705e+02
1.867366000000000099e+02
1.875305000000000177e+02
1.889510000000000218e+02
1.898262999999999465e+02
1.904600000000000080e+02
1.911938000000000102e+02
1.921775000000000091e+02
1.926818000000000382e+02
1.937817000000000291e+02
1.936792000000000087e+02
1.944038999999999930e+02
1.952643999999999949e+02
1.956466000000000065e+02
1.959553000000000225e+02
1.962193000000000040e+02
1.964108999999999980e+02
1.970096000000000345e+02
1.970945999999999572e+02
1.973721000000000174e+02
1.973872000000000355e+02
1.976730000000000302e+02
1.977015000000000100e+02
1.981564000000000192e+02
1.983221999999999525e+02
1.984256000000000029e+02
1.985334999999999468e+02
1.985970999999999833e+02
1.987073000000000320e+02
1.988502000000000294e+02
1.990400999999999954e+02
1.988797000000000139e+02
1.990871999999999673e+02
1.992335999999999672e+02
1.992444999999999595e+02
1.995208000000000084e+02
1.993987000000000194e+02
1.993925000000000125e+02
1.994683999999999742e+02
1.997290999999999883e+02
1.995091999999999359e+02
1.995684000000000253e+02
1.996226999999999805e+02
1.996938999999999851e+02
1.996876000000000317e+02
1.995600000000000591e+02
1.996906999999999925e+02
1.997425000000000352e+02
1.997760000000000105e+02
1.996814999999999714e+02
1.998077000000000112e+02
1.998962000000000501e+02
1.997589000000000397e+02
1.998225000000000477e+02
1.998556000000000097e+02
1.998695000000000448e+02
