1.000000000000000000e+00
1.078999999999999959e+00
1.172500000000000098e+00
1.265699999999999825e+00
1.383500000000000174e+00
1.512299999999999978e+00
1.640500000000000069e+00
1.781900000000000039e+00
2.002800000000000136e+00
2.231700000000000017e+00
2.444400000000000350e+00
2.846999999999999531e+00
3.337899999999999423e+00
3.893200000000000660e+00
4.931099999999999817e+00
6.043800000000000949e+00
8.301899999999999835e+00
1.110880000000000045e+01
1.587490000000000023e+01
2.220220000000000127e+01
3.006580000000000297e+01
4.251990000000001402e+01
5.314690000000000225e+01
6.588890000000000668e+01
8.221130000000000848e+01
9.153910000000001901e+01
1.017910999999999859e+02
1.121147000000000133e+02
1.232506999999999948e+02
1.314391999999999712e+02
1.377735000000000127e+02
1.448571000000000026e+02
1.494062000000000126e+02
1.544185999999999979e+02
1.581676999999999964e+02
1.626042999999999950e+02
1.665486999999999966e+02
1.710949999999999989e+02
1.727830999999999904e+02
1.766195999999999628e+02
1.783865999999999872e+02
1.790154000000000565e+02
1.815258000000000607e+02
1.832439999999999714e+02
1.842825000000000273e+02
1.858235999999999990e+02
1.870164000000000044e+02
1.888986999999999625e+02
1.888351000000000113e+02
1.905467999999999904e+02
1.913851000000000226e+02
1.921670000000000016e+02
1.929783000000000186e+02
1.932347999999999502e+02
1.933366000000000042e+02
1.946949000000000183e+02
1.953957000000000050e+02
1.954099999999999966e+02
1.956153000000000191e+02
1.959098999999999933e+02
1.965747999999999820e+02
1.968002000000000180e+02
1.970469999999999970e+02
1.971750000000000114e+02
1.978151000000000295e+02
1.976931000000000154e+02
1.979376999999999782e+02
1.979914000000000271e+02
1.980501000000000147e+02
1.981909000000000276e+02
1.986688999999999510e+02
1.986430000000000007e+02
1.988045999999999935e+02
1.986100000000000136e+02
1.988560999999999694e+02
1.990653999999999826e+02
1.992576000000000533e+02
1.991374999999999886e+02
1.992840000000000202e+02
1.993963999999999999e+02
1.993350999999999544e+02
1.995099999999999625e+02
1.995171999999999741e+02
1.996377999999999986e+02
1.995882000000000005e+02
1.995122999999999536e+02
1.994815999999999860e+02
1.996444000000000187e+02
1.996995999999999469e+02
1.997734999999999843e+02
1.996787999999999670e+02
1.998048999999999751e+02
1.997680000000000007e+02
1.997982000000000369e+02
1.998265000000000100e+02
1.998332000000000335e+02
1.995424000000000149e+02
1.997095999999999663e+02
1.999424000000000206e+02
1.997785000000000082e+02
