1.000000000000000000e+00
1.087600000000000122e+00
1.165699999999999736e+00
1.269400000000000084e+00
1.377799999999999914e+00
1.489299999999999846e+00
1.606300000000000061e+00
1.741200000000000081e+00
1.924899999999999833e+00
2.076099999999999834e+00
2.289899999999999824e+00
2.531699999999999839e+00
2.817899999999999849e+00
3.128700000000000259e+00
3.496399999999999508e+00
3.946499999999999009e+00
4.599400000000000155e+00
5.333899999999999864e+00
6.281399999999999650e+00
7.234000000000000874e+00
8.398199999999999221e+00
9.527000000000001023e+00
1.066259999999999941e+01
1.163609999999999900e+01
1.233219999999999850e+01
1.286330000000000240e+01
1.300600000000000200e+01
1.311309999999999931e+01
1.313470000000000049e+01
1.302550000000000097e+01
1.284650000000000070e+01
1.269469999999999743e+01
1.263820000000000121e+01
1.239489999999999981e+01
1.212560000000000215e+01
1.190879999999999583e+01
1.164240000000000208e+01
1.152410000000000068e+01
1.131149999999999878e+01
1.108869999999999933e+01
1.097749999999999737e+01
1.076270000000000060e+01
1.052500000000000036e+01
1.033609999999999829e+01
1.023230000000000040e+01
1.005719999999999992e+01
9.967800000000002214e+00
9.798700000000001964e+00
9.711499999999999133e+00
9.518800000000000594e+00
9.415700000000001069e+00
9.352399999999999380e+00
9.124399999999999622e+00
9.048000000000000043e+00
8.905400000000000205e+00
8.817199999999997928e+00
8.759000000000000341e+00
8.598399999999999821e+00
8.543599999999999639e+00
8.455299999999999372e+00
8.368900000000000006e+00
8.263900000000001356e+00
8.189500000000000668e+00
8.127799999999998803e+00
8.074299999999999145e+00
7.988300000000000622e+00
7.909899999999998599e+00
7.834800000000000431e+00
7.770399999999998641e+00
7.704900000000000304e+00
7.676400000000001000e+00
7.609000000000000874e+00
7.511899999999999800e+00
7.489099999999998758e+00
7.368900000000000894e+00
7.387900000000001022e+00
7.309800000000000075e+00
7.201899999999999302e+00
7.198800000000001198e+00
7.194399999999998130e+00
7.107000000000000206e+00
7.068199999999999150e+00
7.023100000000000342e+00
6.978400000000001491e+00
6.946199999999999264e+00
6.902699999999999392e+00
6.850299999999999834e+00
6.818999999999999950e+00
6.759300000000001418e+00
6.743900000000000006e+00
6.675200000000000244e+00
6.670999999999999375e+00
6.604399999999999160e+00
6.618599999999999817e+00
6.571499999999999453e+00
6.538300000000000445e+00
6.519599999999997841e+00
6.443699999999999761e+00
6.451299999999999812e+00
6.405000000000000249e+00
