1.000000000000000000e+00
1.073400000000000132e+00
1.174300000000000122e+00
1.265899999999999803e+00
1.377499999999999947e+00
1.490999999999999881e+00
1.606999999999999540e+00
1.774299999999999988e+00
1.890900000000000025e+00
2.083499999999999464e+00
2.298099999999999810e+00
2.497100000000000541e+00
2.795099999999999696e+00
3.108600000000000030e+00
3.515499999999999403e+00
4.071100000000000385e+00
4.512500000000000178e+00
5.389299999999999535e+00
6.222599999999999021e+00
7.367200000000000415e+00
8.313499999999999446e+00
9.575400000000000134e+00
1.075149999999999828e+01
1.168050000000000033e+01
1.215709999999999980e+01
1.276769999999999783e+01
1.297090000000000209e+01
1.308489999999999931e+01
1.279349999999999987e+01
1.284330000000000105e+01
1.258019999999999783e+01
1.246950000000000003e+01
1.221689999999999898e+01
1.206389999999999851e+01
1.186960000000000015e+01
1.159040000000000248e+01
1.147240000000000038e+01
1.130389999999999873e+01
1.106939999999999813e+01
1.095090000000000074e+01
1.075819999999999865e+01
1.052310000000000123e+01
1.028529999999999944e+01
1.016030000000000122e+01
1.004519999999999946e+01
9.856000000000001648e+00
9.758199999999998653e+00
9.600499999999998479e+00
9.466900000000000759e+00
9.354799999999999116e+00
9.245300000000000296e+00
9.073799999999998533e+00
9.014400000000000190e+00
8.888700000000000045e+00
8.764199999999998880e+00
8.593500000000000583e+00
8.550800000000000622e+00
8.447300000000000253e+00
8.363599999999999923e+00
8.301899999999999835e+00
8.207300000000000040e+00
8.140799999999998704e+00
8.063900000000000290e+00
7.996700000000000585e+00
7.905499999999999972e+00
7.830400000000000027e+00
7.750400000000000844e+00
7.692000000000000171e+00
7.637099999999999334e+00
7.543799999999999173e+00
7.514600000000000612e+00
7.434899999999998954e+00
7.359400000000000830e+00
7.319300000000001916e+00
7.265900000000001135e+00
7.209199999999999164e+00
7.156099999999998573e+00
7.103000000000000647e+00
7.074500000000000455e+00
7.033399999999999430e+00
6.922900000000002052e+00
6.938399999999998791e+00
6.892300000000001425e+00
6.799999999999999822e+00
6.801199999999999690e+00
6.717200000000000060e+00
6.740000000000000213e+00
6.670099999999999696e+00
6.634899999999999132e+00
6.611800000000001454e+00
6.554700000000000415e+00
6.527800000000000047e+00
6.493900000000000006e+00
6.451799999999999535e+00
6.421599999999999753e+00
6.402499999999999858e+00
6.334900000000001086e+00
6.311399999999999899e+00
6.321600000000000996e+00
6.304100000000000037e+00
