1.000000000000000000e+00
1.086400000000000254e+00
1.176399999999999890e+00
1.276200000000000223e+00
1.376099999999999879e+00
1.492199999999999971e+00
1.618100000000000094e+00
1.746599999999999930e+00
1.897999999999999465e+00
2.069399999999999906e+00
2.279899999999999594e+00
2.538199999999999790e+00
2.794500000000000650e+00
3.089099999999999735e+00
3.532099999999999795e+00
3.977000000000000313e+00
4.615599999999999703e+00
5.457500000000001350e+00
6.356799999999999784e+00
7.476300000000000168e+00
8.582000000000000739e+00
9.799199999999999022e+00
1.081919999999999860e+01
1.149220000000000041e+01
1.237370000000000303e+01
1.254480000000000040e+01
1.269409999999999883e+01
1.296110000000000184e+01
1.291249999999999787e+01
1.269090000000000096e+01
1.256020000000000003e+01
1.247319999999999673e+01
1.229120000000000168e+01
1.200180000000000291e+01
1.171499999999999986e+01
1.158849999999999980e+01
1.133760000000000012e+01
1.118549999999999756e+01
1.104880000000000173e+01
1.079580000000000162e+01
1.062020000000000053e+01
1.039820000000000100e+01
1.025290000000000035e+01
1.013759999999999906e+01
9.986600000000001032e+00
9.861600000000001032e+00
9.712099999999999511e+00
9.552599999999999980e+00
9.409399999999999764e+00
9.296100000000000918e+00
9.181500000000001549e+00
9.071500000000000341e+00
8.908599999999999852e+00
8.811200000000001253e+00
8.708199999999999719e+00
8.630500000000001393e+00
8.467099999999998516e+00
8.406500000000001194e+00
8.292300000000000892e+00
8.208099999999999952e+00
8.146600000000001174e+00
8.050399999999999778e+00
8.036399999999998656e+00
7.934800000000000963e+00
7.841499999999999915e+00
7.759499999999999176e+00
7.743999999999998884e+00
7.635600000000000165e+00
7.589999999999999858e+00
7.497099999999999653e+00
7.463600000000000456e+00
7.396700000000000941e+00
7.333499999999999908e+00
7.263799999999999812e+00
7.234299999999999287e+00
7.163700000000000401e+00
7.075999999999998735e+00
7.067800000000000082e+00
7.049199999999999910e+00
6.938599999999999213e+00
6.953300000000000480e+00
6.881100000000000882e+00
6.867000000000000881e+00
6.774199999999999555e+00
6.757299999999998974e+00
6.762000000000000455e+00
6.677799999999998626e+00
6.648299999999998988e+00
6.628599999999998715e+00
6.563300000000001688e+00
6.530999999999998806e+00
6.461199999999999832e+00
6.445699999999999541e+00
6.428100000000000591e+00
6.405600000000000627e+00
6.364400000000000723e+00
6.336299999999999599e+00
6.294200000000000905e+00
6.275399999999998535e+00
6.253199999999999648e+00
