1.000000000000000000e+00
1.084100000000000064e+00
1.172600000000000087e+00
1.257900000000000018e+00
1.385299999999999976e+00
1.502399999999999514e+00
1.635999999999999899e+00
1.791399999999999881e+00
1.983399999999999830e+00
2.201300000000000257e+00
2.491199999999999637e+00
2.843699999999998784e+00
3.242500000000000160e+00
3.778599999999999959e+00
4.630900000000000460e+00
6.280699999999999505e+00
8.166500000000000981e+00
1.095250000000000234e+01
1.635340000000000060e+01
2.250019999999999598e+01
3.041559999999999775e+01
4.091859999999999786e+01
5.552600000000001046e+01
6.771429999999999438e+01
7.961929999999999552e+01
9.128900000000002990e+01
1.043388000000000062e+02
1.118998000000000133e+02
1.217374000000000223e+02
1.307670999999999992e+02
1.368594999999999970e+02
1.446437999999999988e+02
1.487252000000000294e+02
1.542107000000000028e+02
1.586954000000000349e+02
1.625909999999999798e+02
1.672436999999999898e+02
1.691220000000000141e+02
1.726974000000000160e+02
1.739586000000000183e+02
1.774355999999999653e+02
1.797632999999999868e+02
1.808583000000000425e+02
1.828579000000000008e+02
1.855594000000000108e+02
1.867578000000000316e+02
1.884052999999999827e+02
1.880942000000000291e+02
1.898976000000000113e+02
1.906930999999999869e+02
1.910068999999999733e+02
1.921339000000000397e+02
1.923228000000000293e+02
1.931760999999999626e+02
1.940426000000000499e+02
1.946400999999999897e+02
1.951145999999999958e+02
1.957959000000000458e+02
1.955568999999999846e+02
1.963627000000000180e+02
1.963057000000000016e+02
1.966573999999999671e+02
1.965183000000000106e+02
1.976222000000000207e+02
1.974880000000000280e+02
1.976654999999999802e+02
1.978292999999999893e+02
1.982227999999999781e+02
1.983761000000000081e+02
1.982594000000000278e+02
1.981746000000000265e+02
1.987057000000000357e+02
1.987233999999999696e+02
1.987347000000000037e+02
1.988854000000000042e+02
1.989426000000000272e+02
1.990759999999999934e+02
1.990572999999999979e+02
1.993120999999999867e+02
1.992470000000000425e+02
1.993360999999999592e+02
1.994563000000000557e+02
1.995535000000000139e+02
1.995310999999999808e+02
1.995416999999999916e+02
1.995149999999999864e+02
1.995635999999999797e+02
1.995659999999999741e+02
1.996716999999999871e+02
1.998056000000000267e+02
1.997193000000000040e+02
1.996376999999999953e+02
1.997398999999999774e+02
1.997606000000000108e+02
1.997826000000000306e+02
1.997252000000000010e+02
1.999101000000000283e+02
1.999465000000000146e+02
1.998400000000000318e+02
1.999570000000000505e+02
