1.000000000000000000e+00
1.083500000000000130e+00
1.164200000000000124e+00
1.267699999999999827e+00
1.375700000000000145e+00
1.483899999999999775e+00
1.600899999999999990e+00
1.747199999999999420e+00
1.877999999999999892e+00
2.088100000000000289e+00
2.278599999999999959e+00
2.456900000000000084e+00
2.766799999999999482e+00
3.125900000000000123e+00
3.590299999999999603e+00
3.947099999999999831e+00
4.783900000000000041e+00
5.403500000000000192e+00
6.379799999999999471e+00
7.518800000000001482e+00
8.693099999999997607e+00
9.707799999999998875e+00
1.085199999999999676e+01
1.172159999999999691e+01
1.219969999999999999e+01
1.252570000000000228e+01
1.271920000000000073e+01
1.261069999999999958e+01
1.273140000000000249e+01
1.258419999999999916e+01
1.241769999999999996e+01
1.214499999999999957e+01
1.210229999999999961e+01
1.186720000000000041e+01
1.162709999999999866e+01
1.146049999999999969e+01
1.127979999999999983e+01
1.113410000000000011e+01
1.088220000000000098e+01
1.067699999999999960e+01
1.056690000000000040e+01
1.037609999999999921e+01
1.014370000000000083e+01
1.005700000000000038e+01
9.857600000000001472e+00
9.750599999999998602e+00
9.559199999999998809e+00
9.478699999999999903e+00
9.311199999999999477e+00
9.200600000000001444e+00
9.087099999999999511e+00
8.966499999999999915e+00
8.828899999999999082e+00
8.765100000000000335e+00
8.629599999999999937e+00
8.518099999999998673e+00
8.376699999999999591e+00
8.377100000000000435e+00
8.236699999999999022e+00
8.188299999999999912e+00
8.064200000000001367e+00
8.036599999999999966e+00
7.917800000000000615e+00
7.868300000000000516e+00
7.744500000000000384e+00
7.666400000000001214e+00
7.636099999999999888e+00
7.531100000000000350e+00
7.524299999999999322e+00
7.421100000000000030e+00
7.400999999999998913e+00
7.298799999999999066e+00
7.241400000000001391e+00
7.201600000000000001e+00
7.146500000000000519e+00
7.096400000000000041e+00
7.069400000000000794e+00
6.996900000000000119e+00
6.964800000000001212e+00
6.885900000000000354e+00
6.860000000000000320e+00
6.768899999999999473e+00
6.782499999999997975e+00
6.747799999999999798e+00
6.698900000000000077e+00
6.639399999999998414e+00
6.583200000000000607e+00
6.568000000000000504e+00
6.513799999999998924e+00
6.474800000000000999e+00
6.442400000000001015e+00
6.417799999999999727e+00
6.382800000000000473e+00
6.340900000000000425e+00
6.346600000000000463e+00
6.289700000000001623e+00
6.225899999999999324e+00
6.257800000000000473e+00
6.218399999999999039e+00
6.179800000000001070e+00
