1.000000000000000000e+00
1.081000000000000183e+00
1.169699999999999962e+00
1.270299999999999985e+00
1.374099999999999877e+00
1.506600000000000161e+00
1.614400000000000279e+00
1.748700000000000143e+00
1.918300000000000116e+00
2.080600000000000005e+00
2.316000000000000281e+00
2.494400000000000173e+00
2.811600000000000321e+00
3.081599999999999895e+00
3.425800000000000622e+00
3.946599999999999664e+00
4.510100000000000442e+00
5.129600000000001714e+00
6.017300000000000537e+00
7.084300000000000708e+00
7.922799999999999621e+00
9.269800000000000040e+00
1.023279999999999923e+01
1.136930000000000085e+01
1.217090000000000138e+01
1.275079999999999991e+01
1.323019999999999818e+01
1.372230000000000238e+01
1.378989999999999583e+01
1.391940000000000133e+01
1.376200000000000045e+01
1.356920000000000037e+01
1.343089999999999762e+01
1.320810000000000173e+01
1.308629999999999960e+01
1.283500000000000085e+01
1.261979999999999791e+01
1.244399999999999906e+01
1.213879999999999804e+01
1.208859999999999957e+01
1.178470000000000262e+01
1.158390000000000164e+01
1.142530000000000179e+01
1.109699999999999775e+01
1.105499999999999972e+01
1.077550000000000097e+01
1.070730000000000004e+01
1.059750000000000014e+01
1.030969999999999942e+01
1.018650000000000055e+01
1.007219999999999871e+01
9.829900000000002080e+00
9.804999999999999716e+00
9.684499999999999886e+00
9.533000000000001251e+00
9.418499999999998096e+00
9.341999999999998749e+00
9.281700000000000728e+00
9.158000000000001251e+00
9.062500000000001776e+00
8.995099999999998985e+00
8.854300000000000281e+00
8.760299999999999088e+00
8.700300000000000367e+00
8.637000000000000455e+00
8.581799999999999429e+00
8.456499999999998352e+00
8.388700000000000045e+00
8.299400000000000333e+00
8.235099999999999199e+00
8.131700000000000372e+00
8.101800000000000779e+00
7.981300000000000949e+00
7.954400000000000581e+00
7.889499999999999069e+00
7.894100000000000783e+00
7.796200000000001573e+00
7.725799999999999557e+00
7.747099999999999653e+00
7.663299999999999557e+00
7.560600000000000875e+00
7.558699999999999974e+00
7.486100000000000421e+00
7.447699999999998433e+00
7.422199999999999243e+00
7.373399999999999288e+00
7.328499999999998238e+00
7.276699999999999946e+00
7.229000000000000981e+00
7.187700000000001310e+00
7.140500000000000291e+00
7.078100000000000946e+00
7.095399999999999707e+00
7.063299999999999024e+00
6.940399999999999459e+00
6.974999999999999645e+00
6.967199999999999172e+00
6.900299999999999656e+00
6.850299999999998946e+00
6.835200000000001275e+00
