1.000000000000000000e+00
1.079599999999999893e+00
1.170200000000000129e+00
1.269699999999999829e+00
1.372100000000000097e+00
1.496700000000000141e+00
1.602899999999999991e+00
1.762500000000000178e+00
1.887000000000000455e+00
2.063399999999999679e+00
2.249800000000000022e+00
2.527600000000000069e+00
2.784000000000000252e+00
3.098100000000000076e+00
3.514700000000000379e+00
3.904900000000000038e+00
4.537900000000000489e+00
5.169200000000000905e+00
6.153299999999998882e+00
7.067200000000000593e+00
8.239100000000000534e+00
9.382999999999999119e+00
1.046189999999999998e+01
1.145730000000000182e+01
1.230680000000000263e+01
1.303889999999999816e+01
1.328149999999999942e+01
1.337199999999999989e+01
1.359929999999999772e+01
1.339990000000000236e+01
1.345479999999999876e+01
1.320989999999999931e+01
1.310109999999999708e+01
1.281719999999999970e+01
1.256649999999999778e+01
1.229570000000000185e+01
1.211540000000000106e+01
1.186650000000000027e+01
1.181290000000000262e+01
1.159590000000000209e+01
1.142639999999999922e+01
1.129639999999999844e+01
1.107029999999999959e+01
1.087879999999999647e+01
1.066720000000000113e+01
1.058170000000000144e+01
1.035329999999999906e+01
1.023530000000000051e+01
1.006820000000000093e+01
9.881199999999999761e+00
9.888799999999998036e+00
9.651299999999999102e+00
9.565199999999999037e+00
9.411199999999999122e+00
9.322800000000000864e+00
9.242799999999999017e+00
9.087099999999997735e+00
8.996199999999998198e+00
8.890399999999999636e+00
8.807199999999999918e+00
8.744500000000000384e+00
8.609700000000000131e+00
8.570500000000000895e+00
8.454000000000000625e+00
8.308900000000001285e+00
8.263200000000001211e+00
8.233100000000000307e+00
8.136199999999998766e+00
8.063299999999999912e+00
8.022399999999999309e+00
7.955100000000000726e+00
7.864900000000001334e+00
7.805299999999999905e+00
7.754299999999999748e+00
7.709599999999999120e+00
7.610899999999999110e+00
7.627499999999998614e+00
7.541500000000000981e+00
7.466300000000000381e+00
7.412199999999999456e+00
7.437300000000000466e+00
7.347699999999998788e+00
7.294099999999999362e+00
7.282399999999999984e+00
7.188600000000000101e+00
7.156000000000000583e+00
7.173199999999999577e+00
7.109500000000001485e+00
7.050699999999999079e+00
6.969699999999999562e+00
6.976900000000000546e+00
6.935999999999999943e+00
6.917099999999999582e+00
6.880000000000000782e+00
6.831600000000000783e+00
6.817300000000000360e+00
6.745499999999999829e+00
6.727399999999999380e+00
6.727700000000001346e+00
6.631499999999999950e+00
