1.000000000000000000e+00
1.086600000000000010e+00
1.171799999999999731e+00
1.258800000000000141e+00
1.362599999999999811e+00
1.474799999999999889e+00
1.623399999999999954e+00
1.770700000000000163e+00
1.887800000000000367e+00
2.092600000000000016e+00
2.311599999999999877e+00
2.484799999999999898e+00
2.753800000000000026e+00
3.080599999999999561e+00
3.503200000000000536e+00
3.968299999999999716e+00
4.551700000000000301e+00
5.280400000000001093e+00
6.048900000000000610e+00
7.076500000000001123e+00
7.866500000000001158e+00
9.356300000000000949e+00
1.044949999999999868e+01
1.159850000000000136e+01
1.223250000000000171e+01
1.290310000000000024e+01
1.324929999999999986e+01
1.360219999999999985e+01
1.361769999999999925e+01
1.358220000000000027e+01
1.371989999999999732e+01
1.342740000000000045e+01
1.329769999999999897e+01
1.307029999999999959e+01
1.293480000000000096e+01
1.261920000000000108e+01
1.238999999999999702e+01
1.205679999999999907e+01
1.205279999999999951e+01
1.177139999999999809e+01
1.154270000000000174e+01
1.128339999999999854e+01
1.116469999999999985e+01
1.107760000000000034e+01
1.083139999999999858e+01
1.061730000000000018e+01
1.047710000000000008e+01
1.035389999999999944e+01
1.023639999999999795e+01
1.003009999999999913e+01
9.904500000000000526e+00
9.851300000000001944e+00
9.716600000000001458e+00
9.571300000000000807e+00
9.369999999999999218e+00
9.300600000000001089e+00
9.236599999999999255e+00
9.124800000000000466e+00
9.053499999999999659e+00
8.917300000000000892e+00
8.773000000000001464e+00
8.781799999999998718e+00
8.645699999999999719e+00
8.530599999999999739e+00
8.449799999999999756e+00
8.402199999999998781e+00
8.301299999999999457e+00
8.258900000000000574e+00
8.209600000000000009e+00
8.112999999999999545e+00
8.050700000000000855e+00
7.970600000000001906e+00
7.954500000000000348e+00
7.879000000000001336e+00
7.786700000000000621e+00
7.768899999999998585e+00
7.689000000000000057e+00
7.647599999999999731e+00
7.562499999999999112e+00
7.521499999999998742e+00
7.481700000000000017e+00
7.418099999999999028e+00
7.381700000000000372e+00
7.338500000000001577e+00
7.303700000000000081e+00
7.256599999999998829e+00
7.190299999999999692e+00
7.128700000000000259e+00
7.151799999999999713e+00
7.047399999999999665e+00
7.071499999999999453e+00
6.981399999999997164e+00
6.948299999999999699e+00
6.938699999999999868e+00
6.924400000000000333e+00
6.885299999999998199e+00
6.877399999999999736e+00
6.815899999999999181e+00
6.763899999999998691e+00
6.754099999999998438e+00
