1.000000000000000000e+00
1.082799999999999985e+00
1.175099999999999811e+00
1.273099999999999898e+00
1.385999999999999899e+00
1.493599999999999817e+00
1.632600000000000495e+00
1.800300000000000011e+00
1.966600000000000348e+00
2.176399999999999668e+00
2.461500000000000021e+00
2.822999999999999954e+00
3.220400000000000595e+00
3.744899999999999896e+00
4.512800000000000367e+00
5.714799999999999436e+00
7.207200000000001161e+00
9.185900000000000176e+00
1.190530000000000044e+01
1.564310000000000223e+01
2.068090000000000117e+01
2.790530000000000044e+01
3.426420000000000243e+01
4.383879999999999910e+01
5.126150000000000517e+01
6.484999999999999432e+01
7.323640000000000327e+01
8.322729999999997119e+01
9.141100000000000136e+01
9.993890000000003226e+01
1.055756999999999977e+02
1.170836999999999932e+02
1.225652999999999651e+02
1.304753999999999792e+02
1.356243999999999801e+02
1.397660999999999945e+02
1.468221000000000060e+02
1.524264000000000010e+02
1.546364000000000090e+02
1.573944999999999936e+02
1.609043000000000063e+02
1.623980999999999995e+02
1.650824999999999534e+02
1.694244999999999663e+02
1.712346000000000004e+02
1.723442000000000291e+02
1.757865999999999644e+02
1.794038000000000466e+02
1.783031999999999186e+02
1.782123000000000275e+02
1.816193000000000097e+02
1.839188000000000045e+02
1.857074000000000069e+02
1.861788000000000238e+02
1.863236000000000558e+02
1.830403000000000304e+02
1.860948000000000206e+02
1.903288000000000011e+02
1.886975000000000477e+02
1.910095999999999776e+02
1.915616999999999734e+02
1.892859000000000265e+02
1.911910999999999774e+02
1.927804000000000428e+02
1.936934999999999718e+02
1.933968999999999880e+02
1.951014000000000408e+02
1.915482000000000085e+02
1.954737000000000364e+02
1.951969000000000563e+02
1.939660000000000082e+02
1.950600999999999487e+02
1.963704999999999927e+02
1.962615000000000123e+02
1.959641000000000020e+02
1.970563999999999680e+02
1.972581000000000131e+02
1.958898999999999830e+02
1.981579999999999870e+02
1.983738000000000454e+02
1.969384000000000015e+02
1.984067000000000291e+02
1.972700999999999851e+02
1.987511000000000081e+02
1.963924000000000092e+02
1.968247000000000071e+02
1.980101999999999975e+02
1.989618999999999573e+02
1.968592999999999620e+02
1.990704999999999814e+02
1.989969000000000108e+02
1.993606000000000051e+02
1.981773999999999774e+02
1.992910000000000252e+02
1.993733999999999753e+02
1.983589000000000055e+02
1.993162999999999840e+02
1.987003000000000554e+02
1.986855999999999653e+02
1.998684000000000367e+02
