1.000000000000000000e+00
1.087099999999999955e+00
1.177200000000000024e+00
1.263399999999999856e+00
1.380900000000000016e+00
1.490900000000000114e+00
1.650099999999999900e+00
1.806100000000000039e+00
1.971999999999999975e+00
2.183499999999999996e+00
2.478399999999999714e+00
2.722999999999999421e+00
3.161799999999999056e+00
3.887800000000000367e+00
4.579900000000000304e+00
5.565999999999999837e+00
7.010700000000000820e+00
8.862400000000000944e+00
1.133890000000000065e+01
1.591870000000000118e+01
1.968140000000000001e+01
2.433589999999999520e+01
3.207249999999999801e+01
3.899669999999999703e+01
4.767479999999999762e+01
5.715399999999999636e+01
6.331139999999999191e+01
6.974139999999999873e+01
7.987999999999999545e+01
8.484449999999998226e+01
9.493740000000001089e+01
9.833660000000000423e+01
1.062433000000000050e+02
1.114016999999999769e+02
1.154078999999999837e+02
1.213572999999999951e+02
1.292480999999999653e+02
1.289355999999999938e+02
1.308088000000000193e+02
1.363110000000000070e+02
1.425465000000000089e+02
1.411502000000000123e+02
1.429559000000000140e+02
1.476822999999999979e+02
1.502441999999999780e+02
1.524288999999999703e+02
1.564113999999999862e+02
1.571039999999999850e+02
1.549135999999999740e+02
1.644514000000000067e+02
1.618384000000000071e+02
1.622623000000000104e+02
1.655200999999999851e+02
1.691422999999999490e+02
1.643158000000000243e+02
1.701734000000000151e+02
1.670502000000000180e+02
1.691607000000000198e+02
1.729666000000000281e+02
1.726685999999999979e+02
1.731970000000000027e+02
1.741015000000000157e+02
1.722429000000000201e+02
1.767674000000000092e+02
1.770146999999999764e+02
1.759703000000000657e+02
1.771354000000000326e+02
1.771768999999999892e+02
1.806254000000000417e+02
1.806938000000000102e+02
1.817761000000000422e+02
1.801350999999999942e+02
1.806926000000000272e+02
1.827483000000000288e+02
1.847214999999999918e+02
1.844351000000000624e+02
1.830954000000000121e+02
1.841099000000000387e+02
1.857938000000000045e+02
1.861422000000000025e+02
1.810241999999999791e+02
1.880202000000000169e+02
1.880416999999999916e+02
1.823830999999999847e+02
1.798902999999999963e+02
1.856084999999999923e+02
1.861583000000000254e+02
1.823129999999999598e+02
1.897939999999999827e+02
1.926870000000000118e+02
1.875451000000000192e+02
1.904551000000000158e+02
1.915075999999999965e+02
1.899674000000000547e+02
1.895487000000000251e+02
1.895988999999999862e+02
1.869837000000000273e+02
1.885278000000000134e+02
1.831153000000000191e+02
1.901624999999999943e+02
