1.000000000000000000e+00
1.075600000000000112e+00
1.178499999999999881e+00
1.261499999999999844e+00
1.362900000000000222e+00
1.484100000000000197e+00
1.607099999999999751e+00
1.741000000000000325e+00
1.898400000000000087e+00
2.102800000000000225e+00
2.263900000000000023e+00
2.496999999999999886e+00
2.828000000000000291e+00
3.085599999999999898e+00
3.508899999999999242e+00
3.991299999999999848e+00
4.489499999999999602e+00
5.422000000000001485e+00
6.065900000000000070e+00
7.256099999999999994e+00
8.386299999999998533e+00
9.461499999999999133e+00
1.073859999999999815e+01
1.146209999999999951e+01
1.252339999999999876e+01
1.294190000000000040e+01
1.298119999999999941e+01
1.349840000000000195e+01
1.332939999999999614e+01
1.335839999999999961e+01
1.311749999999999972e+01
1.298320000000000185e+01
1.271700000000000053e+01
1.261429999999999829e+01
1.229000000000000270e+01
1.209730000000000061e+01
1.194190000000000040e+01
1.180859999999999665e+01
1.156099999999999994e+01
1.123089999999999833e+01
1.102229999999999954e+01
1.100919999999999987e+01
1.070870000000000033e+01
1.054400000000000048e+01
1.050489999999999924e+01
1.019069999999999965e+01
1.010249999999999915e+01
9.967800000000000438e+00
9.830100000000001614e+00
9.602700000000002234e+00
9.578300000000002257e+00
9.507799999999999585e+00
9.322599999999999554e+00
9.194900000000000517e+00
9.085900000000000531e+00
8.919900000000000162e+00
8.910600000000000520e+00
8.806299999999998462e+00
8.682700000000000529e+00
8.622099999999999653e+00
8.521499999999999631e+00
8.404199999999999449e+00
8.383900000000000574e+00
8.237899999999999778e+00
8.199100000000001387e+00
8.135100000000001330e+00
8.055299999999999017e+00
7.956700000000000550e+00
7.925600000000000200e+00
7.842099999999999405e+00
7.769299999999999429e+00
7.786600000000000854e+00
7.635900000000000354e+00
7.601300000000001056e+00
7.573100000000000165e+00
7.466800000000000992e+00
7.421099999999999142e+00
7.405699999999999505e+00
7.367199999999999527e+00
7.275399999999999423e+00
7.252099999999999547e+00
7.200600000000000556e+00
7.149300000000000210e+00
7.109799999999999898e+00
7.049400000000000333e+00
7.003100000000000769e+00
7.000199999999999534e+00
6.960300000000000153e+00
6.885100000000002218e+00
6.861300000000000843e+00
6.813799999999998747e+00
6.810400000000000453e+00
6.751000000000000334e+00
6.716799999999999216e+00
6.703800000000000203e+00
6.647200000000001552e+00
6.599999999999999645e+00
6.557400000000001228e+00
6.557899999999998286e+00
6.516699999999999271e+00
