1.000000000000000000e+00
1.076500000000000234e+00
1.176199999999999912e+00
1.254299999999999971e+00
1.375900000000000345e+00
1.485399999999999832e+00
1.643899999999999917e+00
1.736000000000000210e+00
1.910900000000000265e+00
2.075699999999999878e+00
2.312199999999999811e+00
2.528400000000000425e+00
2.769299999999999429e+00
3.040399999999999991e+00
3.484099999999999753e+00
3.957600000000001117e+00
4.446699999999999875e+00
5.062899999999999956e+00
5.997899999999999565e+00
6.743400000000000283e+00
7.877400000000001512e+00
9.039399999999998769e+00
1.000060000000000038e+01
1.106839999999999868e+01
1.171969999999999779e+01
1.269099999999999895e+01
1.321559999999999668e+01
1.356340000000000323e+01
1.374619999999999820e+01
1.397759999999999714e+01
1.394549999999999912e+01
1.373640000000000150e+01
1.362450000000000294e+01
1.349239999999999995e+01
1.326029999999999909e+01
1.330729999999999968e+01
1.305000000000000249e+01
1.283130000000000059e+01
1.261130000000000351e+01
1.240680000000000049e+01
1.219270000000000209e+01
1.202939999999999898e+01
1.185190000000000232e+01
1.159109999999999907e+01
1.154350000000000165e+01
1.124980000000000224e+01
1.109610000000000163e+01
1.097550000000000203e+01
1.079030000000000022e+01
1.065050000000000097e+01
1.054969999999999786e+01
1.049690000000000012e+01
1.027989999999999959e+01
1.003819999999999979e+01
9.990299999999999514e+00
9.903600000000000847e+00
9.767299999999998761e+00
9.625899999999999679e+00
9.557100000000000151e+00
9.433299999999999130e+00
9.389499999999999957e+00
9.323700000000000543e+00
9.164600000000000080e+00
9.052999999999999048e+00
9.012100000000001998e+00
8.804899999999999949e+00
8.854300000000000281e+00
8.782999999999999474e+00
8.724500000000000810e+00
8.557099999999998374e+00
8.585800000000000765e+00
8.443100000000001160e+00
8.314899999999999736e+00
8.342999999999999972e+00
8.236399999999999721e+00
8.179600000000000648e+00
8.124000000000000554e+00
8.074999999999999289e+00
8.019800000000000040e+00
8.036400000000000432e+00
7.945800000000000196e+00
7.864499999999999602e+00
7.771399999999999864e+00
7.773900000000000254e+00
7.655299999999998661e+00
7.635700000000000820e+00
7.605999999999998984e+00
7.611899999999999444e+00
7.542200000000000237e+00
7.469300000000001383e+00
7.401499999999998636e+00
7.386400000000000077e+00
7.374500000000000277e+00
7.319799999999999862e+00
7.297899999999999388e+00
7.236599999999999255e+00
7.245400000000000063e+00
7.224899999999998990e+00
7.112800000000000011e+00
7.098900000000001320e+00
