1.000000000000000000e+00
1.076900000000000190e+00
1.168099999999999916e+00
1.273500000000000076e+00
1.366500000000000270e+00
1.501500000000000279e+00
1.648199999999999887e+00
1.785200000000000120e+00
1.935900000000000398e+00
2.202700000000000102e+00
2.469599999999999795e+00
2.795899999999999608e+00
3.265900000000000247e+00
3.737299999999999400e+00
4.591299999999999493e+00
5.792900000000002159e+00
7.281099999999998573e+00
9.723700000000000898e+00
1.328999999999999915e+01
1.780129999999999768e+01
2.483210000000000051e+01
3.135269999999999513e+01
4.188789999999998770e+01
5.380159999999998632e+01
6.377390000000000470e+01
7.704080000000000439e+01
8.952660000000000196e+01
9.884530000000000882e+01
1.116984999999999815e+02
1.209605999999999995e+02
1.286383000000000152e+02
1.372190999999999974e+02
1.435212999999999965e+02
1.487692999999999586e+02
1.544510999999999967e+02
1.582224999999999682e+02
1.630983999999999980e+02
1.673359999999999843e+02
1.707285000000000252e+02
1.730965999999999951e+02
1.766371000000000038e+02
1.783354999999999961e+02
1.803186000000000320e+02
1.819139999999999873e+02
1.843829999999999814e+02
1.852332000000000392e+02
1.875879000000000190e+02
1.880012999999999295e+02
1.887186999999999841e+02
1.894821000000000026e+02
1.910980999999999881e+02
1.915923999999999410e+02
1.919018000000000086e+02
1.932789999999999395e+02
1.938251000000000204e+02
1.944018000000000086e+02
1.944050000000000011e+02
1.953609000000000151e+02
1.951782999999999788e+02
1.959562999999999704e+02
1.967616999999999905e+02
1.971918000000000291e+02
1.968130000000000734e+02
1.973788000000000409e+02
1.974895000000000209e+02
1.975888999999999953e+02
1.977410999999999603e+02
1.983017000000000110e+02
1.983414999999999679e+02
1.983861000000000558e+02
1.985782999999999845e+02
1.982624999999999886e+02
1.984388000000000432e+02
1.990295000000000130e+02
1.991060999999999979e+02
1.992704999999999984e+02
1.992849999999999682e+02
1.992360000000000184e+02
1.993121000000000151e+02
1.994286999999999921e+02
1.994187999999999761e+02
1.993934000000000140e+02
1.995616000000000270e+02
1.996677999999999145e+02
1.996823999999999728e+02
1.995378000000000327e+02
1.996134000000000128e+02
1.997198999999999671e+02
1.996139000000000294e+02
1.996315000000000168e+02
1.996708999999999605e+02
1.998588000000000022e+02
1.998186999999999784e+02
1.998217999999999677e+02
1.998062000000000182e+02
1.997730000000000246e+02
1.998729000000000440e+02
1.998249999999999886e+02
1.999240000000000066e+02
1.998368000000000109e+02
