1.000000000000000000e+00
1.075600000000000112e+00
1.178899999999999837e+00
1.263899999999999801e+00
1.369900000000000118e+00
1.495999999999999996e+00
1.632000000000000117e+00
1.781100000000000128e+00
1.974500000000000366e+00
2.218899999999999650e+00
2.450500000000000345e+00
2.770099999999999785e+00
3.340799999999999770e+00
3.851900000000000102e+00
4.670600000000000307e+00
5.961199999999999832e+00
7.428999999999998494e+00
1.102870000000000417e+01
1.406139999999999901e+01
1.997429999999999950e+01
2.807370000000000232e+01
3.780199999999999960e+01
4.840469999999999118e+01
5.982389999999998764e+01
7.385170000000000812e+01
8.532179999999998188e+01
9.681309999999997729e+01
1.093311999999999671e+02
1.190805999999999898e+02
1.299066000000000258e+02
1.340841000000000065e+02
1.410178999999999974e+02
1.493268999999999949e+02
1.537327999999999975e+02
1.574525999999999897e+02
1.612514999999999930e+02
1.659783999999999935e+02
1.699652999999999849e+02
1.725310999999999808e+02
1.752844000000000335e+02
1.765464000000000340e+02
1.794872000000000014e+02
1.809009999999999820e+02
1.828085000000000093e+02
1.849329000000000178e+02
1.858720000000000425e+02
1.876281999999999925e+02
1.886938000000000102e+02
1.901972000000000094e+02
1.907369999999999948e+02
1.914956000000000245e+02
1.922569000000000301e+02
1.928309999999999889e+02
1.934907999999999788e+02
1.943805999999999869e+02
1.944009999999999820e+02
1.948229000000000042e+02
1.952790999999999997e+02
1.957028000000000247e+02
1.959510999999999683e+02
1.967911000000000286e+02
1.970337999999999852e+02
1.968309000000000424e+02
1.973703000000000145e+02
1.975764999999999532e+02
1.978015000000000612e+02
1.977096999999999696e+02
1.980039999999999907e+02
1.982867999999999995e+02
1.983569999999999993e+02
1.986386000000000536e+02
1.985460999999999956e+02
1.986048000000000400e+02
1.987386000000000195e+02
1.989441000000000486e+02
1.990116999999999905e+02
1.990730000000000359e+02
1.992617000000000473e+02
1.990301999999999794e+02
1.994709000000000003e+02
1.994029999999999632e+02
1.995237999999999658e+02
1.994179000000000315e+02
1.992867999999999995e+02
1.996703999999999724e+02
1.995853000000000179e+02
1.997086000000000183e+02
1.996630000000000393e+02
1.997149000000000285e+02
1.996460000000000150e+02
1.998085000000000093e+02
1.997176000000000329e+02
1.997233999999999696e+02
1.998128000000000384e+02
1.999097000000000151e+02
1.998783999999999708e+02
1.998559000000000481e+02
1.998398999999999717e+02
1.998020000000000493e+02
1.998287999999999727e+02
