1.000000000000000000e+00
1.076799999999999979e+00
1.176900000000000057e+00
1.256799999999999917e+00
1.381000000000000227e+00
1.497500000000000053e+00
1.673600000000000199e+00
1.778499999999999970e+00
1.989399999999999613e+00
2.180400000000000116e+00
2.518800000000000594e+00
2.820100000000000495e+00
3.227099999999999191e+00
3.715300000000000491e+00
4.659299999999999109e+00
5.783600000000001629e+00
7.276399999999999757e+00
9.301099999999998147e+00
1.314170000000000016e+01
1.695899999999999963e+01
2.366659999999999897e+01
3.235180000000000433e+01
3.987290000000000134e+01
5.123949999999999960e+01
6.095609999999999928e+01
7.553379999999999939e+01
8.599049999999999727e+01
9.902150000000001739e+01
1.066631000000000142e+02
1.190339000000000169e+02
1.261145000000000067e+02
1.333554000000000030e+02
1.404253999999999678e+02
1.465874999999999773e+02
1.510501000000000147e+02
1.575745000000000005e+02
1.604252999999999929e+02
1.643266999999999882e+02
1.672060999999999638e+02
1.702624999999999886e+02
1.734323999999999444e+02
1.770274000000000569e+02
1.784812999999999761e+02
1.810121999999999787e+02
1.832411000000000172e+02
1.840162000000000262e+02
1.858464999999999918e+02
1.869775000000000489e+02
1.875886000000000422e+02
1.895825000000000387e+02
1.898365999999999758e+02
1.904343999999999255e+02
1.918810000000000571e+02
1.913528999999999769e+02
1.931844000000000108e+02
1.946511999999999887e+02
1.947610000000000241e+02
1.952969999999999686e+02
1.955385000000000275e+02
1.964104000000000099e+02
1.959538000000000011e+02
1.965388000000000090e+02
1.970880000000000223e+02
1.974895000000000209e+02
1.975264999999999702e+02
1.977757999999999754e+02
1.980039999999999907e+02
1.980368999999999460e+02
1.982983999999999583e+02
1.979344000000000108e+02
1.984822000000000344e+02
1.986678999999999746e+02
1.985349999999999966e+02
1.982879999999999541e+02
1.987908000000000186e+02
1.987062000000000239e+02
1.992556000000000438e+02
1.992539000000000442e+02
1.989545999999999424e+02
1.991602999999999781e+02
1.996747000000000014e+02
1.994574999999999534e+02
1.994279000000000224e+02
1.994672999999999945e+02
1.996150000000000091e+02
1.995117999999999938e+02
1.996608000000000231e+02
1.997368999999999630e+02
1.997315000000000111e+02
1.997967000000000155e+02
1.997502000000000351e+02
1.995501999999999612e+02
1.998064999999999714e+02
1.998503000000000327e+02
1.998510999999999740e+02
1.998191000000000486e+02
1.999313999999999965e+02
1.997518000000000029e+02
1.999311000000000149e+02
1.999478000000000293e+02
