1.000000000000000000e+00
1.081300000000000150e+00
1.170099999999999696e+00
1.272799999999999931e+00
1.380300000000000304e+00
1.518499999999999961e+00
1.638499999999999845e+00
1.790200000000000014e+00
1.988600000000000145e+00
2.196100000000000385e+00
2.512100000000000222e+00
2.780799999999999716e+00
3.297800000000000953e+00
3.847300000000000164e+00
4.541400000000000325e+00
5.853799999999999670e+00
7.493200000000000749e+00
9.743599999999997152e+00
1.351870000000000260e+01
1.866319999999999979e+01
2.407130000000000436e+01
3.419369999999999976e+01
4.338719999999999999e+01
5.622439999999999571e+01
6.814079999999999870e+01
7.815259999999997831e+01
9.003249999999999886e+01
1.033924999999999983e+02
1.141562000000000410e+02
1.250919000000000096e+02
1.328175999999999704e+02
1.382373000000000047e+02
1.447758000000000038e+02
1.507311000000000263e+02
1.552098999999999762e+02
1.617215999999999667e+02
1.651522999999999968e+02
1.682315999999999576e+02
1.715440999999999860e+02
1.738103000000000122e+02
1.760957999999999686e+02
1.785512999999999977e+02
1.817666000000000111e+02
1.824768000000000256e+02
1.845882000000000289e+02
1.861334999999999980e+02
1.874052999999999827e+02
1.880908000000000584e+02
1.889999000000000251e+02
1.904490000000000123e+02
1.909101000000000283e+02
1.913085000000000093e+02
1.929618999999999858e+02
1.937884999999999991e+02
1.937072000000000003e+02
1.946537999999999613e+02
1.947114000000000260e+02
1.954226999999999634e+02
1.956094999999999686e+02
1.959832999999999856e+02
1.965896999999999650e+02
1.964361000000000104e+02
1.970913999999999930e+02
1.975609999999999786e+02
1.978669999999999618e+02
1.978021999999999707e+02
1.981506000000000540e+02
1.981449000000000069e+02
1.979595999999999947e+02
1.984629000000000190e+02
1.981895000000000380e+02
1.984535000000000196e+02
1.987516999999999712e+02
1.989043000000000063e+02
1.987672000000000025e+02
1.991644000000000574e+02
1.992424999999999500e+02
1.991296999999999855e+02
1.993531999999999869e+02
1.993641000000000076e+02
1.992601999999999975e+02
1.994426000000000272e+02
1.993889999999999532e+02
1.996843000000000359e+02
1.994947999999999979e+02
1.997937000000000296e+02
1.994945000000000164e+02
1.996584999999999752e+02
1.997154000000000167e+02
1.997013000000000034e+02
1.996798999999999751e+02
1.997768000000000370e+02
1.997570999999999799e+02
1.997647000000000048e+02
1.998217000000000212e+02
1.998321000000000254e+02
1.999098000000000184e+02
1.998952000000000169e+02
1.996743000000000166e+02
1.999611000000000161e+02
