1.000000000000000000e+00
1.076900000000000190e+00
1.167699999999999960e+00
1.271200000000000108e+00
1.361400000000000388e+00
1.486200000000000410e+00
1.620799999999999796e+00
1.741899999999999782e+00
1.873200000000000198e+00
2.084099999999999842e+00
2.265400000000000080e+00
2.504099999999999770e+00
2.792299999999999560e+00
3.051699999999999413e+00
3.453799999999999759e+00
3.911200000000000010e+00
4.455000000000000071e+00
5.128099999999999881e+00
5.958099999999998175e+00
6.869100000000000428e+00
8.096400000000000929e+00
8.930799999999999628e+00
1.017999999999999972e+01
1.117869999999999919e+01
1.198829999999999885e+01
1.279269999999999996e+01
1.320859999999999879e+01
1.360499999999999510e+01
1.381290000000000262e+01
1.385420000000000051e+01
1.384419999999999895e+01
1.375220000000000020e+01
1.352369999999999806e+01
1.352140000000000164e+01
1.332910000000000039e+01
1.304230000000000267e+01
1.270229999999999748e+01
1.251829999999999643e+01
1.235289999999999999e+01
1.211209999999999987e+01
1.192399999999999949e+01
1.184429999999999872e+01
1.163220000000000276e+01
1.152290000000000170e+01
1.117680000000000007e+01
1.109479999999999755e+01
1.093009999999999948e+01
1.069069999999999965e+01
1.064819999999999922e+01
1.039219999999999722e+01
1.031739999999999924e+01
1.011009999999999920e+01
1.005480000000000196e+01
9.954800000000000537e+00
9.841099999999999071e+00
9.673199999999997800e+00
9.489699999999999136e+00
9.360800000000001120e+00
9.363100000000001089e+00
9.198400000000001242e+00
9.178000000000000824e+00
9.011999999999998678e+00
9.032299999999999329e+00
8.900800000000000267e+00
8.800200000000000244e+00
8.732699999999999463e+00
8.613500000000001933e+00
8.591600000000001458e+00
8.477399999999999380e+00
8.363300000000000622e+00
8.320500000000000895e+00
8.272600000000000620e+00
8.220299999999998164e+00
8.160599999999998744e+00
8.092200000000000060e+00
8.052599999999999980e+00
7.914599999999999191e+00
7.905199999999999783e+00
7.834700000000001552e+00
7.769899999999999807e+00
7.768500000000000405e+00
7.668499999999999872e+00
7.675800000000000622e+00
7.618299999999999628e+00
7.533100000000001017e+00
7.484600000000000364e+00
7.434600000000001430e+00
7.366299999999999848e+00
7.327899999999998748e+00
7.376799999999999358e+00
7.299499999999999211e+00
7.209499999999998465e+00
7.183999999999998387e+00
7.136400000000000077e+00
7.134900000000000908e+00
7.083199999999999719e+00
7.047000000000000597e+00
7.035800000000000054e+00
6.986000000000000654e+00
6.932800000000001184e+00
