1.000000000000000000e+00
1.082899999999999974e+00
1.175699999999999967e+00
1.268799999999999928e+00
1.355699999999999683e+00
1.484299999999999731e+00
1.625700000000000145e+00
1.734300000000000175e+00
1.895999999999999908e+00
2.076399999999999579e+00
2.279600000000000293e+00
2.489599999999999813e+00
2.810500000000000220e+00
3.078099999999999614e+00
3.489999999999999325e+00
3.927500000000000213e+00
4.405000000000000249e+00
4.966300000000000381e+00
5.687200000000000699e+00
6.912399999999999878e+00
7.612900000000000666e+00
8.723300000000000054e+00
9.871999999999999886e+00
1.084349999999999881e+01
1.148580000000000112e+01
1.218180000000000085e+01
1.260799999999999876e+01
1.335579999999999856e+01
1.346419999999999995e+01
1.386469999999999736e+01
1.378550000000000253e+01
1.372259999999999991e+01
1.371329999999999849e+01
1.350769999999999804e+01
1.327760000000000495e+01
1.321799999999999997e+01
1.310669999999999824e+01
1.285610000000000142e+01
1.277210000000000001e+01
1.246110000000000184e+01
1.235050000000000203e+01
1.221470000000000056e+01
1.208230000000000004e+01
1.186880000000000379e+01
1.177230000000000310e+01
1.152580000000000204e+01
1.142050000000000232e+01
1.128730000000000011e+01
1.105020000000000024e+01
1.094330000000000069e+01
1.079270000000000174e+01
1.068640000000000079e+01
1.058880000000000088e+01
1.031029999999999980e+01
1.023010000000000019e+01
1.008730000000000082e+01
1.006380000000000052e+01
9.865999999999999659e+00
9.841800000000000992e+00
9.716899999999998983e+00
9.662599999999999412e+00
9.508199999999998653e+00
9.437800000000001077e+00
9.413999999999999702e+00
9.273800000000001376e+00
9.238999999999998991e+00
9.054300000000001347e+00
8.927199999999999136e+00
8.941099999999998715e+00
8.909299999999999997e+00
8.811700000000000088e+00
8.725699999999999790e+00
8.607200000000000628e+00
8.625899999999997902e+00
8.492699999999999250e+00
8.479099999999998971e+00
8.375899999999999679e+00
8.313100000000000378e+00
8.310900000000000176e+00
8.160399999999999210e+00
8.105299999999997951e+00
8.119499999999998607e+00
8.017399999999998528e+00
7.966700000000000337e+00
7.946499999999999453e+00
7.915200000000001346e+00
7.894000000000001016e+00
7.896200000000000330e+00
7.775199999999999001e+00
7.763300000000000090e+00
7.670499999999999652e+00
7.612899999999999778e+00
7.578300000000000480e+00
7.563900000000001178e+00
7.477499999999999147e+00
7.479600000000000470e+00
7.366399999999999615e+00
7.406499999999999417e+00
7.367699999999998361e+00
7.293899999999999828e+00
