1.000000000000000000e+00
1.079800000000000093e+00
1.170600000000000085e+00
1.271799999999999820e+00
1.377599999999999936e+00
1.508900000000000130e+00
1.629599999999999493e+00
1.808299999999999796e+00
1.957400000000000029e+00
2.180499999999999883e+00
2.416499999999999648e+00
2.837499999999999911e+00
3.250099999999999323e+00
3.864399999999999835e+00
4.758399999999999963e+00
5.761899999999999800e+00
7.588300000000001155e+00
9.919000000000000483e+00
1.418540000000000134e+01
1.861199999999999832e+01
2.709729999999999706e+01
3.551250000000000284e+01
4.601109999999999900e+01
5.774949999999999761e+01
7.028449999999999420e+01
8.471330000000000382e+01
9.653380000000001360e+01
1.045581999999999994e+02
1.164894000000000034e+02
1.257486999999999711e+02
1.343545000000000016e+02
1.415748999999999853e+02
1.450678999999999803e+02
1.521124000000000080e+02
1.573848000000000411e+02
1.612019000000000233e+02
1.655161999999999978e+02
1.695930999999999642e+02
1.721439999999999486e+02
1.742618999999999971e+02
1.774688000000000159e+02
1.799462000000000330e+02
1.820347000000000435e+02
1.837261000000000024e+02
1.842407999999999788e+02
1.867557999999999936e+02
1.873905000000000030e+02
1.881230999999999653e+02
1.892973999999999819e+02
1.901545999999999594e+02
1.918352999999999895e+02
1.920272000000000219e+02
1.924135999999999740e+02
1.930238000000000227e+02
1.940742999999999938e+02
1.943738000000000170e+02
1.950472999999999502e+02
1.955305000000000177e+02
1.956640999999999622e+02
1.962448999999999728e+02
1.963984000000000094e+02
1.970518000000000143e+02
1.965485999999999933e+02
1.975258000000000038e+02
1.978401999999999816e+02
1.975927000000000078e+02
1.978477000000000885e+02
1.981522000000000219e+02
1.981572000000000173e+02
1.984072999999999922e+02
1.984731000000000449e+02
1.986749999999999545e+02
1.989565999999999519e+02
1.989207999999999856e+02
1.989224999999999568e+02
1.990841999999999814e+02
1.990090999999999894e+02
1.990552999999999884e+02
1.993196000000000367e+02
1.994130999999999858e+02
1.993521000000000356e+02
1.994043000000000063e+02
1.995803999999999689e+02
1.996313999999999851e+02
1.995001999999999782e+02
1.996155999999999722e+02
1.996071000000000311e+02
1.997423000000000002e+02
1.997403999999999655e+02
1.996293000000000006e+02
1.997124000000000024e+02
1.998123000000000218e+02
1.998513999999999839e+02
1.998103000000000691e+02
1.997844000000000335e+02
1.998067000000000064e+02
1.997656000000000063e+02
1.999336000000000126e+02
1.998676000000000101e+02
1.997790999999999713e+02
