1.000000000000000000e+00
1.085400000000000142e+00
1.167700000000000182e+00
1.278699999999999948e+00
1.363900000000000112e+00
1.487299999999999622e+00
1.601899999999999880e+00
1.732700000000000573e+00
1.921399999999999775e+00
2.085899999999999643e+00
2.289400000000000102e+00
2.454700000000000770e+00
2.819900000000000073e+00
3.105099999999999749e+00
3.511800000000000033e+00
3.967099999999999849e+00
4.604499999999999815e+00
5.254400000000000404e+00
6.199699999999999989e+00
7.182400000000000340e+00
8.281399999999999650e+00
9.549299999999998789e+00
1.060809999999999675e+01
1.140289999999999893e+01
1.237239999999999718e+01
1.298780000000000001e+01
1.325829999999999842e+01
1.340540000000000198e+01
1.342140000000000377e+01
1.338809999999999967e+01
1.323179999999999801e+01
1.307599999999999874e+01
1.286429999999999829e+01
1.271469999999999878e+01
1.256269999999999953e+01
1.226600000000000179e+01
1.197039999999999971e+01
1.184490000000000265e+01
1.171220000000000283e+01
1.143379999999999797e+01
1.125290000000000035e+01
1.108110000000000106e+01
1.093160000000000132e+01
1.082000000000000206e+01
1.057939999999999792e+01
1.040389999999999837e+01
1.027229999999999954e+01
1.002210000000000001e+01
9.989700000000000912e+00
9.838900000000000645e+00
9.620499999999999829e+00
9.621199999999999974e+00
9.396800000000002484e+00
9.281900000000000261e+00
9.170399999999998997e+00
9.163299999999999557e+00
8.998499999999999943e+00
8.885899999999999466e+00
8.779400000000002535e+00
8.652300000000000324e+00
8.594400000000000261e+00
8.507900000000001128e+00
8.443500000000000227e+00
8.363300000000000622e+00
8.258100000000000662e+00
8.209699999999997999e+00
8.084100000000001174e+00
8.003299999999999415e+00
7.959399999999999586e+00
7.940900000000000070e+00
7.863300000000001511e+00
7.769200000000000550e+00
7.735499999999999154e+00
7.644500000000000739e+00
7.637499999999999289e+00
7.514299999999999535e+00
7.533300000000000551e+00
7.486100000000001309e+00
7.431499999999999773e+00
7.338599999999997792e+00
7.281899999999999373e+00
7.235499999999999154e+00
7.192300000000000360e+00
7.141499999999999737e+00
7.079400000000000581e+00
7.074700000000001765e+00
7.065800000000001191e+00
6.986499999999999488e+00
7.010200000000001985e+00
6.913799999999998391e+00
6.861399999999999721e+00
6.824200000000001154e+00
6.844200000000000728e+00
6.835700000000000109e+00
6.765799999999999592e+00
6.747000000000000774e+00
6.689399999999998236e+00
6.640299999999999869e+00
6.654099999999999682e+00
6.571399999999999686e+00
