1.000000000000000000e+00
1.087099999999999955e+00
1.176700000000000079e+00
1.261699999999999822e+00
1.374300000000000077e+00
1.479499999999999815e+00
1.624400000000000066e+00
1.756299999999999972e+00
1.901899999999999924e+00
2.073399999999999910e+00
2.285299999999999887e+00
2.452199999999999935e+00
2.722100000000000186e+00
3.137000000000000455e+00
3.481700000000000017e+00
3.873899999999999899e+00
4.395300000000000651e+00
4.959600000000000009e+00
5.610100000000000087e+00
6.633999999999999453e+00
7.338199999999999612e+00
8.052100000000001145e+00
9.091200000000000614e+00
9.860199999999998965e+00
1.057889999999999908e+01
1.116769999999999996e+01
1.149630000000000152e+01
1.170639999999999858e+01
1.207799999999999940e+01
1.205459999999999887e+01
1.232819999999999894e+01
1.228829999999999956e+01
1.234960000000000058e+01
1.222560000000000002e+01
1.210720000000000063e+01
1.204759999999999920e+01
1.221990000000000087e+01
1.195260000000000034e+01
1.166520000000000223e+01
1.171170000000000044e+01
1.162989999999999924e+01
1.144140000000000157e+01
1.116840000000000188e+01
1.130299999999999727e+01
1.111370000000000147e+01
1.110360000000000191e+01
1.104429999999999801e+01
1.085239999999999938e+01
1.054539999999999900e+01
1.077160000000000117e+01
1.053819999999999979e+01
1.048480000000000167e+01
1.035919999999999774e+01
1.044499999999999851e+01
1.011470000000000091e+01
1.018679999999999986e+01
9.928399999999999892e+00
9.850000000000001421e+00
9.871800000000002129e+00
9.816899999999998627e+00
9.664399999999998769e+00
9.651199999999999335e+00
9.379999999999999005e+00
9.566599999999999326e+00
9.437599999999999767e+00
9.323600000000000776e+00
9.262499999999999289e+00
9.211899999999999977e+00
9.172599999999999199e+00
9.165399999999998215e+00
9.105300000000001504e+00
8.929799999999998406e+00
8.904700000000000060e+00
8.950499999999999901e+00
8.890200000000000102e+00
8.803699999999999193e+00
8.689600000000000435e+00
8.675699999999999079e+00
8.759699999999998710e+00
8.612399999999999167e+00
8.469900000000000873e+00
8.615800000000001901e+00
8.644199999999999662e+00
8.307800000000000296e+00
8.099099999999999966e+00
8.326099999999998502e+00
8.213000000000000966e+00
8.072799999999997311e+00
8.205299999999999372e+00
8.201900000000000190e+00
8.131600000000000605e+00
8.241900000000001114e+00
8.151699999999999946e+00
8.110600000000001586e+00
8.087599999999998346e+00
7.933099999999999596e+00
7.936499999999999666e+00
7.896200000000000330e+00
7.644099999999999895e+00
7.832100000000001394e+00
