1.000000000000000000e+00
1.086699999999999999e+00
1.172699999999999854e+00
1.261299999999999866e+00
1.367499999999999938e+00
1.487299999999999844e+00
1.645299999999999985e+00
1.812899999999999956e+00
1.951799999999999757e+00
2.213499999999999801e+00
2.510899999999999910e+00
2.765199999999999658e+00
3.211300000000000487e+00
3.822099999999999831e+00
4.746999999999998998e+00
5.930900000000000283e+00
7.524000000000000021e+00
1.008390000000000164e+01
1.374800000000000111e+01
1.916860000000000142e+01
2.485590000000000543e+01
3.470250000000000767e+01
4.564149999999999352e+01
5.862879999999999825e+01
6.929999999999999716e+01
8.268430000000000746e+01
9.304210000000000491e+01
1.055756000000000085e+02
1.175001000000000033e+02
1.243850999999999800e+02
1.321711999999999989e+02
1.420893999999999551e+02
1.488924000000000092e+02
1.543046000000000220e+02
1.582726000000000113e+02
1.604769999999999754e+02
1.657629000000000019e+02
1.687425000000000068e+02
1.722769000000000119e+02
1.755755000000000337e+02
1.766566999999999723e+02
1.792481000000000222e+02
1.805180000000000007e+02
1.840294000000000096e+02
1.846850999999999772e+02
1.853418999999999812e+02
1.871361000000000558e+02
1.883914999999999793e+02
1.894936999999999898e+02
1.905448000000000377e+02
1.907445000000000164e+02
1.925207000000000335e+02
1.931222999999999956e+02
1.936787000000000205e+02
1.942438999999999965e+02
1.942209999999999468e+02
1.947085000000000150e+02
1.953148000000000195e+02
1.958191999999999950e+02
1.963718999999999824e+02
1.965064000000000703e+02
1.966897000000000162e+02
1.970307999999999709e+02
1.974580999999999733e+02
1.975321000000000140e+02
1.973043999999999869e+02
1.981069999999999993e+02
1.981220999999999890e+02
1.982658000000000129e+02
1.981297000000000139e+02
1.984661999999999864e+02
1.988186000000000035e+02
1.986029999999999802e+02
1.989307999999999765e+02
1.990810999999999922e+02
1.990879999999999939e+02
1.989255999999999744e+02
1.991345000000000027e+02
1.992263999999999839e+02
1.994863000000000000e+02
1.993183999999999969e+02
1.991842999999999790e+02
1.993728000000000122e+02
1.996443000000000438e+02
1.995842000000000098e+02
1.996111000000000502e+02
1.997627999999999986e+02
1.996202999999999861e+02
1.996623999999999910e+02
1.997214000000000169e+02
1.997438000000000500e+02
1.998199999999999932e+02
1.998200000000000784e+02
1.998247000000000071e+02
1.997224000000000217e+02
1.998498000000000445e+02
1.998722000000000492e+02
1.998729999999999905e+02
1.998045000000000186e+02
1.998919999999999959e+02
