1.000000000000000000e+00
1.082999999999999963e+00
1.176200000000000134e+00
1.271299999999999875e+00
1.362699999999999578e+00
1.498699999999999699e+00
1.650900000000000034e+00
1.775499999999999856e+00
1.967400000000000038e+00
2.191899999999999959e+00
2.464399999999999924e+00
2.781499999999999861e+00
3.302899999999999725e+00
3.818899999999999739e+00
4.655499999999999972e+00
5.683000000000000718e+00
7.104800000000000004e+00
9.116599999999998261e+00
1.189320000000000022e+01
1.789590000000000103e+01
2.201630000000000109e+01
2.953559999999999874e+01
3.900150000000000006e+01
4.817539999999998912e+01
5.652070000000000505e+01
6.786419999999999675e+01
7.643800000000000239e+01
9.212039999999998940e+01
1.012223999999999791e+02
1.119095000000000226e+02
1.194387999999999863e+02
1.273514999999999731e+02
1.354461999999999762e+02
1.372709000000000117e+02
1.454371999999999900e+02
1.497365000000000066e+02
1.567862999999999829e+02
1.627309999999999945e+02
1.647793000000000063e+02
1.667005000000000052e+02
1.709781999999999869e+02
1.738606000000000620e+02
1.753220000000000027e+02
1.785197999999999467e+02
1.797177999999999827e+02
1.814972999999999672e+02
1.854686000000000377e+02
1.841136000000000479e+02
1.862198999999999671e+02
1.871722000000000037e+02
1.892379999999999427e+02
1.885435999999999694e+02
1.899739000000000431e+02
1.910403999999999769e+02
1.919643999999999835e+02
1.908211000000000013e+02
1.916620000000000061e+02
1.936399000000000399e+02
1.942184999999999775e+02
1.954306000000000267e+02
1.953519000000000290e+02
1.957669999999999959e+02
1.964813999999999510e+02
1.958613000000000000e+02
1.956178000000000168e+02
1.962816000000000258e+02
1.973929000000000542e+02
1.978774000000000228e+02
1.974808999999999628e+02
1.980361000000000047e+02
1.965163000000000011e+02
1.980511000000000195e+02
1.981447000000000003e+02
1.987210000000000321e+02
1.985492000000000132e+02
1.983336000000000183e+02
1.987560999999999751e+02
1.989295000000000186e+02
1.991421999999999741e+02
1.992026000000000181e+02
1.993709999999999525e+02
1.990816000000000088e+02
1.992588999999999544e+02
1.993708000000000595e+02
1.996139000000000294e+02
1.992040000000000077e+02
1.994646000000000186e+02
1.997351000000000454e+02
1.993415999999999997e+02
1.994391999999999712e+02
1.995410999999999717e+02
1.998422000000000196e+02
1.987481000000000222e+02
1.997283999999999651e+02
1.998291999999999859e+02
1.996765999999999508e+02
1.997992000000000132e+02
1.998380000000000223e+02
1.997922999999999831e+02
1.998502000000000010e+02
