1.000000000000000000e+00
1.085599999999999898e+00
1.168600000000000083e+00
1.282399999999999762e+00
1.369700000000000362e+00
1.502900000000000125e+00
1.623500000000000165e+00
1.775899999999999812e+00
1.990399999999999947e+00
2.196499999999999897e+00
2.477599999999999802e+00
2.722999999999999421e+00
3.296399999999999331e+00
3.883499999999999730e+00
4.703700000000000436e+00
5.961400000000001143e+00
7.797100000000001252e+00
1.020089999999999897e+01
1.440810000000000102e+01
1.977079999999999771e+01
2.677479999999999905e+01
3.727490000000000236e+01
4.726319999999999055e+01
5.817599999999999483e+01
7.244670000000000698e+01
8.603820000000001755e+01
9.733989999999995746e+01
1.091764000000000010e+02
1.186756999999999920e+02
1.269063000000000159e+02
1.353802999999999770e+02
1.423846000000000060e+02
1.490602000000000089e+02
1.538173999999999921e+02
1.578584999999999923e+02
1.638526999999999987e+02
1.646511000000000422e+02
1.689540000000000077e+02
1.732401000000000124e+02
1.736917000000000257e+02
1.767751000000000090e+02
1.798443000000000040e+02
1.818984000000000663e+02
1.831631999999999891e+02
1.842714999999999748e+02
1.852756999999999721e+02
1.872312000000000296e+02
1.882533999999999992e+02
1.891139999999999759e+02
1.907404999999999973e+02
1.912224999999999966e+02
1.919361000000000104e+02
1.927172999999999945e+02
1.928716999999999757e+02
1.937278000000000020e+02
1.941486000000000445e+02
1.951976999999999975e+02
1.951463999999999999e+02
1.956047999999999547e+02
1.953841000000000463e+02
1.967284999999999968e+02
1.967971999999999753e+02
1.972650999999999897e+02
1.973849999999999909e+02
1.973645000000000493e+02
1.977264999999999873e+02
1.975642000000000280e+02
1.980548000000000002e+02
1.980967999999999734e+02
1.983911000000000513e+02
1.985564999999999714e+02
1.985716000000000463e+02
1.988461000000000070e+02
1.988406999999999982e+02
1.991391999999999882e+02
1.990573999999999728e+02
1.992261000000000024e+02
1.991932999999999936e+02
1.993180999999999301e+02
1.994555999999999756e+02
1.991426999999999907e+02
1.994576000000000136e+02
1.994428000000000338e+02
1.994294999999999334e+02
1.994288999999999987e+02
1.995968000000000302e+02
1.995876000000000090e+02
1.997902999999999452e+02
1.996438000000000557e+02
1.997798000000000229e+02
1.997116000000000042e+02
1.997977999999999952e+02
1.997862000000000364e+02
1.996842000000000610e+02
1.997843000000000018e+02
1.998312000000000239e+02
1.997432000000000585e+02
1.999118999999999744e+02
1.998308000000000106e+02
1.998190000000000168e+02
