1.000000000000000000e+00
1.082600000000000007e+00
1.173899999999999944e+00
1.270600000000000174e+00
1.380499999999999838e+00
1.482700000000000129e+00
1.607400000000000162e+00
1.754600000000000160e+00
1.900200000000000111e+00
2.061700000000000088e+00
2.284799999999999720e+00
2.518800000000000150e+00
2.761799999999999145e+00
3.064300000000000246e+00
3.425100000000000033e+00
3.915899999999999270e+00
4.415799999999999947e+00
5.026399999999999757e+00
5.749099999999998545e+00
6.510200000000000209e+00
7.454900000000000304e+00
8.518599999999999284e+00
9.342199999999998283e+00
1.028270000000000017e+01
1.095429999999999993e+01
1.195180000000000042e+01
1.221159999999999890e+01
1.272210000000000463e+01
1.294810000000000016e+01
1.309190000000000076e+01
1.310459999999999781e+01
1.326840000000000153e+01
1.333259999999999934e+01
1.330690000000000062e+01
1.308339999999999748e+01
1.281939999999999991e+01
1.289699999999999847e+01
1.286910000000000132e+01
1.261789999999999878e+01
1.252160000000000117e+01
1.225999999999999979e+01
1.220619999999999905e+01
1.199130000000000074e+01
1.188210000000000122e+01
1.183060000000000223e+01
1.158700000000000330e+01
1.157679999999999865e+01
1.141170000000000329e+01
1.124080000000000013e+01
1.102529999999999966e+01
1.092719999999999736e+01
1.087900000000000134e+01
1.069720000000000049e+01
1.072560000000000180e+01
1.049770000000000181e+01
1.037650000000000006e+01
1.029369999999999941e+01
1.026389999999999958e+01
1.006139999999999901e+01
9.959899999999999309e+00
9.949199999999999378e+00
9.795099999999997920e+00
9.653299999999999770e+00
9.678499999999999659e+00
9.549599999999999866e+00
9.464599999999999014e+00
9.366099999999999426e+00
9.130100000000000549e+00
9.224300000000001276e+00
9.175000000000000711e+00
9.079600000000001003e+00
8.998300000000000409e+00
9.029399999999998983e+00
8.947699999999999321e+00
8.846899999999999764e+00
8.789999999999999147e+00
8.698900000000001853e+00
8.638300000000000978e+00
8.558699999999999974e+00
8.487500000000000711e+00
8.463699999999999335e+00
8.410700000000000287e+00
8.382300000000000750e+00
8.277999999999998693e+00
8.282700000000000173e+00
8.145400000000000418e+00
8.131599999999998829e+00
8.145900000000001029e+00
8.040600000000001302e+00
7.970100000000001295e+00
8.032600000000000406e+00
7.922000000000000597e+00
7.906399999999999650e+00
7.889900000000000801e+00
7.865099999999999092e+00
7.807900000000000063e+00
7.745900000000001562e+00
7.715000000000000746e+00
7.600700000000000678e+00
7.609699999999999243e+00
