1.000000000000000000e+00
1.088300000000000045e+00
1.178900000000000059e+00
1.265299999999999869e+00
1.377800000000000358e+00
1.491299999999999626e+00
1.623900000000000121e+00
1.778200000000000003e+00
1.905699999999999728e+00
2.069800000000000306e+00
2.272899999999999476e+00
2.504999999999999893e+00
2.820500000000000007e+00
3.061399999999999899e+00
3.404800000000000271e+00
3.880800000000000249e+00
4.337500000000000355e+00
4.952900000000000524e+00
5.713899999999998869e+00
6.414900000000000269e+00
7.132999999999999119e+00
7.984699999999999243e+00
8.550900000000000389e+00
9.223399999999999821e+00
9.811300000000001020e+00
9.937500000000000000e+00
1.026400000000000112e+01
1.038469999999999871e+01
1.039170000000000016e+01
1.042879999999999896e+01
1.045009999999999906e+01
1.015820000000000078e+01
1.005359999999999943e+01
9.861900000000000333e+00
9.809400000000000119e+00
9.592599999999999127e+00
9.464399999999999480e+00
9.244399999999998840e+00
9.149200000000000443e+00
8.963900000000000645e+00
8.896300000000000097e+00
8.769600000000000506e+00
8.592900000000000205e+00
8.385399999999998855e+00
8.278700000000000614e+00
8.175799999999998846e+00
8.090299999999999159e+00
7.914300000000000779e+00
7.852800000000001113e+00
7.671499999999999986e+00
7.608500000000000263e+00
7.513999999999999346e+00
7.422999999999998266e+00
7.347599999999999909e+00
7.258999999999999453e+00
7.142399999999998528e+00
7.051900000000000723e+00
7.008800000000000807e+00
6.882100000000000328e+00
6.792600000000000193e+00
6.773900000000000254e+00
6.668699999999998518e+00
6.599399999999999267e+00
6.562699999999999534e+00
6.503999999999999559e+00
6.429599999999998872e+00
6.371899999999999231e+00
6.305699999999998973e+00
6.272399999999997533e+00
6.204500000000000348e+00
6.180499999999999439e+00
6.135300000000001752e+00
6.060300000000000686e+00
6.047500000000000320e+00
6.004599999999999937e+00
5.936399999999999011e+00
5.895599999999999064e+00
5.860100000000000087e+00
5.799299999999999677e+00
5.760499999999998622e+00
5.720899999999999430e+00
5.678699999999999193e+00
5.636900000000000688e+00
5.591899999999998983e+00
5.567899999999999849e+00
5.536100000000000243e+00
5.498499999999999943e+00
5.447199999999998710e+00
5.401299999999999102e+00
5.389300000000002200e+00
5.345099999999999518e+00
5.341000000000000192e+00
5.308199999999999363e+00
5.280199999999999783e+00
5.247199999999999420e+00
5.251000000000001222e+00
5.184199999999999697e+00
5.200099999999999945e+00
5.155499999999999972e+00
5.142599999999999838e+00
