1.000000000000000000e+00
1.088300000000000045e+00
1.179599999999999982e+00
1.267799999999999816e+00
1.383499999999999952e+00
1.503599999999999826e+00
1.651600000000000179e+00
1.821900000000000075e+00
1.983100000000000307e+00
2.178500000000000103e+00
2.456199999999999939e+00
2.794999999999999485e+00
3.276499999999999968e+00
3.767699999999999161e+00
4.462500000000000355e+00
5.571600000000001884e+00
6.864499999999997826e+00
8.710599999999999454e+00
1.173679999999999524e+01
1.448099999999999987e+01
1.860699999999999932e+01
2.342390000000000683e+01
2.781940000000000168e+01
3.374620000000000175e+01
4.054189999999999827e+01
4.370070000000000476e+01
5.036809999999998411e+01
5.467920000000000158e+01
6.047209999999999752e+01
6.436390000000000100e+01
6.840250000000000341e+01
7.191810000000000969e+01
7.367810000000000059e+01
7.676189999999999714e+01
7.955899999999999750e+01
8.165840000000000032e+01
8.275299999999998590e+01
8.462979999999998881e+01
8.624979999999999336e+01
8.741409999999997638e+01
8.850149999999999295e+01
8.996889999999997656e+01
9.097750000000002046e+01
9.148439999999999372e+01
9.208670000000000755e+01
9.274049999999999727e+01
9.343750000000000000e+01
9.421969999999998890e+01
9.444879999999999143e+01
9.537019999999998277e+01
9.579760000000000275e+01
9.581299999999998818e+01
9.636509999999999820e+01
9.685690000000001021e+01
9.705440000000000111e+01
9.724259999999999593e+01
9.731669999999999732e+01
9.764210000000001344e+01
9.781300000000001660e+01
9.790529999999998267e+01
9.799179999999999779e+01
9.836820000000001585e+01
9.843430000000000746e+01
9.868210000000000548e+01
9.880300000000001148e+01
9.879180000000002337e+01
9.898339999999998895e+01
9.890290000000000248e+01
9.916239999999999100e+01
9.924009999999996978e+01
9.912479999999999336e+01
9.944760000000000844e+01
9.931289999999998486e+01
9.929489999999998417e+01
9.942250000000001364e+01
9.957520000000000948e+01
9.960309999999999775e+01
9.955360000000000298e+01
9.956979999999997233e+01
9.962809999999998922e+01
9.955320000000000391e+01
9.970480000000002008e+01
9.966549999999998022e+01
9.976400000000001000e+01
9.980299999999999727e+01
9.985670000000001778e+01
9.984449999999996805e+01
9.985700000000001353e+01
9.985769999999997992e+01
9.983930000000000859e+01
9.993030000000000257e+01
9.990510000000000446e+01
9.990659999999999741e+01
9.987979999999998881e+01
9.988190000000000168e+01
9.988540000000000418e+01
9.987530000000000996e+01
9.997809999999999775e+01
9.997579999999999245e+01
9.997960000000000491e+01
