1.000000000000000000e+00
1.079599999999999893e+00
1.177400000000000002e+00
1.267099999999999893e+00
1.378400000000000292e+00
1.498299999999999521e+00
1.620700000000000029e+00
1.748700000000000365e+00
1.934699999999999642e+00
2.125000000000000000e+00
2.300599999999999756e+00
2.543699999999999850e+00
2.839100000000000179e+00
3.165799999999999947e+00
3.626900000000000013e+00
4.140699999999999825e+00
4.905300000000000438e+00
5.745099999999999874e+00
6.774299999999999322e+00
7.698400000000001242e+00
8.844100000000000961e+00
9.823100000000001941e+00
1.069099999999999895e+01
1.116609999999999836e+01
1.142190000000000083e+01
1.162160000000000082e+01
1.147500000000000142e+01
1.158199999999999896e+01
1.163629999999999676e+01
1.155760000000000076e+01
1.136989999999999945e+01
1.119439999999999991e+01
1.121829999999999927e+01
1.087870000000000203e+01
1.071610000000000440e+01
1.045669999999999789e+01
1.040310000000000024e+01
1.019309999999999938e+01
1.009900000000000020e+01
9.850500000000000256e+00
9.726200000000000401e+00
9.492800000000000793e+00
9.448700000000000543e+00
9.252299999999999969e+00
9.181300000000000239e+00
9.005599999999999383e+00
8.897899999999998144e+00
8.716499999999999915e+00
8.582300000000000040e+00
8.503999999999999559e+00
8.376399999999998514e+00
8.282000000000000028e+00
8.166500000000000981e+00
8.057999999999999829e+00
7.949500000000000455e+00
7.858100000000002083e+00
7.731300000000000061e+00
7.685900000000000176e+00
7.567099999999999049e+00
7.543200000000000571e+00
7.464700000000000557e+00
7.405800000000000161e+00
7.274200000000000443e+00
7.239899999999998670e+00
7.112100000000000755e+00
7.057900000000000951e+00
7.018100000000000449e+00
6.951500000000001123e+00
6.899099999999998900e+00
6.828399999999999359e+00
6.766499999999999737e+00
6.704899999999998528e+00
6.659200000000001118e+00
6.570000000000000284e+00
6.555200000000000138e+00
6.500300000000001077e+00
6.433500000000000441e+00
6.400700000000001388e+00
6.362400000000000055e+00
6.322800000000000864e+00
6.284699999999999065e+00
6.255499999999999616e+00
6.196600000000000108e+00
6.167600000000000193e+00
6.133300000000001972e+00
6.098700000000000898e+00
6.063000000000001499e+00
6.036099999999999355e+00
5.980999999999998096e+00
5.957099999999999618e+00
5.956199999999999939e+00
5.911299999999999777e+00
5.889899999999998137e+00
5.832099999999999618e+00
5.820500000000000895e+00
5.777100000000001678e+00
5.754900000000000126e+00
5.721699999999999342e+00
5.670800000000001617e+00
5.653399999999999537e+00
