1.000000000000000000e+00
1.079800000000000093e+00
1.178499999999999881e+00
1.269900000000000029e+00
1.385500000000000176e+00
1.510999999999999899e+00
1.647400000000000198e+00
1.792799999999999949e+00
2.013399999999999856e+00
2.253099999999999881e+00
2.502199999999999758e+00
2.870199999999999640e+00
3.402899999999999814e+00
4.054600000000000648e+00
5.184899999999999842e+00
6.749299999999999855e+00
9.580899999999999750e+00
1.368349999999999689e+01
1.971859999999999502e+01
2.703879999999999129e+01
3.764189999999999969e+01
4.913470000000000226e+01
6.342289999999999139e+01
7.526899999999999125e+01
8.557680000000001996e+01
9.681480000000001951e+01
1.058956000000000301e+02
1.165739999999999839e+02
1.233709000000000060e+02
1.324941000000000031e+02
1.395552999999999884e+02
1.453276999999999930e+02
1.513865999999999872e+02
1.538833000000000197e+02
1.603600000000000136e+02
1.622949999999999875e+02
1.668822999999999865e+02
1.701480999999999995e+02
1.732776000000000067e+02
1.744204000000000008e+02
1.780634000000000299e+02
1.797242000000000530e+02
1.816962999999999795e+02
1.834786000000000001e+02
1.844095999999999549e+02
1.864078999999999837e+02
1.878517000000000223e+02
1.880063999999999851e+02
1.895986999999999796e+02
1.908363000000000227e+02
1.916462000000000216e+02
1.920854000000000212e+02
1.916405000000000314e+02
1.930693000000000268e+02
1.943477000000000032e+02
1.945038000000000125e+02
1.954217000000000155e+02
1.947977999999999952e+02
1.954216999999999587e+02
1.964410000000000593e+02
1.964588999999999999e+02
1.969296999999999684e+02
1.971285000000000309e+02
1.974124000000000194e+02
1.972457999999999743e+02
1.977001999999999668e+02
1.980658000000000243e+02
1.981995000000000005e+02
1.982466000000000292e+02
1.984920000000000186e+02
1.985665999999999940e+02
1.983662000000000489e+02
1.984826000000000192e+02
1.989419000000000324e+02
1.988939000000000021e+02
1.988410000000000082e+02
1.991782000000000323e+02
1.992777000000000385e+02
1.993307999999999822e+02
1.993653999999999655e+02
1.994217999999999904e+02
1.994523999999999830e+02
1.993042000000000087e+02
1.994127999999999759e+02
1.993349999999999511e+02
1.994714999999999918e+02
1.995734999999999957e+02
1.996205000000000211e+02
1.996563999999999908e+02
1.997053000000000225e+02
1.997963000000000022e+02
1.996568000000000040e+02
1.998017000000000110e+02
1.996826000000000079e+02
1.999153000000000304e+02
1.998806000000000154e+02
1.997381000000000597e+02
1.998721000000000174e+02
1.999208999999999889e+02
1.998569999999999993e+02
