1.000000000000000000e+00
1.080999999999999961e+00
1.177100000000000035e+00
1.273100000000000120e+00
1.392599999999999616e+00
1.501000000000000334e+00
1.650899999999999812e+00
1.806799999999999962e+00
2.004299999999999748e+00
2.224299999999999944e+00
2.556100000000000261e+00
2.883900000000000574e+00
3.338099999999999845e+00
4.070699999999999541e+00
5.070199999999999818e+00
6.678600000000000314e+00
9.530199999999998894e+00
1.355120000000000147e+01
1.943540000000000134e+01
2.823900000000000077e+01
3.695719999999999317e+01
5.156739999999999924e+01
6.161880000000000024e+01
7.564950000000000330e+01
8.410759999999999081e+01
9.658760000000002321e+01
1.063847000000000236e+02
1.167445000000000022e+02
1.247667000000000002e+02
1.320052000000000021e+02
1.380916999999999746e+02
1.455189000000000021e+02
1.508734000000000037e+02
1.531312000000000069e+02
1.598573000000000093e+02
1.636370000000000005e+02
1.664081000000000188e+02
1.699620000000000175e+02
1.736486000000000445e+02
1.760855000000000246e+02
1.780503000000000213e+02
1.787583999999999662e+02
1.819019000000000119e+02
1.832689000000000021e+02
1.849128000000000327e+02
1.865284000000000049e+02
1.870395999999999788e+02
1.886250999999999749e+02
1.897836000000000070e+02
1.903672000000000253e+02
1.911271000000000413e+02
1.915546999999999684e+02
1.932966999999999871e+02
1.933156000000000461e+02
1.941809000000000083e+02
1.942575999999999965e+02
1.951038000000000068e+02
1.953011000000000195e+02
1.956375999999999920e+02
1.960247000000000241e+02
1.965096999999999809e+02
1.967523000000000195e+02
1.972542000000000542e+02
1.974265000000000612e+02
1.976119000000000199e+02
1.977968999999999937e+02
1.976135000000000161e+02
1.976353000000000293e+02
1.980262999999999636e+02
1.983282000000000096e+02
1.984116999999999962e+02
1.983801000000000272e+02
1.983131999999999664e+02
1.985917000000000314e+02
1.987120999999999924e+02
1.990277000000000385e+02
1.991933000000000504e+02
1.991942999999999984e+02
1.993377000000000123e+02
1.992372000000000014e+02
1.992597000000000094e+02
1.993303999999999974e+02
1.993810999999999751e+02
1.992877999999999759e+02
1.992590999999999894e+02
1.997459000000000060e+02
1.997040000000000077e+02
1.996388000000000602e+02
1.996852999999999838e+02
1.998210000000000264e+02
1.997820999999999856e+02
1.996563000000000443e+02
1.998160000000000309e+02
1.997466000000000008e+02
1.998687999999999647e+02
1.996979999999999791e+02
1.998415000000000532e+02
1.998588000000000591e+02
1.999227000000000487e+02
1.999156000000000120e+02
