1.000000000000000000e+00
1.080999999999999961e+00
1.175999999999999712e+00
1.270199999999999996e+00
1.384999999999999343e+00
1.487800000000000233e+00
1.627099999999999991e+00
1.761999999999999789e+00
1.921300000000000008e+00
2.095299999999999940e+00
2.326500000000000234e+00
2.546999999999999709e+00
2.818799999999999528e+00
3.178300000000000569e+00
3.572700000000000209e+00
4.132400000000000517e+00
4.915300000000001113e+00
5.677799999999999514e+00
6.747200000000001197e+00
7.836700000000000443e+00
8.814500000000000668e+00
1.001640000000000086e+01
1.053439999999999976e+01
1.125169999999999781e+01
1.137429999999999986e+01
1.158059999999999867e+01
1.155530000000000257e+01
1.170080000000000098e+01
1.159559999999999924e+01
1.157600000000000051e+01
1.129030000000000378e+01
1.122060000000000102e+01
1.100540000000000340e+01
1.084709999999999752e+01
1.074160000000000004e+01
1.054790000000000205e+01
1.035549999999999926e+01
1.023620000000000196e+01
1.010650000000000048e+01
9.887399999999999523e+00
9.748699999999999477e+00
9.583499999999999019e+00
9.410100000000001685e+00
9.245499999999999829e+00
9.142300000000000537e+00
8.987899999999998002e+00
8.811899999999997846e+00
8.739099999999998758e+00
8.628900000000001569e+00
8.496299999999999741e+00
8.367599999999999483e+00
8.282700000000000173e+00
8.155800000000001049e+00
8.019399999999997419e+00
7.921000000000000263e+00
7.874600000000000044e+00
7.787700000000000067e+00
7.686600000000001209e+00
7.609600000000000364e+00
7.526299999999999990e+00
7.466300000000001269e+00
7.356399999999999828e+00
7.309999999999999609e+00
7.263600000000001167e+00
7.149000000000000909e+00
7.083400000000000141e+00
7.009999999999998899e+00
6.922700000000000742e+00
6.894499999999998963e+00
6.816600000000001103e+00
6.789500000000000313e+00
6.691999999999999282e+00
6.653399999999999537e+00
6.591100000000000847e+00
6.532499999999999751e+00
6.488599999999999923e+00
6.421200000000001573e+00
6.399799999999999933e+00
6.334799999999998654e+00
6.290700000000000180e+00
6.280299999999998661e+00
6.231700000000000017e+00
6.201299999999999812e+00
6.167300000000000004e+00
6.142799999999999372e+00
6.077900000000000524e+00
6.081699999999999662e+00
6.042299999999999116e+00
6.009499999999999176e+00
5.986399999999999721e+00
5.953099999999998282e+00
5.913899999999999935e+00
5.870199999999999640e+00
5.823100000000001941e+00
5.826299999999998924e+00
5.777000000000000135e+00
5.748900000000000787e+00
5.692800000000000082e+00
5.678000000000000824e+00
5.644299999999999429e+00
