1.000000000000000000e+00
1.086599999999999788e+00
1.170499999999999874e+00
1.269200000000000106e+00
1.370900000000000230e+00
1.496599999999999930e+00
1.621400000000000396e+00
1.762099999999999778e+00
1.920799999999999841e+00
2.111799999999999677e+00
2.310500000000000220e+00
2.562699999999999978e+00
2.812199999999999811e+00
3.184400000000000119e+00
3.609100000000000197e+00
4.148499999999999410e+00
4.887299999999999756e+00
5.753500000000001613e+00
6.829900000000001192e+00
7.781699999999999839e+00
8.950400000000000134e+00
9.795800000000001617e+00
1.063160000000000238e+01
1.099420000000000108e+01
1.155670000000000108e+01
1.160239999999999938e+01
1.160660000000000025e+01
1.158440000000000047e+01
1.144929999999999914e+01
1.148999999999999844e+01
1.139010000000000211e+01
1.126899999999999835e+01
1.107919999999999838e+01
1.097819999999999929e+01
1.072849999999999859e+01
1.052850000000000108e+01
1.039780000000000015e+01
1.019019999999999904e+01
1.003430000000000000e+01
9.859699999999998354e+00
9.667500000000000426e+00
9.531399999999999650e+00
9.365299999999997738e+00
9.258199999999998653e+00
9.070099999999998275e+00
8.974899999999999878e+00
8.900500000000000966e+00
8.741500000000000270e+00
8.650400000000001199e+00
8.488200000000000855e+00
8.386499999999999844e+00
8.255100000000000549e+00
8.173699999999998411e+00
8.069000000000000838e+00
7.969599999999998019e+00
7.879900000000000126e+00
7.755099999999999660e+00
7.707999999999999297e+00
7.590099999999999625e+00
7.539200000000001012e+00
7.446899999999999409e+00
7.380600000000000271e+00
7.320499999999999119e+00
7.236100000000000421e+00
7.175099999999999589e+00
7.116599999999998261e+00
7.002399999999999736e+00
6.953500000000000014e+00
6.893200000000000216e+00
6.830900000000001526e+00
6.768899999999999473e+00
6.730999999999998984e+00
6.678199999999999470e+00
6.645299999999999763e+00
6.544300000000000672e+00
6.494699999999999918e+00
6.435100000000000264e+00
6.408899999999999153e+00
6.367700000000001026e+00
6.309100000000001707e+00
6.296299999999998676e+00
6.223099999999999632e+00
6.203299999999999592e+00
6.172299999999999010e+00
6.129199999999998205e+00
6.113100000000001977e+00
6.082099999999999618e+00
6.048799999999999066e+00
6.008899999999999686e+00
5.981900000000001327e+00
5.933000000000000718e+00
5.904099999999999682e+00
5.859300000000001063e+00
5.854099999999998971e+00
5.817999999999998728e+00
5.770400000000000418e+00
5.732400000000000162e+00
5.706199999999999939e+00
5.648400000000000531e+00
5.621199999999999974e+00
