1.000000000000000000e+00
1.086699999999999999e+00
1.170799999999999841e+00
1.272000000000000242e+00
1.377499999999999947e+00
1.510699999999999932e+00
1.646399999999999864e+00
1.812300000000000244e+00
2.000300000000000189e+00
2.245800000000000018e+00
2.521400000000000308e+00
2.897000000000000242e+00
3.343799999999999439e+00
4.068499999999999339e+00
5.092100000000000293e+00
6.608600000000000030e+00
9.354300000000000281e+00
1.385169999999999924e+01
2.053770000000000451e+01
2.719679999999999254e+01
3.817790000000000106e+01
4.922659999999999769e+01
6.228530000000000655e+01
7.423040000000000305e+01
8.765319999999999823e+01
9.651049999999999329e+01
1.068015999999999934e+02
1.143545000000000016e+02
1.245798999999999950e+02
1.317999000000000080e+02
1.392024000000000115e+02
1.457618999999999971e+02
1.506980000000000359e+02
1.556039000000000101e+02
1.598766999999999996e+02
1.628350000000000080e+02
1.663932999999999822e+02
1.704945000000000164e+02
1.719327000000000396e+02
1.748459000000000003e+02
1.786206999999999709e+02
1.794300000000000068e+02
1.820155999999999494e+02
1.826366999999999905e+02
1.846230999999999653e+02
1.862617000000000189e+02
1.866239999999999668e+02
1.888045000000000186e+02
1.895259000000000071e+02
1.906601999999999748e+02
1.906204000000000178e+02
1.923361999999999910e+02
1.924131999999999891e+02
1.935860000000000696e+02
1.941556999999999675e+02
1.943838999999999828e+02
1.943645000000000209e+02
1.954068000000000040e+02
1.957032000000000096e+02
1.961016999999999939e+02
1.964401000000000295e+02
1.967152000000000100e+02
1.972186999999999557e+02
1.972829999999999870e+02
1.975739000000000658e+02
1.973141999999999712e+02
1.977960999999999672e+02
1.980217000000000098e+02
1.981261000000000081e+02
1.983550999999999362e+02
1.984538000000000011e+02
1.986216999999999757e+02
1.985493000000000450e+02
1.988014000000000010e+02
1.989767999999999972e+02
1.989534999999999911e+02
1.990639999999999645e+02
1.991687000000000012e+02
1.993237999999999772e+02
1.995700000000000500e+02
1.993111999999999568e+02
1.993551999999999964e+02
1.994707000000000221e+02
1.995322999999999922e+02
1.994910000000000707e+02
1.995782999999999845e+02
1.996306999999999618e+02
1.995657999999999674e+02
1.996402000000000498e+02
1.996195999999999913e+02
1.998494999999999777e+02
1.996506000000000256e+02
1.997385000000000161e+02
1.998001000000000147e+02
1.997251000000000261e+02
1.998621000000000265e+02
1.997749000000000592e+02
1.999482000000000426e+02
1.998755000000000166e+02
1.998892999999999915e+02
