1.000000000000000000e+00
1.080299999999999816e+00
1.172899999999999832e+00
1.270000000000000018e+00
1.390200000000000102e+00
1.492499999999999938e+00
1.632999999999999785e+00
1.752199999999999980e+00
1.920099999999999696e+00
2.106400000000000272e+00
2.302099999999999369e+00
2.564300000000000246e+00
2.802600000000000424e+00
3.188900000000000290e+00
3.558699999999999530e+00
4.211400000000000254e+00
4.902399999999999203e+00
5.841200000000001502e+00
6.810500000000001997e+00
7.962699999999999001e+00
8.854300000000000281e+00
9.785399999999999210e+00
1.061320000000000086e+01
1.127309999999999945e+01
1.144500000000000028e+01
1.159499999999999709e+01
1.169739999999999824e+01
1.176970000000000027e+01
1.164499999999999957e+01
1.150759999999999827e+01
1.129960000000000342e+01
1.115909999999999691e+01
1.110979999999999990e+01
1.099079999999999657e+01
1.071649999999999814e+01
1.054189999999999827e+01
1.040649999999999942e+01
1.019100000000000072e+01
9.998300000000000409e+00
9.785999999999999588e+00
9.686000000000001720e+00
9.567999999999999616e+00
9.395599999999999952e+00
9.261800000000000921e+00
9.143800000000000594e+00
8.941399999999999793e+00
8.899700000000001054e+00
8.720300000000001717e+00
8.599700000000000344e+00
8.509800000000000253e+00
8.415300000000000225e+00
8.298599999999998644e+00
8.114999999999998437e+00
8.030900000000000816e+00
7.985100000000000087e+00
7.911999999999999034e+00
7.775999999999998913e+00
7.677000000000000490e+00
7.613499999999999268e+00
7.486200000000000188e+00
7.431999999999999496e+00
7.377500000000000391e+00
7.287100000000000577e+00
7.241000000000000547e+00
7.142299999999998761e+00
7.084500000000000242e+00
7.027000000000000135e+00
6.931400000000000006e+00
6.880700000000000927e+00
6.807499999999999218e+00
6.754800000000000360e+00
6.728300000000000836e+00
6.656300000000000772e+00
6.589799999999999436e+00
6.569299999999999251e+00
6.483100000000002083e+00
6.445699999999999541e+00
6.416299999999999670e+00
6.376999999999998892e+00
6.325699999999999434e+00
6.297800000000000509e+00
6.239600000000000257e+00
6.183799999999999741e+00
6.167500000000000426e+00
6.164200000000001900e+00
6.112800000000000011e+00
6.091900000000000759e+00
6.047000000000000597e+00
6.010000000000001563e+00
5.971900000000000652e+00
5.923399999999999999e+00
5.928300000000000125e+00
5.893299999999999983e+00
5.831900000000000972e+00
5.819600000000000328e+00
5.775600000000000733e+00
5.783500000000000085e+00
5.729500000000000703e+00
5.690699999999999648e+00
5.636199999999999655e+00
