1.000000000000000000e+00
1.080299999999999816e+00
1.174499999999999877e+00
1.272199999999999775e+00
1.395599999999999952e+00
1.507500000000000062e+00
1.657699999999999507e+00
1.803499999999999659e+00
1.997999999999999776e+00
2.231100000000000083e+00
2.506299999999999972e+00
2.900999999999999801e+00
3.352599999999999802e+00
4.110200000000000742e+00
4.943300000000000693e+00
6.896499999999999631e+00
9.462399999999998812e+00
1.395300000000000118e+01
2.008070000000000022e+01
2.784359999999999502e+01
3.810509999999999309e+01
4.882559999999999434e+01
6.087840000000001339e+01
7.486209999999999809e+01
8.650749999999999318e+01
9.552549999999999386e+01
1.072611999999999881e+02
1.155589999999999833e+02
1.232931999999999988e+02
1.339019999999999868e+02
1.382599999999999909e+02
1.459753000000000043e+02
1.498396999999999935e+02
1.552639000000000067e+02
1.591798000000000002e+02
1.628615000000000066e+02
1.664164000000000385e+02
1.698650000000000375e+02
1.725606999999999971e+02
1.750323999999999671e+02
1.776532999999999731e+02
1.790605000000000189e+02
1.813251000000000204e+02
1.834833999999999889e+02
1.849505000000000337e+02
1.859476000000000511e+02
1.874261000000000195e+02
1.887609999999999388e+02
1.890775999999999613e+02
1.903971999999999696e+02
1.910782999999999845e+02
1.919538000000000011e+02
1.925493999999999630e+02
1.934771000000000356e+02
1.935329999999999870e+02
1.946340000000000146e+02
1.949083999999999719e+02
1.954075000000000273e+02
1.957204999999999870e+02
1.960275000000000034e+02
1.963671000000000220e+02
1.967813999999999908e+02
1.971062999999999761e+02
1.972771000000000186e+02
1.978331000000000586e+02
1.976559000000000026e+02
1.975205999999999733e+02
1.980752999999999986e+02
1.981411999999999978e+02
1.983873999999999853e+02
1.985311999999999841e+02
1.985089000000000397e+02
1.988251999999999953e+02
1.987519999999999811e+02
1.989262999999999693e+02
1.990021000000000413e+02
1.990218999999999880e+02
1.988403999999999598e+02
1.994007999999999754e+02
1.993816999999999382e+02
1.994349000000000274e+02
1.994192000000000178e+02
1.995667000000000257e+02
1.994340999999999724e+02
1.995664000000000442e+02
1.997440000000000282e+02
1.996354000000000042e+02
1.995715000000000146e+02
1.998057000000000016e+02
1.997059999999999889e+02
1.997355000000000302e+02
1.996822999999999979e+02
1.996572999999999922e+02
1.996874999999999716e+02
1.998507000000000460e+02
1.999036000000000399e+02
1.999345000000000425e+02
1.998535000000000252e+02
1.998184000000000253e+02
1.998198999999999899e+02
