1.000000000000000000e+00
1.085999999999999854e+00
1.175499999999999767e+00
1.261000000000000121e+00
1.375299999999999967e+00
1.474000000000000421e+00
1.616000000000000325e+00
1.746099999999999763e+00
1.907400000000000428e+00
2.098899999999999988e+00
2.341400000000000592e+00
2.566599999999999770e+00
2.858000000000000540e+00
3.196499999999999897e+00
3.677499999999999325e+00
4.250800000000000800e+00
4.837500000000000355e+00
5.744100000000000428e+00
6.748699999999998589e+00
7.821700000000001651e+00
9.001799999999999358e+00
9.563200000000000145e+00
1.056949999999999967e+01
1.123470000000000013e+01
1.152479999999999727e+01
1.169599999999999973e+01
1.166049999999999720e+01
1.163230000000000075e+01
1.156070000000000242e+01
1.141129999999999889e+01
1.140869999999999962e+01
1.122680000000000256e+01
1.105760000000000254e+01
1.085299999999999798e+01
1.072900000000000098e+01
1.055319999999999858e+01
1.038800000000000168e+01
1.014259999999999984e+01
1.004909999999999926e+01
9.904499999999998749e+00
9.680000000000001492e+00
9.555400000000000560e+00
9.459499999999998465e+00
9.264400000000000190e+00
9.145500000000000185e+00
8.942199999999999704e+00
8.877599999999999270e+00
8.774300000000000210e+00
8.610400000000000276e+00
8.523400000000000531e+00
8.372399999999998954e+00
8.286799999999999500e+00
8.148900000000001143e+00
8.065599999999999881e+00
7.963900000000000645e+00
7.860499999999999154e+00
7.764700000000000379e+00
7.662299999999999223e+00
7.594200000000000728e+00
7.500199999999999534e+00
7.438900000000000290e+00
7.329100000000000392e+00
7.267399999999998528e+00
7.245500000000000718e+00
7.159000000000000696e+00
7.037399999999998101e+00
7.016099999999999781e+00
6.978799999999999670e+00
6.910799999999998278e+00
6.853199999999999292e+00
6.769000000000000128e+00
6.732099999999999085e+00
6.676900000000000723e+00
6.602299999999998725e+00
6.566000000000001613e+00
6.500400000000000844e+00
6.438100000000000378e+00
6.406499999999999417e+00
6.349000000000000199e+00
6.318199999999999150e+00
6.279799999999999827e+00
6.245500000000000718e+00
6.189999999999998614e+00
6.162300000000000111e+00
6.123999999999998778e+00
6.089999999999999858e+00
6.071299999999999919e+00
6.028699999999998838e+00
5.996399999999999508e+00
5.988599999999999035e+00
5.951399999999999579e+00
5.913800000000001056e+00
5.904700000000000060e+00
5.888400000000000745e+00
5.828500000000001791e+00
5.764999999999998792e+00
5.741899999999999338e+00
5.706899999999999196e+00
5.669900000000000162e+00
5.638300000000000090e+00
