1.000000000000000000e+00
1.085999999999999854e+00
1.176499999999999879e+00
1.262900000000000134e+00
1.381999999999999895e+00
1.487900000000000000e+00
1.641800000000000148e+00
1.791899999999999604e+00
1.979999999999999982e+00
2.233200000000000074e+00
2.552000000000000046e+00
2.903500000000000192e+00
3.407200000000000450e+00
4.178899999999999615e+00
5.294400000000000439e+00
6.872200000000000308e+00
9.275100000000000122e+00
1.333240000000000158e+01
1.956060000000000088e+01
2.708970000000000411e+01
3.865919999999999845e+01
4.678850000000000620e+01
6.283139999999999503e+01
7.563519999999999754e+01
8.696120000000000516e+01
9.746860000000000923e+01
1.073851000000000084e+02
1.164288999999999987e+02
1.237785000000000224e+02
1.308041000000000054e+02
1.395041999999999973e+02
1.455631999999999948e+02
1.506309000000000253e+02
1.557703999999999951e+02
1.608936999999999671e+02
1.648716000000000292e+02
1.678565999999999576e+02
1.705361000000000047e+02
1.723602999999999952e+02
1.759605999999999710e+02
1.780803000000000225e+02
1.797770999999999901e+02
1.821275999999999726e+02
1.834096999999999866e+02
1.847615999999999872e+02
1.865908000000000300e+02
1.868869999999999720e+02
1.885418999999999983e+02
1.891534000000000049e+02
1.905579000000000178e+02
1.914133999999999958e+02
1.919864000000000033e+02
1.930086999999999762e+02
1.932319999999999993e+02
1.941487999999999658e+02
1.943040000000000020e+02
1.949695999999999856e+02
1.952813000000000159e+02
1.957895999999999788e+02
1.958838000000000079e+02
1.963186000000000035e+02
1.967064000000000021e+02
1.972051999999999907e+02
1.975232999999999777e+02
1.973643999999999892e+02
1.974639999999999702e+02
1.979381999999999948e+02
1.981752999999999929e+02
1.981200000000000330e+02
1.982140999999999735e+02
1.986834000000000344e+02
1.986363000000000056e+02
1.985839999999999748e+02
1.987125000000000341e+02
1.990920000000000130e+02
1.989391999999999712e+02
1.992224000000000217e+02
1.992412000000000205e+02
1.993083999999999776e+02
1.993941000000000088e+02
1.993845999999999776e+02
1.993984000000000094e+02
1.995103000000000009e+02
1.993118999999999801e+02
1.995048999999999921e+02
1.996410999999999945e+02
1.995471999999999468e+02
1.995574000000000296e+02
1.997006000000000370e+02
1.997066999999999837e+02
1.997561000000000320e+02
1.997726999999999578e+02
1.996975000000000477e+02
1.997270000000000039e+02
1.998535000000000252e+02
1.997126000000000090e+02
1.998982999999999777e+02
1.998428000000000111e+02
1.999045000000000130e+02
1.999232000000000369e+02
