1.000000000000000000e+00
1.082200000000000051e+00
1.172200000000000131e+00
1.263500000000000290e+00
1.379099999999999993e+00
1.491500000000000048e+00
1.622800000000000020e+00
1.757900000000000240e+00
1.934600000000000097e+00
2.096599999999999575e+00
2.300800000000000178e+00
2.557300000000000129e+00
2.880100000000000104e+00
3.163399999999999768e+00
3.642000000000000348e+00
4.143699999999999939e+00
4.996200000000000863e+00
5.680599999999999206e+00
6.740000000000000213e+00
7.787700000000000955e+00
8.872500000000000497e+00
9.840799999999997993e+00
1.061520000000000152e+01
1.101179999999999914e+01
1.163579999999999970e+01
1.161559999999999704e+01
1.166330000000000133e+01
1.170209999999999795e+01
1.154909999999999926e+01
1.148750000000000249e+01
1.133589999999999876e+01
1.117090000000000138e+01
1.104259999999999842e+01
1.088470000000000049e+01
1.071170000000000044e+01
1.056950000000000323e+01
1.037199999999999989e+01
1.018149999999999977e+01
1.004219999999999935e+01
9.871600000000000819e+00
9.717700000000000671e+00
9.549599999999999866e+00
9.438700000000000756e+00
9.271400000000001640e+00
9.144400000000000972e+00
9.009899999999998244e+00
8.857900000000000773e+00
8.725600000000000023e+00
8.611900000000002109e+00
8.511100000000000776e+00
8.386100000000000776e+00
8.311399999999999011e+00
8.173800000000001731e+00
8.061599999999998545e+00
7.978099999999999525e+00
7.830400000000000915e+00
7.772699999999999498e+00
7.672799999999999621e+00
7.601299999999998391e+00
7.548099999999999810e+00
7.435900000000000176e+00
7.329400000000000581e+00
7.297299999999999010e+00
7.258899999999999686e+00
7.172900000000001164e+00
7.054399999999999338e+00
7.045799999999998953e+00
6.932300000000000573e+00
6.914300000000000779e+00
6.780899999999999928e+00
6.784699999999999065e+00
6.700700000000001211e+00
6.678899999999999615e+00
6.603700000000000792e+00
6.543900000000000716e+00
6.510500000000000398e+00
6.453699999999998660e+00
6.414300000000000779e+00
6.340099999999999625e+00
6.326000000000000512e+00
6.285699999999999399e+00
6.247500000000001386e+00
6.218299999999998384e+00
6.174200000000000799e+00
6.132800000000000473e+00
6.121199999999999086e+00
6.089699999999998781e+00
6.008500000000000618e+00
5.982099999999999085e+00
5.984599999999999476e+00
5.931399999999999118e+00
5.941599999999999326e+00
5.882399999999998741e+00
5.854500000000000703e+00
5.795700000000001850e+00
5.784000000000000696e+00
5.742999999999999439e+00
5.691099999999998715e+00
5.711299999999999599e+00
5.628399999999999181e+00
