1.000000000000000000e+00
1.082200000000000051e+00
1.173699999999999966e+00
1.266499999999999959e+00
1.384900000000000020e+00
1.505599999999999827e+00
1.647199999999999998e+00
1.806099999999999595e+00
2.012099999999999778e+00
2.223999999999999311e+00
2.496099999999999763e+00
2.921300000000000008e+00
3.434200000000000141e+00
4.021100000000000563e+00
5.196000000000001506e+00
6.631300000000001305e+00
1.001760000000000161e+01
1.322580000000000133e+01
1.954770000000000252e+01
2.764840000000000586e+01
3.741210000000000235e+01
4.884980000000001610e+01
6.317049999999998988e+01
7.275449999999999307e+01
8.848800000000001376e+01
9.602930000000002053e+01
1.074001000000000090e+02
1.160292000000000172e+02
1.256114999999999924e+02
1.319009000000000071e+02
1.386744000000000199e+02
1.439858999999999867e+02
1.495217000000000098e+02
1.537982000000000085e+02
1.596534000000000333e+02
1.640131000000000085e+02
1.657452000000000112e+02
1.701781000000000006e+02
1.733008000000000095e+02
1.758310999999999638e+02
1.773309999999999604e+02
1.800013999999999896e+02
1.814904999999999973e+02
1.839312999999999647e+02
1.836663000000000068e+02
1.862818999999999505e+02
1.879339000000000226e+02
1.889120000000000346e+02
1.894277999999999906e+02
1.901506999999999721e+02
1.910415999999999883e+02
1.915293000000000063e+02
1.931237000000000137e+02
1.938255000000000052e+02
1.937931000000000097e+02
1.941817999999999529e+02
1.945614000000000203e+02
1.954309000000000083e+02
1.958105000000000189e+02
1.958007000000000062e+02
1.961480999999999710e+02
1.966416999999999859e+02
1.971390999999999849e+02
1.970296000000000163e+02
1.972536000000000058e+02
1.976857999999999720e+02
1.979098999999999933e+02
1.980832000000000619e+02
1.977671000000000276e+02
1.984012000000000171e+02
1.984236999999999398e+02
1.983540999999999315e+02
1.987597000000000094e+02
1.987427999999999884e+02
1.987006000000000085e+02
1.989388999999999896e+02
1.989702999999999804e+02
1.990464000000000055e+02
1.991079000000000008e+02
1.993774999999999977e+02
1.995584000000000344e+02
1.993784000000000276e+02
1.995144999999999413e+02
1.992702999999999918e+02
1.995604000000000440e+02
1.995292000000000598e+02
1.997315999999999860e+02
1.995364000000000431e+02
1.996323000000000434e+02
1.996715000000000089e+02
1.997018000000000484e+02
1.996768999999999608e+02
1.997262000000000342e+02
1.998391000000000588e+02
1.998435000000000628e+02
1.998679000000000485e+02
1.998660000000000139e+02
1.998556999999999846e+02
1.998753999999999849e+02
1.996817000000000064e+02
