1.000000000000000000e+00
1.074900000000000189e+00
1.168700000000000072e+00
1.273500000000000076e+00
1.391299999999999981e+00
1.522700000000000164e+00
1.654900000000000704e+00
1.819900000000000295e+00
1.987400000000000277e+00
2.234099999999999753e+00
2.518699999999999939e+00
2.858200000000000074e+00
3.310200000000000031e+00
4.080499999999999794e+00
5.020900000000000141e+00
6.671499999999999986e+00
9.507699999999999818e+00
1.377110000000000056e+01
1.990439999999999898e+01
2.755519999999999925e+01
3.677250000000000085e+01
5.001130000000001274e+01
6.228830000000000666e+01
7.200840000000000884e+01
8.628820000000000334e+01
9.352449999999998909e+01
1.070953000000000088e+02
1.168086000000000126e+02
1.253111000000000246e+02
1.306974999999999909e+02
1.386809999999999832e+02
1.430501000000000147e+02
1.499727000000000032e+02
1.536875000000000284e+02
1.589013999999999953e+02
1.644478000000000293e+02
1.675554000000000201e+02
1.705128000000000270e+02
1.734602000000000146e+02
1.745248000000000275e+02
1.774358000000000288e+02
1.796298000000000457e+02
1.815331999999999937e+02
1.826604000000000383e+02
1.849690999999999974e+02
1.855348999999999933e+02
1.868370000000000175e+02
1.885458999999999889e+02
1.908152999999999508e+02
1.911750000000000114e+02
1.911367999999999938e+02
1.917991000000000099e+02
1.933837999999999795e+02
1.929878000000000213e+02
1.936671999999999798e+02
1.943868999999999971e+02
1.949327999999999861e+02
1.952180999999999358e+02
1.962825999999999738e+02
1.960530999999999722e+02
1.962173999999999694e+02
1.968727000000000089e+02
1.966696999999999775e+02
1.970577999999999861e+02
1.978643999999999892e+02
1.975801000000000158e+02
1.978220000000000027e+02
1.982943999999999960e+02
1.980658000000000243e+02
1.983449999999999704e+02
1.983282000000000096e+02
1.985427999999999997e+02
1.987132000000000005e+02
1.989189000000000362e+02
1.989665999999999713e+02
1.989695999999999856e+02
1.992143999999999835e+02
1.992205999999999335e+02
1.991805999999999699e+02
1.994308999999999514e+02
1.991849000000000274e+02
1.995193999999999903e+02
1.991850000000000307e+02
1.996331000000000131e+02
1.995913000000000181e+02
1.995899000000000285e+02
1.996131000000000029e+02
1.996531000000000518e+02
1.997248000000000445e+02
1.996459000000000117e+02
1.997854999999999848e+02
1.997877000000000294e+02
1.998093000000000359e+02
1.996972000000000094e+02
1.997676000000000158e+02
1.997827000000000055e+02
1.998006000000000597e+02
1.997580999999999847e+02
1.998711000000000126e+02
1.999093000000000302e+02
