1.000000000000000000e+00
1.074800000000000200e+00
1.167999999999999927e+00
1.271700000000000053e+00
1.384300000000000086e+00
1.508799999999999919e+00
1.626700000000000257e+00
1.773700000000000276e+00
1.910399999999999876e+00
2.102300000000000058e+00
2.303600000000000314e+00
2.531899999999999817e+00
2.797200000000000131e+00
3.182100000000000151e+00
3.584199999999999608e+00
4.116100000000000314e+00
4.899099999999999788e+00
5.792999999999999261e+00
6.782300000000001106e+00
7.837999999999999190e+00
8.770800000000001262e+00
9.873799999999999244e+00
1.068549999999999933e+01
1.100859999999999950e+01
1.146619999999999884e+01
1.147299999999999898e+01
1.158600000000000385e+01
1.167210000000000036e+01
1.160130000000000194e+01
1.140470000000000184e+01
1.139140000000000086e+01
1.126170000000000293e+01
1.106420000000000137e+01
1.083870000000000289e+01
1.071039999999999992e+01
1.062309999999999910e+01
1.039249999999999829e+01
1.016100000000000136e+01
1.003570000000000029e+01
9.894999999999999574e+00
9.698800000000000310e+00
9.537599999999999412e+00
9.367499999999999716e+00
9.242300000000001958e+00
9.106799999999999784e+00
8.981299999999999173e+00
8.814700000000001978e+00
8.709899999999997533e+00
8.652300000000000324e+00
8.482699999999999463e+00
8.365299999999999514e+00
8.269199999999999662e+00
8.176999999999999602e+00
8.085800000000000765e+00
7.959199999999998276e+00
7.859100000000000641e+00
7.791399999999999437e+00
7.701000000000000512e+00
7.577600000000000335e+00
7.519100000000001671e+00
7.447400000000000908e+00
7.355799999999999450e+00
7.282899999999999707e+00
7.212899999999999423e+00
7.150800000000000267e+00
7.067999999999999616e+00
7.042000000000001592e+00
6.972999999999999865e+00
6.910399999999999210e+00
6.842199999999999172e+00
6.804399999999999338e+00
6.700799999999999201e+00
6.696700000000000763e+00
6.599499999999998145e+00
6.559499999999998998e+00
6.458499999999999908e+00
6.471799999999999109e+00
6.415099999999998914e+00
6.391399999999999970e+00
6.315500000000001002e+00
6.285299999999999443e+00
6.245899999999998897e+00
6.186300000000000132e+00
6.164699999999999847e+00
6.124999999999999112e+00
6.110599999999999810e+00
6.061500000000000554e+00
6.032499999999999751e+00
6.011900000000000688e+00
5.994699999999999918e+00
5.941499999999999559e+00
5.902499999999999858e+00
5.879999999999999005e+00
5.837299999999999045e+00
5.812400000000000233e+00
5.760299999999999976e+00
5.742700000000001026e+00
5.685600000000000875e+00
5.670300000000000118e+00
5.643399999999998862e+00
