1.000000000000000000e+00
1.087199999999999944e+00
1.179799999999999960e+00
1.261800000000000033e+00
1.384200000000000541e+00
1.485999999999999988e+00
1.601500000000000146e+00
1.783200000000000118e+00
1.904000000000000137e+00
2.110599999999999810e+00
2.287100000000000577e+00
2.532999999999999918e+00
2.833299999999999930e+00
3.179699999999999527e+00
3.644499999999999851e+00
4.154200000000000337e+00
4.783500000000000085e+00
5.902600000000001401e+00
6.854899999999999771e+00
7.726099999999999746e+00
8.847499999999998366e+00
9.664699999999999847e+00
1.041129999999999889e+01
1.120309999999999917e+01
1.133040000000000269e+01
1.165379999999999860e+01
1.170840000000000103e+01
1.159719999999999729e+01
1.153629999999999889e+01
1.154660000000000331e+01
1.133089999999999975e+01
1.120719999999999850e+01
1.109970000000000034e+01
1.091570000000000107e+01
1.067339999999999911e+01
1.054720000000000013e+01
1.038130000000000130e+01
1.022170000000000023e+01
1.010110000000000063e+01
9.914099999999997692e+00
9.746399999999999508e+00
9.544900000000001938e+00
9.423600000000000421e+00
9.268900000000000361e+00
9.098700000000000898e+00
8.953000000000001180e+00
8.924500000000000099e+00
8.771300000000000097e+00
8.593500000000000583e+00
8.512100000000000222e+00
8.403699999999998838e+00
8.278199999999998226e+00
8.170099999999999696e+00
8.080799999999999983e+00
7.967299999999999827e+00
7.864400000000001612e+00
7.745600000000000485e+00
7.656499999999999417e+00
7.616500000000001158e+00
7.515600000000000946e+00
7.440600000000000769e+00
7.366400000000001391e+00
7.282999999999998586e+00
7.236499999999999488e+00
7.135399999999999743e+00
7.082499999999999574e+00
7.018799999999998818e+00
6.945800000000000196e+00
6.937200000000000699e+00
6.819999999999998508e+00
6.770499999999999297e+00
6.718500000000001471e+00
6.648200000000001886e+00
6.598599999999999355e+00
6.556799999999998185e+00
6.507199999999999207e+00
6.459099999999999397e+00
6.400700000000000500e+00
6.365600000000000591e+00
6.317099999999999937e+00
6.274899999999998812e+00
6.246600000000000819e+00
6.226099999999998857e+00
6.177199999999999136e+00
6.127199999999999314e+00
6.125599999999999490e+00
6.063999999999998280e+00
6.058600000000000207e+00
5.997700000000000919e+00
5.961699999999998667e+00
5.942400000000000126e+00
5.915099999999999802e+00
5.872600000000001153e+00
5.825700000000000323e+00
5.804899999999999061e+00
5.791500000000000981e+00
5.735200000000000742e+00
5.720700000000000784e+00
5.663300000000000445e+00
5.656900000000000261e+00
