1.000000000000000000e+00
1.087199999999999944e+00
1.180299999999999905e+00
1.265199999999999880e+00
1.390900000000000025e+00
1.503599999999999604e+00
1.624700000000000255e+00
1.832300000000000262e+00
1.974099999999999744e+00
2.234700000000000131e+00
2.486499999999999932e+00
2.867900000000001448e+00
3.417599999999999749e+00
4.087999999999999190e+00
5.225600000000000911e+00
6.773900000000000254e+00
9.128399999999999181e+00
1.411370000000000147e+01
1.998680000000000234e+01
2.641699999999999804e+01
3.771159999999999712e+01
4.914439999999999742e+01
5.986449999999999960e+01
7.448839999999999861e+01
8.460490000000000066e+01
9.628019999999997935e+01
1.079741999999999962e+02
1.170371999999999986e+02
1.236395000000000124e+02
1.325322000000000173e+02
1.386361999999999739e+02
1.444327999999999861e+02
1.496847999999999956e+02
1.544620999999999924e+02
1.594916000000000054e+02
1.622688000000000272e+02
1.649711999999999819e+02
1.705130000000000621e+02
1.742587000000000330e+02
1.759585000000000150e+02
1.775915999999999997e+02
1.803319999999999936e+02
1.818045000000000755e+02
1.839790000000000134e+02
1.846617999999999995e+02
1.855521999999999423e+02
1.878427000000000078e+02
1.888820999999999515e+02
1.892496000000000151e+02
1.902202000000000055e+02
1.911779999999999973e+02
1.919334000000000344e+02
1.928116999999999734e+02
1.931901000000000295e+02
1.938793999999999755e+02
1.940979000000000099e+02
1.950362999999999829e+02
1.954826999999999657e+02
1.953948000000000036e+02
1.961896999999999878e+02
1.960925000000000296e+02
1.968720000000000141e+02
1.968993000000000109e+02
1.972842999999999734e+02
1.976196999999999662e+02
1.974613999999999976e+02
1.976800000000000068e+02
1.978415999999999713e+02
1.981654999999999802e+02
1.985390999999999906e+02
1.983917999999999893e+02
1.984187000000000012e+02
1.986622999999999877e+02
1.987947000000000060e+02
1.989797000000000082e+02
1.987897999999999854e+02
1.990442000000000178e+02
1.991379000000000019e+02
1.993179999999999552e+02
1.994075000000000273e+02
1.994056000000000211e+02
1.993004999999999995e+02
1.992892999999999972e+02
1.995653000000000361e+02
1.994950999999999794e+02
1.995742000000000189e+02
1.996164000000000271e+02
1.997221999999999866e+02
1.996128999999999394e+02
1.996702999999999975e+02
1.997766999999999769e+02
1.997005999999999801e+02
1.998530999999999835e+02
1.997297999999999831e+02
1.997366000000000099e+02
1.998506999999999891e+02
1.998323000000000036e+02
1.999085000000000321e+02
1.998598000000000070e+02
1.998774000000000228e+02
