1.000000000000000000e+00
1.087499999999999911e+00
1.168999999999999817e+00
1.274099999999999788e+00
1.378199999999999870e+00
1.490099999999999980e+00
1.618400000000000283e+00
1.726899999999999880e+00
1.883099999999999996e+00
2.082699999999999996e+00
2.295800000000000285e+00
2.520000000000000018e+00
2.838200000000000056e+00
3.187200000000000255e+00
3.594899999999999984e+00
4.236399999999999721e+00
4.890800000000000480e+00
5.717900000000001093e+00
6.622999999999999332e+00
7.833000000000001073e+00
8.629800000000001248e+00
9.653200000000000003e+00
1.051309999999999967e+01
1.107819999999999894e+01
1.145910000000000117e+01
1.166990000000000016e+01
1.174230000000000018e+01
1.178679999999999772e+01
1.168040000000000234e+01
1.148819999999999908e+01
1.137100000000000222e+01
1.129460000000000086e+01
1.101139999999999652e+01
1.086389999999999922e+01
1.075879999999999903e+01
1.055800000000000161e+01
1.041869999999999941e+01
1.021959999999999980e+01
1.008479999999999954e+01
9.869999999999999218e+00
9.695300000000001361e+00
9.606899999999997775e+00
9.409099999999998687e+00
9.254000000000001336e+00
9.156900000000002038e+00
8.956899999999997419e+00
8.882500000000000284e+00
8.740600000000000591e+00
8.628999999999999559e+00
8.462699999999999889e+00
8.383200000000000429e+00
8.298500000000000654e+00
8.171099999999999142e+00
8.078599999999999781e+00
7.965599999999998460e+00
7.835099999999999731e+00
7.790199999999998681e+00
7.700699999999999434e+00
7.600600000000000911e+00
7.503700000000001147e+00
7.509399999999998521e+00
7.430200000000000138e+00
7.279099999999999682e+00
7.199099999999999611e+00
7.131699999999999484e+00
7.075400000000001910e+00
7.024099999999999788e+00
6.954999999999997407e+00
6.875000000000000000e+00
6.820599999999999774e+00
6.767599999999999838e+00
6.712399999999998812e+00
6.669999999999999929e+00
6.585399999999999920e+00
6.557799999999999407e+00
6.499900000000000233e+00
6.443900000000000183e+00
6.399799999999999045e+00
6.385500000000000398e+00
6.310499999999999332e+00
6.276099999999997792e+00
6.250999999999999446e+00
6.223400000000000709e+00
6.185499999999999332e+00
6.133599999999998609e+00
6.090099999999999625e+00
6.061700000000000976e+00
6.015900000000000247e+00
6.033700000000001396e+00
5.952899999999999636e+00
5.940999999999999837e+00
5.913400000000000212e+00
5.895100000000000229e+00
5.831900000000000972e+00
5.799000000000001265e+00
5.776299999999999990e+00
5.734099999999999753e+00
5.707600000000001117e+00
5.665600000000000414e+00
5.654299999999999216e+00
