1.000000000000000000e+00
1.087599999999999900e+00
1.170099999999999918e+00
1.276899999999999924e+00
1.383399999999999963e+00
1.504700000000000371e+00
1.644399999999999640e+00
1.768499999999999961e+00
1.953700000000000436e+00
2.206199999999999939e+00
2.490000000000000213e+00
2.841999999999999194e+00
3.401200000000000223e+00
4.065599999999999881e+00
4.978800000000000558e+00
6.894499999999998963e+00
9.441599999999999326e+00
1.323290000000000433e+01
1.879590000000000316e+01
2.767999999999999972e+01
3.618979999999999819e+01
4.722689999999998633e+01
6.107760000000000389e+01
7.471620000000000061e+01
8.565450000000001296e+01
9.623879999999999768e+01
1.063965999999999923e+02
1.167239000000000146e+02
1.241400999999999897e+02
1.334341000000000008e+02
1.383680999999999699e+02
1.460714000000000112e+02
1.501672999999999831e+02
1.552720000000000198e+02
1.592033999999999878e+02
1.641513999999999669e+02
1.658850999999999942e+02
1.685713999999999828e+02
1.737955999999999506e+02
1.748944999999999936e+02
1.766729999999999450e+02
1.793357999999999777e+02
1.808248000000000388e+02
1.839156999999999584e+02
1.849244000000000199e+02
1.856116000000000099e+02
1.878430000000000177e+02
1.885286000000000115e+02
1.895167000000000144e+02
1.905079000000000349e+02
1.914418999999999755e+02
1.924417000000000257e+02
1.926436999999999955e+02
1.937749000000000024e+02
1.937554999999999836e+02
1.944306000000000267e+02
1.945816999999999837e+02
1.951261999999999830e+02
1.956671000000000333e+02
1.965499999999999545e+02
1.968000999999999863e+02
1.966886000000000081e+02
1.968941000000000372e+02
1.973390999999999735e+02
1.974517999999999915e+02
1.975620000000000118e+02
1.975142000000000166e+02
1.979767999999999688e+02
1.983629999999999995e+02
1.982436999999999898e+02
1.984813000000000329e+02
1.983361999999999910e+02
1.983824999999999932e+02
1.988840000000000146e+02
1.990357999999999947e+02
1.989704000000000121e+02
1.990452999999999975e+02
1.992551999999999737e+02
1.990738000000000056e+02
1.990809000000000140e+02
1.991087000000000273e+02
1.993925000000000125e+02
1.993734999999999786e+02
1.995394000000000005e+02
1.995751999999999668e+02
1.995439000000000078e+02
1.995755000000000337e+02
1.997560999999999751e+02
1.996398000000000081e+02
1.997373999999999796e+02
1.997993000000000166e+02
1.996535000000000082e+02
1.997550000000000807e+02
1.997965000000000089e+02
1.997143000000000370e+02
1.999020000000000152e+02
1.999020000000000152e+02
1.999418999999999755e+02
1.999719000000000335e+02
1.999022000000000219e+02
