1.000000000000000000e+00
1.081699999999999662e+00
1.165699999999999958e+00
1.275900000000000034e+00
1.378499999999999837e+00
1.506800000000000361e+00
1.642400000000000082e+00
1.826600000000000001e+00
2.003999999999999559e+00
2.209200000000000053e+00
2.538399999999999768e+00
2.878099999999999881e+00
3.427199999999999580e+00
4.079399999999999693e+00
5.045500000000000540e+00
6.645600000000001728e+00
9.626500000000000057e+00
1.375229999999999997e+01
1.992119999999999891e+01
2.765080000000000027e+01
3.654579999999999984e+01
4.827579999999999671e+01
6.356830000000000780e+01
7.289679999999998472e+01
8.668739999999998247e+01
9.883120000000000971e+01
1.047938000000000045e+02
1.152674000000000092e+02
1.247250000000000227e+02
1.322107000000000028e+02
1.369190999999999860e+02
1.463374999999999773e+02
1.508194999999999766e+02
1.559189000000000078e+02
1.566151000000000124e+02
1.627532999999999674e+02
1.668806999999999903e+02
1.698582000000000107e+02
1.725252999999999872e+02
1.747669000000000210e+02
1.783320999999999970e+02
1.799436000000000035e+02
1.807072000000000571e+02
1.835225000000000364e+02
1.856911000000000058e+02
1.861186999999999898e+02
1.864956999999999994e+02
1.886007999999999925e+02
1.890635000000000332e+02
1.904964999999999407e+02
1.912492000000000303e+02
1.921154000000000224e+02
1.932750000000000057e+02
1.935361000000000047e+02
1.939950999999999794e+02
1.943382000000000289e+02
1.943424000000000262e+02
1.952416000000000338e+02
1.961727999999999952e+02
1.961463999999999999e+02
1.964483999999999924e+02
1.967292999999999950e+02
1.968888000000000602e+02
1.969941000000000315e+02
1.976203000000000145e+02
1.977391999999999825e+02
1.980238000000000227e+02
1.980519999999999641e+02
1.983983999999999526e+02
1.984609000000000094e+02
1.984560999999999638e+02
1.985471000000000004e+02
1.988777000000000328e+02
1.987953000000000259e+02
1.990116999999999905e+02
1.989911999999999921e+02
1.990256999999999721e+02
1.992596999999999809e+02
1.990630000000000166e+02
1.992602000000000544e+02
1.992423000000000286e+02
1.993971999999999696e+02
1.994900999999999840e+02
1.996165000000000020e+02
1.996714999999999804e+02
1.993872999999999820e+02
1.995055999999999301e+02
1.996549999999999727e+02
1.996787999999999670e+02
1.998216999999999928e+02
1.996875000000000000e+02
1.997156000000000233e+02
1.997740000000000009e+02
1.998441000000000258e+02
1.996127999999999929e+02
1.997590999999999894e+02
1.999154000000000337e+02
1.998255000000000337e+02
1.999102000000000032e+02
1.998977000000000146e+02
