1.000000000000000000e+00
1.081599999999999895e+00
1.165200000000000014e+00
1.272400000000000198e+00
1.370500000000000052e+00
1.493700000000000250e+00
1.616400000000000503e+00
1.776999999999999691e+00
1.920299999999999674e+00
2.086899999999999533e+00
2.319799999999999862e+00
2.537500000000000089e+00
2.860200000000000298e+00
3.190599999999999437e+00
3.579299999999999926e+00
4.158400000000000318e+00
4.979800000000000004e+00
5.812699999999999534e+00
6.848299999999999166e+00
7.908800000000000274e+00
8.700099999999999056e+00
9.616300000000000736e+00
1.064200000000000301e+01
1.104209999999999958e+01
1.146340000000000003e+01
1.160940000000000261e+01
1.155319999999999681e+01
1.165259999999999785e+01
1.168109999999999893e+01
1.154030000000000022e+01
1.122760000000000069e+01
1.128049999999999642e+01
1.105690000000000062e+01
1.091340000000000110e+01
1.059330000000000105e+01
1.047049999999999947e+01
1.033160000000000167e+01
1.018870000000000076e+01
1.003919999999999924e+01
9.921300000000000452e+00
9.733200000000000074e+00
9.567299999999999471e+00
9.388699999999998269e+00
9.256100000000001771e+00
9.140999999999998238e+00
9.021399999999999864e+00
8.840399999999998926e+00
8.737700000000000244e+00
8.571400000000000574e+00
8.493199999999999861e+00
8.366799999999999571e+00
8.259300000000001418e+00
8.172200000000000131e+00
8.045400000000000773e+00
7.987499999999998934e+00
7.829600000000000115e+00
7.788900000000000823e+00
7.726900000000001434e+00
7.583700000000000330e+00
7.459900000000001086e+00
7.432799999999998519e+00
7.361699999999998134e+00
7.300499999999999545e+00
7.192900000000000738e+00
7.159499999999999531e+00
7.096200000000001396e+00
7.035000000000000142e+00
6.942000000000000171e+00
6.883899999999998798e+00
6.822700000000000209e+00
6.797899999999998499e+00
6.686100000000001486e+00
6.652800000000000047e+00
6.632800000000000473e+00
6.559900000000001619e+00
6.503800000000000026e+00
6.446099999999998609e+00
6.400399999999999423e+00
6.367799999999999017e+00
6.319799999999999862e+00
6.281199999999999228e+00
6.242599999999999483e+00
6.214300000000000601e+00
6.155600000000000627e+00
6.151500000000001300e+00
6.092800000000000438e+00
6.060099999999998488e+00
6.036200000000000010e+00
5.976199999999998624e+00
5.949199999999998489e+00
5.952300000000001035e+00
5.929700000000000415e+00
5.860899999999999999e+00
5.843300000000000161e+00
5.773799999999999599e+00
5.803899999999999615e+00
5.754900000000000126e+00
5.748499999999999055e+00
5.635200000000001097e+00
5.621899999999999231e+00
