1.000000000000000000e+00
1.080400000000000027e+00
1.165499999999999980e+00
1.271299999999999875e+00
1.367400000000000393e+00
1.475099999999999856e+00
1.597299999999999942e+00
1.754399999999999959e+00
1.927199999999999802e+00
2.110599999999999810e+00
2.304700000000000415e+00
2.561499999999999666e+00
2.822400000000000020e+00
3.145199999999999108e+00
3.613800000000000345e+00
4.172900000000000276e+00
4.884399999999999409e+00
5.718199999999998617e+00
6.759999999999999787e+00
7.829199999999999271e+00
9.032599999999998630e+00
9.884100000000000108e+00
1.056379999999999875e+01
1.117190000000000083e+01
1.133730000000000082e+01
1.153930000000000078e+01
1.172100000000000186e+01
1.159700000000000131e+01
1.160160000000000124e+01
1.147620000000000040e+01
1.141249999999999964e+01
1.126079999999999615e+01
1.106869999999999976e+01
1.087579999999999991e+01
1.082900000000000063e+01
1.054480000000000217e+01
1.046079999999999899e+01
1.024430000000000085e+01
9.975000000000001421e+00
9.847300000000000608e+00
9.719799999999999329e+00
9.566800000000000637e+00
9.440800000000001191e+00
9.249200000000000088e+00
9.151900000000001256e+00
9.005200000000000315e+00
8.839199999999999946e+00
8.753199999999999648e+00
8.553300000000000125e+00
8.504699999999999704e+00
8.375299999999997524e+00
8.296999999999998820e+00
8.143999999999998352e+00
8.046800000000001063e+00
7.969900000000000873e+00
7.874199999999998312e+00
7.774399999999998201e+00
7.701000000000001400e+00
7.583299999999999486e+00
7.550699999999999079e+00
7.463100000000000733e+00
7.376800000000000246e+00
7.298099999999999810e+00
7.207899999999998641e+00
7.136899999999998023e+00
7.081599999999999895e+00
7.052399999999998670e+00
6.929999999999999716e+00
6.914699999999998958e+00
6.817899999999998073e+00
6.740799999999999237e+00
6.738000000000002210e+00
6.684000000000000163e+00
6.620099999999998985e+00
6.563900000000000290e+00
6.481499999999999595e+00
6.436400000000002564e+00
6.395100000000000229e+00
6.370500000000000718e+00
6.312800000000001077e+00
6.281800000000000495e+00
6.248800000000000132e+00
6.191200000000000259e+00
6.160099999999999909e+00
6.125099999999999767e+00
6.121199999999999974e+00
6.062400000000001121e+00
6.033999999999998920e+00
5.980499999999999261e+00
5.975399999999999601e+00
5.934799999999999187e+00
5.918100000000001693e+00
5.878300000000000303e+00
5.842700000000000671e+00
5.811100000000001486e+00
5.786899999999999267e+00
5.743000000000000327e+00
5.724199999999999733e+00
5.669699999999998852e+00
5.666599999999999859e+00
