1.000000000000000000e+00
1.080400000000000027e+00
1.166199999999999903e+00
1.273700000000000276e+00
1.372600000000000264e+00
1.488099999999999978e+00
1.623499999999999943e+00
1.799199999999999910e+00
2.002500000000000391e+00
2.235399999999999832e+00
2.518200000000000216e+00
2.922900000000000276e+00
3.366599999999999593e+00
3.987999999999999545e+00
5.243100000000000982e+00
6.855500000000001037e+00
9.562999999999998835e+00
1.317700000000000315e+01
1.950429999999999708e+01
2.720530000000000115e+01
3.857359999999999900e+01
5.016030000000000655e+01
6.190760000000000218e+01
7.468490000000001316e+01
8.701570000000000960e+01
9.566429999999999723e+01
1.088936999999999955e+02
1.161071999999999917e+02
1.245512999999999693e+02
1.327793000000000063e+02
1.387147999999999968e+02
1.429652000000000100e+02
1.499416999999999973e+02
1.542416000000000054e+02
1.597628999999999735e+02
1.641722000000000037e+02
1.685771000000000015e+02
1.712633999999999617e+02
1.728994999999999607e+02
1.749562000000000239e+02
1.775803999999999689e+02
1.807558000000000220e+02
1.813509000000000242e+02
1.835514000000000010e+02
1.846624999999999943e+02
1.864093000000000302e+02
1.882827999999999804e+02
1.874877000000000180e+02
1.902357000000000085e+02
1.905470999999999435e+02
1.907689999999999770e+02
1.918100000000000307e+02
1.923982000000000028e+02
1.936597000000000151e+02
1.939018000000000086e+02
1.945701999999999998e+02
1.951235999999999819e+02
1.950998999999999910e+02
1.953238999999999521e+02
1.964063000000000159e+02
1.966916999999999689e+02
1.962231999999999914e+02
1.970777999999999395e+02
1.972574000000000183e+02
1.975625000000000000e+02
1.974557999999999822e+02
1.977489000000000203e+02
1.978918999999999926e+02
1.978224000000000160e+02
1.981906999999999925e+02
1.984579999999999984e+02
1.984729999999999563e+02
1.988284999999999627e+02
1.989144000000000290e+02
1.987988000000000000e+02
1.990546000000000220e+02
1.989528999999999996e+02
1.991771000000000242e+02
1.993059999999999548e+02
1.993279999999999461e+02
1.993868000000000507e+02
1.993862999999999772e+02
1.995880000000000223e+02
1.993722000000000492e+02
1.996786999999999637e+02
1.995784999999999911e+02
1.996221000000000743e+02
1.996462000000000216e+02
1.997494000000000369e+02
1.996931000000000438e+02
1.997368999999999915e+02
1.998516000000000474e+02
1.997201000000000306e+02
1.997340000000000373e+02
1.998127999999999815e+02
1.998977000000000430e+02
1.998709000000000060e+02
1.999139999999999873e+02
1.999120000000000061e+02
1.998091999999999757e+02
