1.000000000000000000e+00
1.091500000000000137e+00
1.170799999999999619e+00
1.267600000000000060e+00
1.368899999999999784e+00
1.510999999999999899e+00
1.666200000000000570e+00
1.818599999999999772e+00
1.985899999999999777e+00
2.208200000000000607e+00
2.476899999999999658e+00
2.820199999999999818e+00
3.427999999999999936e+00
4.047800000000000509e+00
5.199099999999999611e+00
6.613300000000000622e+00
8.856400000000000716e+00
1.444169999999999554e+01
1.903229999999999933e+01
2.737979999999999947e+01
3.628979999999999251e+01
4.875849999999999795e+01
6.169129999999999825e+01
7.566100000000000136e+01
8.555660000000000309e+01
9.564329999999999643e+01
1.078551000000000073e+02
1.154580000000000268e+02
1.252589000000000112e+02
1.321501999999999839e+02
1.401257999999999981e+02
1.446509000000000071e+02
1.523340000000000032e+02
1.561242000000000019e+02
1.586604999999999848e+02
1.641011999999999773e+02
1.678282000000000380e+02
1.701335000000000264e+02
1.718686999999999898e+02
1.749632999999999754e+02
1.771357000000000426e+02
1.791119999999999948e+02
1.819024999999999750e+02
1.824667000000000314e+02
1.837188000000000159e+02
1.856950999999999965e+02
1.869690000000000225e+02
1.882108000000000061e+02
1.893549999999999613e+02
1.904402999999999793e+02
1.920768999999999949e+02
1.920018000000000313e+02
1.925772999999999513e+02
1.936295000000000073e+02
1.939505999999999801e+02
1.942703999999999951e+02
1.950087999999999511e+02
1.949408999999999708e+02
1.952825999999999738e+02
1.963727999999999838e+02
1.962245000000000061e+02
1.967130999999999403e+02
1.968172999999999888e+02
1.973745000000000402e+02
1.976049999999999898e+02
1.976287000000000376e+02
1.978172999999999604e+02
1.980704999999999814e+02
1.980277999999999849e+02
1.983942000000000121e+02
1.982211000000000070e+02
1.984104999999999848e+02
1.987337000000000558e+02
1.987677999999999940e+02
1.986899000000000228e+02
1.990074999999999932e+02
1.990958000000000254e+02
1.988340000000000032e+02
1.993132000000000232e+02
1.992258999999999673e+02
1.993374999999999773e+02
1.993277999999999111e+02
1.994672000000000196e+02
1.994772999999999854e+02
1.993632000000000062e+02
1.995320000000000107e+02
1.996194000000000131e+02
1.996990000000000123e+02
1.996440000000000055e+02
1.996445999999999685e+02
1.996429000000000542e+02
1.997132000000000289e+02
1.997571999999999832e+02
1.997263000000000090e+02
1.998096999999999639e+02
1.997742000000000075e+02
1.998276999999999930e+02
1.997965000000000089e+02
1.998562000000000296e+02
1.998679000000000201e+02
