1.000000000000000000e+00
1.091400000000000148e+00
1.169499999999999762e+00
1.265299999999999869e+00
1.362599999999999367e+00
1.498799999999999910e+00
1.638499999999999623e+00
1.772399999999999753e+00
1.907100000000000017e+00
2.084900000000000198e+00
2.275499999999999634e+00
2.501900000000000457e+00
2.847099999999999742e+00
3.175899999999999945e+00
3.637500000000000622e+00
4.090499999999999581e+00
4.724999999999999645e+00
5.931300000000001127e+00
6.678700000000000081e+00
7.757799999999999585e+00
8.676700000000000301e+00
9.760199999999999321e+00
1.054880000000000173e+01
1.110859999999999914e+01
1.142689999999999806e+01
1.154360000000000142e+01
1.174569999999999936e+01
1.169500000000000384e+01
1.160660000000000025e+01
1.148809999999999931e+01
1.136279999999999824e+01
1.126859999999999751e+01
1.107980000000000054e+01
1.086519999999999975e+01
1.069700000000000273e+01
1.060079999999999956e+01
1.047130000000000116e+01
1.014589999999999925e+01
1.003499999999999837e+01
9.895000000000001350e+00
9.668599999999999639e+00
9.617299999999998406e+00
9.434999999999998721e+00
9.218400000000000816e+00
9.103600000000000136e+00
9.009400000000001185e+00
8.867400000000001725e+00
8.738299999999998846e+00
8.591000000000001080e+00
8.485799999999999343e+00
8.390499999999997627e+00
8.271699999999999164e+00
8.204299999999999926e+00
8.046900000000000830e+00
7.968000000000000860e+00
7.837600000000000122e+00
7.769999999999999574e+00
7.677799999999998626e+00
7.653400000000001313e+00
7.542000000000000703e+00
7.433300000000000018e+00
7.393199999999999328e+00
7.299199999999999910e+00
7.213600000000000456e+00
7.138900000000001356e+00
7.075099999999999056e+00
7.001500000000000945e+00
6.951199999999999157e+00
6.870499999999999829e+00
6.841599999999999682e+00
6.787499999999998757e+00
6.736299999999999066e+00
6.654599999999999405e+00
6.576899999999999302e+00
6.562099999999998268e+00
6.499899999999999345e+00
6.448400000000000354e+00
6.384499999999999176e+00
6.343300000000000161e+00
6.305399999999999672e+00
6.260099999999999554e+00
6.234399999999999054e+00
6.210699999999999221e+00
6.145900000000000141e+00
6.134100000000000108e+00
6.099800000000000999e+00
6.051600000000000534e+00
6.031499999999999417e+00
6.008799999999999031e+00
5.967299999999998938e+00
5.955899999999998862e+00
5.896999999999999353e+00
5.883600000000000385e+00
5.837200000000000166e+00
5.810899999999999288e+00
5.779900000000000482e+00
5.762299999999999756e+00
5.720599999999999241e+00
5.692299999999997695e+00
5.650599999999999845e+00
