1.000000000000000000e+00
1.084699999999999998e+00
1.174700000000000077e+00
1.273600000000000065e+00
1.390300000000000313e+00
1.500500000000000167e+00
1.649899999999999700e+00
1.819900000000000073e+00
2.005199999999999871e+00
2.221100000000000296e+00
2.545700000000000074e+00
2.898900000000000254e+00
3.446099999999999941e+00
4.226500000000000590e+00
5.300800000000000622e+00
6.969399999999999373e+00
9.416699999999996962e+00
1.319819999999999993e+01
2.006469999999999843e+01
2.725159999999999982e+01
3.735870000000000601e+01
4.876479999999999393e+01
6.244800000000000040e+01
7.437469999999999004e+01
8.598839999999998440e+01
9.693539999999998713e+01
1.045992000000000246e+02
1.151758999999999986e+02
1.258806999999999761e+02
1.320862000000000194e+02
1.389167000000000201e+02
1.461856999999999971e+02
1.510430999999999813e+02
1.542154000000000167e+02
1.584345999999999890e+02
1.635505999999999744e+02
1.668109999999999786e+02
1.702118000000000109e+02
1.727443999999999846e+02
1.765081999999999596e+02
1.778004000000000531e+02
1.794631000000000256e+02
1.817306999999999562e+02
1.833447000000000173e+02
1.850396999999999821e+02
1.867377000000000180e+02
1.868871999999999787e+02
1.884936000000000149e+02
1.892822999999999922e+02
1.899712999999999852e+02
1.901639999999999873e+02
1.920931999999999675e+02
1.929379000000000133e+02
1.931565999999999974e+02
1.933642999999999574e+02
1.942041000000000395e+02
1.950038000000000409e+02
1.950753000000000270e+02
1.959529000000000565e+02
1.960155999999999779e+02
1.962583000000000482e+02
1.967450000000000330e+02
1.968497999999999593e+02
1.972727999999999611e+02
1.973327999999999918e+02
1.977588000000000079e+02
1.976902000000000044e+02
1.980358999999999980e+02
1.980531000000000006e+02
1.986137000000000228e+02
1.986336999999999477e+02
1.986725000000000136e+02
1.987601999999999975e+02
1.986904999999999859e+02
1.986736000000000502e+02
1.988392000000000053e+02
1.990753999999999735e+02
1.991401999999999930e+02
1.992150999999999783e+02
1.995645000000000095e+02
1.995202999999999918e+02
1.992406000000000006e+02
1.993813999999999851e+02
1.994342000000000326e+02
1.995448000000000377e+02
1.995181000000000040e+02
1.996608000000000231e+02
1.996885000000000332e+02
1.996306000000000438e+02
1.996556999999999960e+02
1.997839000000000169e+02
1.997218999999999767e+02
1.998206000000000131e+02
1.998054000000000201e+02
1.998058999999999514e+02
1.997901999999999987e+02
1.998440000000000225e+02
1.999338999999999942e+02
1.999023000000000252e+02
1.999046000000000163e+02
