1.000000000000000000e+00
1.084699999999999998e+00
1.173499999999999988e+00
1.270600000000000174e+00
1.383599999999999941e+00
1.489600000000000257e+00
1.621199999999999752e+00
1.772799999999999931e+00
1.929200000000000248e+00
2.096199999999999619e+00
2.339099999999999735e+00
2.563699999999999868e+00
2.883700000000000152e+00
3.246999999999999886e+00
3.673599999999999977e+00
4.260100000000000442e+00
4.852000000000000313e+00
5.679400000000000226e+00
6.856099999999998751e+00
7.747800000000000686e+00
8.913100000000000023e+00
9.716000000000001080e+00
1.068419999999999881e+01
1.113360000000000127e+01
1.148159999999999847e+01
1.169050000000000011e+01
1.157230000000000025e+01
1.160909999999999798e+01
1.163290000000000113e+01
1.149800000000000111e+01
1.120879999999999832e+01
1.128430000000000000e+01
1.111470000000000269e+01
1.083380000000000187e+01
1.073239999999999839e+01
1.056610000000000049e+01
1.039489999999999981e+01
1.016800000000000104e+01
1.005879999999999797e+01
9.967599999999999127e+00
9.680799999999999628e+00
9.543699999999999406e+00
9.387999999999999901e+00
9.284200000000000230e+00
9.120099999999998985e+00
8.996199999999999974e+00
8.787200000000000344e+00
8.787799999999998946e+00
8.574799999999999756e+00
8.509199999999999875e+00
8.398299999999998988e+00
8.291999999999999815e+00
8.187900000000002620e+00
8.055900000000001171e+00
8.019399999999999196e+00
7.859199999999999520e+00
7.806899999999999729e+00
7.696600000000000108e+00
7.602500000000000036e+00
7.522800000000001930e+00
7.448199999999999044e+00
7.367000000000000881e+00
7.285599999999999632e+00
7.228600000000001025e+00
7.182000000000000384e+00
7.086999999999999744e+00
7.016900000000000581e+00
6.911000000000000476e+00
6.887400000000000411e+00
6.818300000000000693e+00
6.768899999999999473e+00
6.719699999999997786e+00
6.647000000000000242e+00
6.592100000000000293e+00
6.556599999999999540e+00
6.498499999999999055e+00
6.425900000000000389e+00
6.426099999999999035e+00
6.369900000000000340e+00
6.318999999999999950e+00
6.294500000000000206e+00
6.243499999999998273e+00
6.204499999999998572e+00
6.177100000000000257e+00
6.141999999999999460e+00
6.106800000000000672e+00
6.084100000000001174e+00
6.025700000000000500e+00
6.013600000000001167e+00
5.964600000000000790e+00
5.950700000000000323e+00
5.903499999999999304e+00
5.884600000000000719e+00
5.850299999999999834e+00
5.813699999999999868e+00
5.769000000000001016e+00
5.734400000000000830e+00
5.698699999999998766e+00
5.687400000000001121e+00
5.610800000000000232e+00
