1.000000000000000000e+00
1.078799999999999981e+00
1.177699999999999969e+00
1.267300000000000093e+00
1.369099999999999984e+00
1.500599999999999934e+00
1.642399999999999860e+00
1.818099999999999827e+00
2.004499999999999726e+00
2.215299999999999603e+00
2.554199999999999804e+00
2.811400000000000343e+00
3.426099999999999923e+00
4.021899999999999586e+00
5.205400000000000915e+00
6.872399999999998954e+00
9.581599999999998118e+00
1.379939999999999856e+01
1.995539999999999736e+01
2.651109999999999545e+01
3.771029999999998950e+01
5.084740000000000038e+01
6.140010000000000190e+01
7.471260000000000900e+01
8.861930000000000973e+01
9.657359999999999900e+01
1.077900000000000063e+02
1.145466000000000122e+02
1.232677999999999940e+02
1.323810999999999751e+02
1.387176000000000329e+02
1.446713000000000022e+02
1.511801000000000101e+02
1.562188000000000159e+02
1.582005000000000052e+02
1.633060000000000116e+02
1.678731999999999971e+02
1.693918999999999642e+02
1.733751000000000602e+02
1.749303000000000168e+02
1.775056999999999903e+02
1.787881999999999323e+02
1.817877000000000010e+02
1.824317000000000064e+02
1.839115000000000464e+02
1.860936000000000092e+02
1.875457999999999856e+02
1.882671000000000276e+02
1.896930000000000405e+02
1.905513999999999442e+02
1.908910999999999945e+02
1.924127999999999474e+02
1.930529000000000224e+02
1.932527000000000044e+02
1.936646000000000640e+02
1.943273000000000081e+02
1.948312000000000523e+02
1.951816999999999780e+02
1.954629999999999939e+02
1.958420000000000130e+02
1.964884000000000128e+02
1.970888999999999669e+02
1.968397999999999968e+02
1.975238000000000511e+02
1.973735000000000355e+02
1.976965999999999610e+02
1.979164999999999281e+02
1.981994999999999720e+02
1.984300000000000068e+02
1.983829999999999814e+02
1.984760000000000275e+02
1.984853000000000236e+02
1.985988000000000397e+02
1.988840000000000430e+02
1.989209999999999354e+02
1.990249000000000024e+02
1.990621000000000151e+02
1.991780000000000541e+02
1.990507000000000630e+02
1.994474999999999909e+02
1.994322999999999695e+02
1.994607000000000028e+02
1.994426999999999737e+02
1.993314999999999770e+02
1.995354000000000099e+02
1.996969999999999743e+02
1.995354999999999563e+02
1.996724000000000103e+02
1.995335000000000321e+02
1.995901000000000636e+02
1.996593000000000302e+02
1.998474000000000217e+02
1.998251000000000204e+02
1.997663000000000011e+02
1.996918000000000291e+02
1.997728000000000179e+02
1.999173999999999864e+02
1.997926999999999964e+02
1.998496999999999844e+02
1.998806000000000154e+02
