1.000000000000000000e+00
1.078799999999999981e+00
1.176600000000000090e+00
1.264500000000000179e+00
1.361999999999999877e+00
1.487500000000000044e+00
1.615100000000000202e+00
1.776599999999999735e+00
1.928399999999999670e+00
2.096799999999999997e+00
2.329500000000000348e+00
2.497700000000000475e+00
2.862600000000000033e+00
3.141100000000000669e+00
3.614700000000000468e+00
4.191100000000000492e+00
4.917899999999999494e+00
5.858600000000000030e+00
6.817099999999999049e+00
7.633899999999999686e+00
8.932399999999999451e+00
9.949999999999999289e+00
1.055550000000000210e+01
1.106289999999999907e+01
1.150109999999999921e+01
1.154979999999999762e+01
1.174340000000000295e+01
1.164629999999999832e+01
1.150399999999999778e+01
1.151820000000000199e+01
1.133279999999999887e+01
1.122429999999999772e+01
1.111600000000000144e+01
1.087959999999999994e+01
1.069779999999999909e+01
1.050889999999999880e+01
1.035839999999999961e+01
1.021080000000000076e+01
1.001589999999999847e+01
9.933500000000000441e+00
9.684200000000000585e+00
9.563799999999998747e+00
9.389900000000000801e+00
9.265399999999999636e+00
9.083500000000000796e+00
9.000199999999999534e+00
8.822400000000000020e+00
8.698800000000000310e+00
8.598899999999996879e+00
8.501700000000001367e+00
8.378299999999999415e+00
8.280000000000001137e+00
8.133499999999999730e+00
8.057499999999999218e+00
7.957299999999999152e+00
7.885400000000000631e+00
7.790000000000000036e+00
7.688499999999999446e+00
7.595200000000000173e+00
7.534999999999999254e+00
7.450199999999999712e+00
7.352000000000000313e+00
7.246500000000000163e+00
7.250499999999999723e+00
7.146399999999999864e+00
7.102300000000000502e+00
7.030500000000000860e+00
6.966500000000000803e+00
6.897099999999999120e+00
6.841000000000001080e+00
6.773900000000000254e+00
6.725200000000000067e+00
6.615600000000000591e+00
6.599600000000001465e+00
6.547999999999998266e+00
6.506399999999998407e+00
6.464800000000000324e+00
6.421700000000002184e+00
6.354100000000000747e+00
6.341899999999998983e+00
6.269799999999999152e+00
6.253499999999999837e+00
6.215499999999999581e+00
6.193399999999999572e+00
6.157399999999999096e+00
6.083299999999999486e+00
6.074000000000000732e+00
6.018799999999999706e+00
6.007700000000000706e+00
5.994800000000000573e+00
5.924500000000001876e+00
5.903900000000001036e+00
5.898700000000001609e+00
5.856300000000000061e+00
5.790500000000001535e+00
5.796000000000000263e+00
5.756999999999999673e+00
5.689399999999999125e+00
5.691199999999998482e+00
5.633399999999999963e+00
