1.000000000000000000e+00
1.084999999999999964e+00
1.182600000000000096e+00
1.261500000000000066e+00
1.376900000000000235e+00
1.497299999999999853e+00
1.634300000000000086e+00
1.736399999999999944e+00
1.903699999999999948e+00
2.110299999999999621e+00
2.323100000000000165e+00
2.551300000000000345e+00
2.798099999999999810e+00
3.118799999999999795e+00
3.588199999999999168e+00
4.228599999999999248e+00
4.987999999999999545e+00
5.756799999999998363e+00
6.650900000000000034e+00
7.913599999999999746e+00
8.768000000000000682e+00
9.953900000000000858e+00
1.056289999999999907e+01
1.102080000000000126e+01
1.151409999999999556e+01
1.148759999999999692e+01
1.169589999999999996e+01
1.162590000000000146e+01
1.159949999999999903e+01
1.161730000000000018e+01
1.142719999999999736e+01
1.126390000000000136e+01
1.101520000000000188e+01
1.090309999999999668e+01
1.071680000000000277e+01
1.048150000000000048e+01
1.042590000000000217e+01
1.023030000000000150e+01
1.004790000000000028e+01
9.885699999999999932e+00
9.670899999999999608e+00
9.557900000000000063e+00
9.473399999999999821e+00
9.279500000000000526e+00
9.112300000000002953e+00
8.977100000000000080e+00
8.844499999999998252e+00
8.726100000000000634e+00
8.594599999999998019e+00
8.539600000000000080e+00
8.379200000000000870e+00
8.296900000000000830e+00
8.158199999999999008e+00
8.084899999999999309e+00
7.952300000000001035e+00
7.880300000000000082e+00
7.744699999999999918e+00
7.681699999999999307e+00
7.611599999999999255e+00
7.538300000000000445e+00
7.451799999999996871e+00
7.379900000000000126e+00
7.279200000000000337e+00
7.248100000000000875e+00
7.149299999999998434e+00
7.066700000000000870e+00
7.004100000000001103e+00
7.003399999999999181e+00
6.914800000000000502e+00
6.821100000000000385e+00
6.773200000000000109e+00
6.707799999999998875e+00
6.639500000000001734e+00
6.595200000000001062e+00
6.550500000000000433e+00
6.473700000000000010e+00
6.434000000000000163e+00
6.388600000000001167e+00
6.353500000000000369e+00
6.326200000000000045e+00
6.298799999999999066e+00
6.240499999999998160e+00
6.179700000000000415e+00
6.169600000000001749e+00
6.136199999999998766e+00
6.094500000000000028e+00
6.056600000000000428e+00
6.034800000000001496e+00
6.031500000000001194e+00
5.959399999999999586e+00
5.921199999999999797e+00
5.923399999999999110e+00
5.878499999999998948e+00
5.849200000000000621e+00
5.821100000000001273e+00
5.782000000000000028e+00
5.762999999999999901e+00
5.706300000000001482e+00
5.712699999999999889e+00
5.620099999999998985e+00
