1.000000000000000000e+00
1.084999999999999964e+00
1.183700000000000196e+00
1.263199999999999878e+00
1.383100000000000662e+00
1.511999999999999567e+00
1.659900000000000375e+00
1.780599999999999961e+00
1.977100000000000302e+00
2.236700000000000355e+00
2.515299999999999425e+00
2.883399999999999963e+00
3.266900000000000137e+00
3.964900000000000535e+00
5.042999999999999261e+00
6.882999999999999119e+00
9.927599999999998204e+00
1.363499999999999979e+01
1.914630000000000010e+01
2.757380000000000209e+01
3.702949999999999875e+01
5.001320000000000476e+01
6.179819999999999425e+01
7.305059999999998865e+01
8.628319999999999368e+01
9.623469999999998947e+01
1.074838999999999771e+02
1.162699999999999818e+02
1.237762999999999920e+02
1.334247000000000014e+02
1.396738000000000000e+02
1.454491000000000156e+02
1.501995000000000005e+02
1.570925999999999760e+02
1.598120000000000118e+02
1.628370999999999924e+02
1.685704999999999814e+02
1.694257999999999811e+02
1.729695000000000107e+02
1.748995000000000175e+02
1.768237000000000307e+02
1.800286000000000399e+02
1.812003000000000270e+02
1.837102000000000146e+02
1.844708999999999719e+02
1.858340000000000032e+02
1.872573999999999899e+02
1.882592000000000212e+02
1.899531999999999528e+02
1.902122000000000241e+02
1.912739000000000260e+02
1.919488999999999521e+02
1.926315000000000168e+02
1.933598000000000070e+02
1.938246000000000038e+02
1.945859000000000378e+02
1.945211000000000467e+02
1.951174000000000035e+02
1.957290000000000134e+02
1.959533999999999878e+02
1.960365000000000180e+02
1.968488000000000397e+02
1.974456999999999596e+02
1.972032999999999561e+02
1.977451000000000079e+02
1.974945999999999628e+02
1.982741000000000042e+02
1.979806000000000381e+02
1.983436999999999841e+02
1.980425000000000466e+02
1.982333000000000141e+02
1.986060999999999694e+02
1.986934999999999718e+02
1.986758000000000095e+02
1.988540999999999883e+02
1.991078000000000259e+02
1.991937999999999818e+02
1.990810999999999922e+02
1.991877000000000066e+02
1.993563999999999510e+02
1.993905000000000030e+02
1.993896999999999764e+02
1.993769999999999811e+02
1.995430000000000348e+02
1.995671999999999855e+02
1.994086999999999819e+02
1.995304000000000428e+02
1.996293000000000006e+02
1.996750000000000114e+02
1.997220999999999833e+02
1.996512000000000171e+02
1.996834000000000060e+02
1.997766000000000304e+02
1.997920000000000016e+02
1.997893000000000256e+02
1.997821000000000708e+02
1.998550000000000466e+02
1.997515999999999678e+02
1.998536000000000001e+02
1.999187000000000296e+02
