1.000000000000000000e+00
1.082500000000000240e+00
1.173000000000000043e+00
1.275499999999999856e+00
1.364700000000000024e+00
1.481600000000000472e+00
1.633900000000000130e+00
1.763300000000000090e+00
1.903899999999999926e+00
2.072700000000000209e+00
2.286699999999999733e+00
2.586100000000000065e+00
2.843499999999999694e+00
3.184799999999999631e+00
3.556699999999999751e+00
4.080899999999998862e+00
4.877100000000000435e+00
5.605100000000001081e+00
6.908199999999999008e+00
7.983500000000000263e+00
8.939599999999998658e+00
9.898300000000000765e+00
1.044869999999999699e+01
1.098450000000000237e+01
1.141030000000000122e+01
1.153979999999999961e+01
1.177290000000000170e+01
1.162929999999999886e+01
1.160849999999999937e+01
1.157009999999999827e+01
1.138280000000000136e+01
1.124690000000000367e+01
1.105580000000000140e+01
1.085949999999999882e+01
1.079119999999999635e+01
1.061879999999999846e+01
1.033029999999999937e+01
1.010619999999999941e+01
1.002880000000000038e+01
9.856199999999999406e+00
9.731400000000000716e+00
9.573000000000000398e+00
9.409599999999999298e+00
9.262400000000003075e+00
9.106299999999999173e+00
8.992799999999999017e+00
8.909900000000000375e+00
8.774600000000001288e+00
8.663700000000000401e+00
8.527100000000000790e+00
8.360400000000000276e+00
8.292099999999999582e+00
8.160299999999999443e+00
8.055399999999998784e+00
7.954500000000000348e+00
7.865899999999999892e+00
7.765200000000000102e+00
7.693799999999998640e+00
7.631600000000000605e+00
7.523699999999999832e+00
7.446800000000000530e+00
7.358399999999999608e+00
7.293999999999999595e+00
7.230900000000000105e+00
7.127200000000000202e+00
7.074400000000000688e+00
7.034900000000000375e+00
6.919399999999999551e+00
6.908100000000001017e+00
6.824699999999999100e+00
6.755899999999999572e+00
6.702600000000000335e+00
6.639799999999999258e+00
6.597099999999999298e+00
6.522500000000000853e+00
6.522900000000000809e+00
6.464299999999999713e+00
6.392599999999999838e+00
6.345800000000000551e+00
6.306400000000000006e+00
6.271799999999999820e+00
6.251999999999998892e+00
6.203300000000000480e+00
6.167399999999998883e+00
6.121500000000001052e+00
6.123400000000000176e+00
6.080099999999998950e+00
6.045200000000001239e+00
6.004900000000000126e+00
6.002399999999999736e+00
5.945100000000000939e+00
5.913100000000000911e+00
5.882299999999999862e+00
5.848899999999998656e+00
5.822999999999999510e+00
5.796799999999999287e+00
5.743999999999999773e+00
5.697200000000000486e+00
5.650500000000000966e+00
5.655300000000000438e+00
