1.000000000000000000e+00
1.082600000000000229e+00
1.173899999999999944e+00
1.278100000000000014e+00
1.371400000000000396e+00
1.494700000000000362e+00
1.662399999999999878e+00
1.810699999999999976e+00
1.987100000000000088e+00
2.198399999999999910e+00
2.482399999999999718e+00
2.932699999999999640e+00
3.376500000000000501e+00
4.059499999999999886e+00
4.998400000000000176e+00
6.636099999999999888e+00
9.448799999999998533e+00
1.318980000000000175e+01
2.038180000000000192e+01
2.848090000000000188e+01
3.832159999999999656e+01
4.909539999999999793e+01
6.074510000000000787e+01
7.383450000000000557e+01
8.470579999999999643e+01
9.660309999999999775e+01
1.068528000000000020e+02
1.151898999999999944e+02
1.252760999999999996e+02
1.323692000000000064e+02
1.379988999999999919e+02
1.457872000000000128e+02
1.512523999999999660e+02
1.547569000000000017e+02
1.591181000000000267e+02
1.646943999999999733e+02
1.665931999999999960e+02
1.691915000000000191e+02
1.724609000000000378e+02
1.739433999999999969e+02
1.783372999999999990e+02
1.803128000000000384e+02
1.816674000000000149e+02
1.834124999999999943e+02
1.845874000000000024e+02
1.858482999999999947e+02
1.878667000000000087e+02
1.878730999999999653e+02
1.894866000000000099e+02
1.908761999999999830e+02
1.911495000000000744e+02
1.924056000000000211e+02
1.926388000000000602e+02
1.930992999999999995e+02
1.937344999999999686e+02
1.944049000000000262e+02
1.947082000000000050e+02
1.957872999999999877e+02
1.955106000000000108e+02
1.964004000000000190e+02
1.963602999999999952e+02
1.964632999999999754e+02
1.969165000000000134e+02
1.971987999999999772e+02
1.972487999999999602e+02
1.973026999999999589e+02
1.976176000000000101e+02
1.979538000000000011e+02
1.983673999999999751e+02
1.980356000000000165e+02
1.984117999999999711e+02
1.984686000000000092e+02
1.988425999999999760e+02
1.985501000000000431e+02
1.989718000000000018e+02
1.989860999999999649e+02
1.990665000000000475e+02
1.991761999999999944e+02
1.991514999999999702e+02
1.992533999999999992e+02
1.994874000000000080e+02
1.993442999999999756e+02
1.993984000000000094e+02
1.993966000000000065e+02
1.994547000000000025e+02
1.994690999999999690e+02
1.995366000000000213e+02
1.997572999999999581e+02
1.997586000000000013e+02
1.996698999999999842e+02
1.996268000000000029e+02
1.997182999999999709e+02
1.997212000000000387e+02
1.997552000000000021e+02
1.997872000000000412e+02
1.997763000000000204e+02
1.998713000000000193e+02
1.998798000000000457e+02
1.998242000000000189e+02
1.997608000000000175e+02
