1.000000000000000000e+00
1.078200000000000047e+00
1.181200000000000028e+00
1.277399999999999869e+00
1.393600000000000172e+00
1.509800000000000475e+00
1.632299999999999862e+00
1.803099999999999925e+00
2.007799999999999585e+00
2.208999999999999631e+00
2.474499999999999922e+00
2.894099999999999895e+00
3.360099999999999199e+00
4.152800000000000935e+00
5.282499999999999751e+00
6.841199999999999726e+00
9.530200000000000671e+00
1.360609999999999964e+01
1.964130000000000109e+01
2.795649999999999480e+01
3.638300000000000267e+01
5.011979999999999791e+01
5.891590000000000060e+01
7.216450000000000387e+01
8.763040000000000873e+01
9.637340000000000373e+01
1.056553000000000111e+02
1.143507999999999925e+02
1.250212999999999965e+02
1.327700000000000387e+02
1.355780000000000030e+02
1.451662999999999784e+02
1.522837999999999852e+02
1.539514000000000067e+02
1.603499999999999943e+02
1.642314000000000078e+02
1.673492999999999995e+02
1.689200999999999908e+02
1.735333999999999719e+02
1.760725999999999942e+02
1.772312000000000580e+02
1.802175999999999760e+02
1.804642999999999802e+02
1.828034000000000390e+02
1.850876000000000090e+02
1.857775999999999783e+02
1.877191999999999723e+02
1.882145999999999617e+02
1.890293999999999812e+02
1.905228000000000179e+02
1.915746000000000038e+02
1.925004999999999882e+02
1.925242000000000644e+02
1.938333000000000084e+02
1.934209000000000458e+02
1.947459000000000344e+02
1.947746999999999673e+02
1.951076000000000192e+02
1.956764999999999759e+02
1.960404000000000053e+02
1.965381999999999891e+02
1.963686999999999898e+02
1.967397999999999456e+02
1.971280000000000427e+02
1.973948999999999785e+02
1.977299000000000149e+02
1.977052000000000476e+02
1.982518000000000029e+02
1.982093000000000416e+02
1.980499000000000080e+02
1.985724000000000160e+02
1.986051999999999680e+02
1.986743999999999915e+02
1.987743000000000109e+02
1.991513999999999669e+02
1.990645000000000095e+02
1.991611000000000047e+02
1.991868000000000052e+02
1.991942000000000235e+02
1.992659999999999911e+02
1.994207999999999856e+02
1.995223999999999762e+02
1.993384999999999820e+02
1.993926000000000158e+02
1.995332000000000221e+02
1.994929000000000769e+02
1.995572000000000230e+02
1.997039999999999793e+02
1.996893000000000029e+02
1.997761999999999887e+02
1.997910000000000252e+02
1.995488000000000000e+02
1.997937000000000296e+02
1.996768000000000427e+02
1.998197000000000116e+02
1.997925999999999931e+02
1.998352999999999895e+02
1.997872999999999877e+02
1.999249999999999545e+02
1.997878999999999792e+02
