1.000000000000000000e+00
1.078000000000000069e+00
1.180400000000000116e+00
1.274299999999999766e+00
1.387999999999999901e+00
1.494600000000000151e+00
1.608100000000000085e+00
1.759899999999999798e+00
1.929299999999999793e+00
2.086699999999999999e+00
2.292500000000000426e+00
2.562500000000000000e+00
2.818300000000000249e+00
3.208199999999999719e+00
3.676599999999999646e+00
4.204500000000000348e+00
4.921499999999999098e+00
5.723400000000000709e+00
6.774599999999999511e+00
7.831000000000000405e+00
8.782799999999999940e+00
9.899300000000000210e+00
1.043629999999999924e+01
1.095310000000000095e+01
1.155210000000000115e+01
1.160280000000000022e+01
1.158549999999999969e+01
1.158210000000000051e+01
1.155039999999999978e+01
1.154390000000000072e+01
1.131940000000000346e+01
1.121700000000000053e+01
1.107919999999999838e+01
1.082559999999999967e+01
1.082339999999999947e+01
1.053009999999999913e+01
1.044439999999999813e+01
1.018989999999999974e+01
1.005629999999999846e+01
9.869799999999999685e+00
9.734200000000001296e+00
9.526099999999999568e+00
9.442099999999999937e+00
9.235199999999998965e+00
9.161299999999998889e+00
8.974800000000000111e+00
8.871800000000000352e+00
8.774800000000000821e+00
8.652800000000000935e+00
8.474099999999998190e+00
8.422399999999999665e+00
8.286400000000000432e+00
8.168200000000000571e+00
8.081699999999999662e+00
7.948999999999999844e+00
7.828100000000000946e+00
7.797399999999999665e+00
7.648499999999999410e+00
7.611399999999998833e+00
7.504499999999999282e+00
7.433599999999999319e+00
7.394800000000000928e+00
7.300699999999998191e+00
7.231200000000000294e+00
7.153299999999998882e+00
7.073699999999998766e+00
7.032000000000001805e+00
6.954199999999999271e+00
6.888400000000001633e+00
6.831399999999999473e+00
6.795699999999999186e+00
6.681899999999999729e+00
6.646799999999999820e+00
6.587500000000000355e+00
6.534600000000001074e+00
6.493400000000000283e+00
6.452999999999999403e+00
6.416299999999999670e+00
6.391700000000001936e+00
6.322900000000001519e+00
6.262399999999998634e+00
6.244899999999998563e+00
6.215299999999998271e+00
6.143000000000000682e+00
6.126900000000000901e+00
6.092100000000000293e+00
6.084999999999999964e+00
6.028599999999999959e+00
6.001300000000001411e+00
5.999200000000000976e+00
5.944299999999999251e+00
5.919699999999998852e+00
5.857800000000001006e+00
5.841500000000000803e+00
5.820700000000001317e+00
5.779699999999999172e+00
5.731799999999999784e+00
5.702999999999998515e+00
5.682000000000000384e+00
5.617100000000000648e+00
