1.000000000000000000e+00
1.080000000000000071e+00
1.163899999999999935e+00
1.274399999999999977e+00
1.369699999999999696e+00
1.505499999999999838e+00
1.620600000000000263e+00
1.766099999999999781e+00
1.921700000000000186e+00
2.087400000000000588e+00
2.311599999999999877e+00
2.521599999999999842e+00
2.840999999999999748e+00
3.189399999999999569e+00
3.617500000000000160e+00
4.156900000000000261e+00
4.882600000000000051e+00
5.727799999999999336e+00
6.528800000000000381e+00
7.746199999999999086e+00
8.914600000000000080e+00
9.746199999999999974e+00
1.054490000000000016e+01
1.092450000000000010e+01
1.134479999999999933e+01
1.157949999999999768e+01
1.177380000000000138e+01
1.168339999999999890e+01
1.162439999999999785e+01
1.137440000000000140e+01
1.136689999999999756e+01
1.121039999999999992e+01
1.112559999999999860e+01
1.093649999999999878e+01
1.074069999999999858e+01
1.057450000000000045e+01
1.039179999999999815e+01
1.013669999999999938e+01
1.002089999999999925e+01
9.901000000000001577e+00
9.734500000000000597e+00
9.546999999999998820e+00
9.428099999999998815e+00
9.258800000000000807e+00
9.078599999999999781e+00
8.936300000000001020e+00
8.828400000000002024e+00
8.759699999999998710e+00
8.629599999999999937e+00
8.501300000000000523e+00
8.389899999999999025e+00
8.264500000000001734e+00
8.137799999999998590e+00
8.048700000000000188e+00
7.944399999999999018e+00
7.873599999999999710e+00
7.793000000000001037e+00
7.682000000000000384e+00
7.595099999999999518e+00
7.552900000000001057e+00
7.439099999999998936e+00
7.388700000000000045e+00
7.301900000000000723e+00
7.217599999999999127e+00
7.172100000000001252e+00
7.047500000000000320e+00
7.029700000000000060e+00
6.988599999999999923e+00
6.896300000000000097e+00
6.801400000000000112e+00
6.780000000000000249e+00
6.681100000000001593e+00
6.649600000000000399e+00
6.603400000000000603e+00
6.555000000000001492e+00
6.498399999999999288e+00
6.433600000000000207e+00
6.440699999999999648e+00
6.383399999999999963e+00
6.302100000000000257e+00
6.285799999999999166e+00
6.241600000000000037e+00
6.201400000000001356e+00
6.180500000000000327e+00
6.146899999999999586e+00
6.095500000000000362e+00
6.064099999999998936e+00
6.035099999999999909e+00
6.002900000000002123e+00
5.967099999999999405e+00
5.937900000000000844e+00
5.929800000000000182e+00
5.874600000000000044e+00
5.871999999999998998e+00
5.793899999999999828e+00
5.762400000000000411e+00
5.757199999999999207e+00
5.704600000000001891e+00
5.669199999999998241e+00
5.646100000000000563e+00
