1.000000000000000000e+00
1.080100000000000060e+00
1.164500000000000313e+00
1.276999999999999913e+00
1.374899999999999789e+00
1.519099999999999895e+00
1.645200000000000440e+00
1.813099999999999712e+00
1.997199999999999642e+00
2.200899999999999856e+00
2.514600000000000168e+00
2.840599999999999348e+00
3.397599999999999731e+00
4.105900000000000105e+00
5.086200000000000720e+00
6.797799999999999621e+00
9.514000000000001123e+00
1.353730000000000011e+01
1.806080000000000041e+01
2.733639999999999404e+01
3.728409999999999513e+01
4.786539999999999395e+01
6.196500000000001052e+01
7.133140000000000214e+01
8.477609999999999957e+01
9.545609999999996376e+01
1.094693000000000040e+02
1.161129000000000104e+02
1.248392000000000195e+02
1.310644999999999811e+02
1.399447999999999865e+02
1.465319000000000074e+02
1.504294999999999902e+02
1.553320999999999970e+02
1.601713000000000022e+02
1.636458000000000084e+02
1.666516999999999484e+02
1.691417000000000144e+02
1.729041000000000849e+02
1.758613000000000000e+02
1.778648000000000309e+02
1.794454999999999529e+02
1.815867999999999540e+02
1.837668000000000461e+02
1.842865999999999644e+02
1.851869999999999266e+02
1.874908000000000072e+02
1.878605999999999767e+02
1.896780999999999722e+02
1.903696999999999662e+02
1.916463999999999999e+02
1.922595999999999776e+02
1.927425000000000068e+02
1.924885000000000161e+02
1.938035000000000139e+02
1.946330000000000382e+02
1.948150999999999726e+02
1.955959999999999752e+02
1.956034999999999968e+02
1.961706000000000358e+02
1.962344000000000221e+02
1.969860000000000184e+02
1.970460999999999672e+02
1.971161999999999921e+02
1.977383000000000095e+02
1.976220999999999606e+02
1.979233000000000402e+02
1.980490000000000066e+02
1.982101000000000681e+02
1.980752999999999986e+02
1.985523000000000025e+02
1.985298000000000229e+02
1.986591999999999700e+02
1.986498999999999739e+02
1.988034000000000106e+02
1.990473999999999819e+02
1.990869999999999607e+02
1.991356999999999573e+02
1.991244000000000369e+02
1.994140000000000157e+02
1.994622999999999990e+02
1.994307000000000016e+02
1.992639000000000351e+02
1.994575999999999567e+02
1.995886000000000422e+02
1.995845000000000198e+02
1.994548000000000343e+02
1.995085999999999444e+02
1.997158999999999764e+02
1.997229999999999848e+02
1.995343999999999767e+02
1.995764000000000351e+02
1.997067000000000689e+02
1.998925000000000125e+02
1.997474000000000558e+02
1.997823999999999671e+02
1.998233000000000175e+02
1.997906000000000404e+02
1.997776000000000067e+02
1.998505000000000678e+02
