1.000000000000000000e+00
1.079600000000000115e+00
1.174800000000000066e+00
1.262299999999999978e+00
1.379599999999999715e+00
1.493099999999999650e+00
1.615500000000000158e+00
1.781299999999999883e+00
1.907300000000000217e+00
2.104600000000000026e+00
2.310299999999999798e+00
2.567900000000000293e+00
2.833400000000000141e+00
3.164599999999999635e+00
3.580399999999999583e+00
4.040300000000000225e+00
4.839899999999999203e+00
5.691599999999998438e+00
6.736200000000000188e+00
7.837699999999999889e+00
8.877299999999999969e+00
9.691299999999998249e+00
1.057469999999999999e+01
1.106939999999999991e+01
1.159400000000000119e+01
1.152950000000000053e+01
1.166720000000000113e+01
1.167430000000000057e+01
1.163279999999999959e+01
1.136870000000000047e+01
1.132749999999999702e+01
1.124009999999999998e+01
1.104140000000000299e+01
1.089899999999999913e+01
1.077669999999999462e+01
1.058779999999999966e+01
1.036780000000000257e+01
1.020710000000000228e+01
1.001360000000000205e+01
9.890599999999999170e+00
9.719199999999998951e+00
9.579100000000000392e+00
9.463799999999999102e+00
9.208099999999999952e+00
9.093599999999998573e+00
8.982900000000000773e+00
8.830100000000001614e+00
8.695399999999999352e+00
8.602600000000000691e+00
8.500099999999999767e+00
8.352499999999999147e+00
8.249400000000001398e+00
8.163299999999999557e+00
8.097999999999998977e+00
7.997899999999999565e+00
7.894699999999997608e+00
7.800500000000000433e+00
7.742199999999999527e+00
7.602399999999999380e+00
7.497999999999999332e+00
7.438999999999998280e+00
7.360899999999999110e+00
7.274899999999999700e+00
7.229199999999999626e+00
7.152799999999998271e+00
7.098200000000000287e+00
7.019800000000000040e+00
6.974899999999998990e+00
6.886599999999999611e+00
6.851400000000000823e+00
6.790000000000000924e+00
6.721300000000000274e+00
6.652800000000000047e+00
6.600800000000000445e+00
6.557900000000000951e+00
6.473799999999999777e+00
6.443600000000000882e+00
6.414499999999999424e+00
6.378600000000000492e+00
6.313199999999999257e+00
6.268899999999998585e+00
6.232899999999999885e+00
6.190799999999999415e+00
6.161699999999998845e+00
6.141300000000000203e+00
6.104000000000000092e+00
6.071299999999999031e+00
6.019000000000001016e+00
6.014599999999998836e+00
5.988599999999999923e+00
5.954999999999997407e+00
5.903800000000000381e+00
5.888200000000001211e+00
5.853400000000001491e+00
5.810300000000000686e+00
5.787599999999998523e+00
5.737300000000000288e+00
5.693299999999998917e+00
5.692899999999999849e+00
5.610200000000000742e+00
