1.000000000000000000e+00
1.079700000000000104e+00
1.175999999999999934e+00
1.265699999999999825e+00
1.384899999999999798e+00
1.509299999999999864e+00
1.641100000000000225e+00
1.830200000000000049e+00
1.985600000000000254e+00
2.237699999999999800e+00
2.512799999999999923e+00
2.907399999999999540e+00
3.413500000000000423e+00
4.020599999999999952e+00
5.119399999999999729e+00
6.508799999999999919e+00
9.314999999999999503e+00
1.326000000000000156e+01
1.953110000000000213e+01
2.801120000000000232e+01
3.700900000000000034e+01
4.793090000000000117e+01
6.075889999999999702e+01
7.544570000000000221e+01
8.764849999999998431e+01
9.613749999999998863e+01
1.080129000000000019e+02
1.163138999999999754e+02
1.256456000000000017e+02
1.310884999999999820e+02
1.389595000000000198e+02
1.465057000000000187e+02
1.507420999999999935e+02
1.564067000000000291e+02
1.599489999999999839e+02
1.631908999999999992e+02
1.665392999999999972e+02
1.704410000000000309e+02
1.720785999999999660e+02
1.751091000000000122e+02
1.780382999999999356e+02
1.798688999999999965e+02
1.824129999999999825e+02
1.827064000000000021e+02
1.844066999999999723e+02
1.869180000000000348e+02
1.873516000000000474e+02
1.882175000000000011e+02
1.892351999999999634e+02
1.901867000000000303e+02
1.916493000000000109e+02
1.918718000000000075e+02
1.936139000000000294e+02
1.932591999999999928e+02
1.939159999999999968e+02
1.949285000000000139e+02
1.949453999999999780e+02
1.952246999999999844e+02
1.959820999999999458e+02
1.963625000000000398e+02
1.966930999999999869e+02
1.970327000000000055e+02
1.972857000000000198e+02
1.973630000000000280e+02
1.975018999999999778e+02
1.976071999999999775e+02
1.975828999999999951e+02
1.979916000000000054e+02
1.982949000000000126e+02
1.983325000000000102e+02
1.981894000000000347e+02
1.983471000000000402e+02
1.989270999999999674e+02
1.989235999999999933e+02
1.987426999999999566e+02
1.989433000000000220e+02
1.988966000000000065e+02
1.993303999999999689e+02
1.990556000000000267e+02
1.993290999999999542e+02
1.994088000000000136e+02
1.993444000000000358e+02
1.994864999999999498e+02
1.995062999999999818e+02
1.994119000000000312e+02
1.996713999999999487e+02
1.995018999999999778e+02
1.994522000000000048e+02
1.996421000000000561e+02
1.997513000000000147e+02
1.997396999999999707e+02
1.997754000000000474e+02
1.998294999999999959e+02
1.997828000000000372e+02
1.998867000000000473e+02
1.998144000000000347e+02
1.998337000000000216e+02
1.998596000000000288e+02
1.998310000000000173e+02
1.997874000000000194e+02
