1.000000000000000000e+00
1.081099999999999950e+00
1.176099999999999923e+00
1.271600000000000064e+00
1.384700000000000042e+00
1.481099999999999639e+00
1.633800000000000141e+00
1.774200000000000221e+00
2.017500000000000071e+00
2.257399999999999629e+00
2.491800000000000015e+00
2.785899999999999821e+00
3.382499999999999396e+00
4.073699999999999655e+00
5.081900000000000084e+00
6.755099999999998772e+00
9.242200000000000415e+00
1.306329999999999991e+01
1.911039999999999850e+01
2.613179999999999836e+01
3.515990000000000038e+01
4.779890000000001038e+01
6.099880000000000280e+01
7.163300000000000978e+01
8.574850000000000705e+01
9.672719999999999629e+01
1.074788999999999817e+02
1.171719000000000079e+02
1.214470000000000027e+02
1.302885999999999740e+02
1.384446999999999832e+02
1.441497999999999706e+02
1.521715000000000089e+02
1.532723000000000013e+02
1.590258000000000038e+02
1.638245000000000005e+02
1.673800999999999704e+02
1.700842000000000098e+02
1.731363000000000056e+02
1.758773999999999660e+02
1.771890000000000214e+02
1.793607000000000085e+02
1.826834999999999525e+02
1.831710999999999956e+02
1.843345999999999947e+02
1.859523000000000081e+02
1.875269999999999584e+02
1.887789000000000215e+02
1.896380000000000052e+02
1.904532999999999845e+02
1.915654999999999859e+02
1.920929999999999609e+02
1.929533999999999878e+02
1.931944000000000585e+02
1.943388999999999953e+02
1.946611999999999796e+02
1.946140000000000043e+02
1.954730000000000416e+02
1.955931999999999960e+02
1.960536999999999921e+02
1.959498999999999853e+02
1.967497000000000185e+02
1.970452999999999975e+02
1.971175000000000068e+02
1.973224000000000160e+02
1.976983000000000175e+02
1.979890000000000612e+02
1.979861000000000502e+02
1.981516000000000304e+02
1.982528000000000361e+02
1.984592000000000098e+02
1.986338999999999828e+02
1.987118000000000393e+02
1.987297000000000082e+02
1.988153999999999257e+02
1.989900000000000091e+02
1.992716000000000349e+02
1.992542999999999722e+02
1.992516999999999712e+02
1.992691000000000088e+02
1.994677999999999827e+02
1.994123999999999910e+02
1.992323999999999842e+02
1.992383000000000095e+02
1.995433999999999628e+02
1.996003000000000327e+02
1.994235999999999933e+02
1.996430000000000291e+02
1.996568000000000325e+02
1.996393999999999949e+02
1.997215000000000487e+02
1.995728000000000293e+02
1.998137999999999863e+02
1.997572999999999865e+02
1.998362000000000194e+02
1.998717999999999790e+02
1.998218000000000529e+02
1.998601999999999919e+02
1.998812000000000637e+02
1.999165999999999883e+02
