1.000000000000000000e+00
1.080999999999999961e+00
1.175500000000000211e+00
1.269300000000000095e+00
1.378699999999999815e+00
1.467899999999999539e+00
1.611200000000000410e+00
1.732600000000000140e+00
1.939100000000000268e+00
2.114700000000000024e+00
2.297899999999999832e+00
2.495200000000000085e+00
2.834699999999999331e+00
3.181400000000000006e+00
3.600000000000000089e+00
4.135799999999999699e+00
4.834999999999999964e+00
5.669900000000000162e+00
6.674199999999998134e+00
7.626999999999998892e+00
8.617100000000000648e+00
9.724700000000002120e+00
1.053099999999999881e+01
1.102059999999999640e+01
1.140900000000000070e+01
1.156359999999999921e+01
1.168219999999999814e+01
1.168359999999999665e+01
1.146949999999999825e+01
1.149359999999999893e+01
1.133029999999999760e+01
1.122670000000000101e+01
1.113570000000000171e+01
1.091280000000000250e+01
1.065310000000000201e+01
1.052529999999999966e+01
1.038580000000000148e+01
1.024210000000000065e+01
1.006530000000000058e+01
9.909599999999999298e+00
9.702500000000000568e+00
9.530799999999999272e+00
9.418799999999999173e+00
9.255100000000000549e+00
9.105499999999999261e+00
8.971400000000000929e+00
8.817099999999999937e+00
8.703500000000000014e+00
8.678699999999999193e+00
8.479700000000001125e+00
8.378100000000001657e+00
8.284200000000000230e+00
8.203699999999999548e+00
8.085999999999998522e+00
7.972399999999998599e+00
7.881799999999999251e+00
7.767499999999999183e+00
7.652999999999999581e+00
7.608799999999999564e+00
7.548100000000000698e+00
7.479899999999998883e+00
7.407399999999999984e+00
7.320999999999998842e+00
7.246999999999998998e+00
7.164099999999999469e+00
7.085400000000000809e+00
6.991899999999999338e+00
6.940400000000000347e+00
6.882899999999999352e+00
6.826100000000001167e+00
6.758800000000000807e+00
6.696399999999998798e+00
6.661799999999999500e+00
6.597200000000001729e+00
6.565800000000000303e+00
6.504900000000000126e+00
6.434899999999999842e+00
6.400700000000000500e+00
6.352300000000000502e+00
6.304500000000000881e+00
6.262299999999998867e+00
6.239599999999998481e+00
6.202399999999999913e+00
6.162600000000000300e+00
6.145199999999999996e+00
6.087600000000000122e+00
6.064799999999999969e+00
6.039199999999999235e+00
6.009700000000000486e+00
5.982899999999999885e+00
5.956399999999998585e+00
5.905399999999999316e+00
5.874200000000000976e+00
5.853899999999999437e+00
5.802100000000000257e+00
5.762599999999999056e+00
5.774099999999999788e+00
5.707399999999999807e+00
5.707699999999999996e+00
5.619900000000000340e+00
