1.000000000000000000e+00
1.083099999999999952e+00
1.166599999999999859e+00
1.267400000000000082e+00
1.380999999999999561e+00
1.477900000000000214e+00
1.606399999999999828e+00
1.770699999999999719e+00
1.905299999999999994e+00
2.099099999999999966e+00
2.316300000000000026e+00
2.528000000000000025e+00
2.829200000000000603e+00
3.176600000000000978e+00
3.601000000000000423e+00
4.112000000000000988e+00
4.866900000000000226e+00
5.692800000000000971e+00
6.785500000000000753e+00
7.882600000000001828e+00
8.940099999999999270e+00
9.838799999999999102e+00
1.053570000000000206e+01
1.108349999999999724e+01
1.152459999999999951e+01
1.162749999999999773e+01
1.169769999999999932e+01
1.170540000000000447e+01
1.163189999999999991e+01
1.154250000000000220e+01
1.129010000000000069e+01
1.114110000000000156e+01
1.102399999999999913e+01
1.095989999999999931e+01
1.074809999999999910e+01
1.054209999999999958e+01
1.044759999999999955e+01
1.026330000000000098e+01
1.006299999999999883e+01
9.910900000000001597e+00
9.725500000000000256e+00
9.506099999999998218e+00
9.443299999999998917e+00
9.274500000000001521e+00
9.147299999999999542e+00
9.008599999999999497e+00
8.841200000000000614e+00
8.695599999999998886e+00
8.646900000000002251e+00
8.452600000000000335e+00
8.406499999999999417e+00
8.280200000000000671e+00
8.152499999999999858e+00
8.046800000000001063e+00
7.953599999999999781e+00
7.878700000000001147e+00
7.752899999999999459e+00
7.731200000000000294e+00
7.565199999999997260e+00
7.508200000000000429e+00
7.432400000000001228e+00
7.363900000000000112e+00
7.290199999999999569e+00
7.224499999999999034e+00
7.129599999999999937e+00
7.087399999999997924e+00
7.053600000000000314e+00
6.953799999999997539e+00
6.886299999999996757e+00
6.810299999999999798e+00
6.777499999999999858e+00
6.706800000000000317e+00
6.675500000000000433e+00
6.616399999999999615e+00
6.561499999999999666e+00
6.526800000000000601e+00
6.461499999999998245e+00
6.390299999999999869e+00
6.353000000000001535e+00
6.316400000000002457e+00
6.274299999999999322e+00
6.230599999999999028e+00
6.198199999999999044e+00
6.171599999999998865e+00
6.161299999999999777e+00
6.129199999999999982e+00
6.061099999999999710e+00
6.045700000000000074e+00
6.013499999999998735e+00
5.971799999999999109e+00
5.929300000000000459e+00
5.925600000000000200e+00
5.860500000000000931e+00
5.843499999999998806e+00
5.805799999999999628e+00
5.789100000000002133e+00
5.754800000000000360e+00
5.719700000000000450e+00
5.663700000000001289e+00
5.654700000000000060e+00
