1.000000000000000000e+00
1.083200000000000163e+00
1.167000000000000259e+00
1.270199999999999996e+00
1.386499999999999844e+00
1.494400000000000173e+00
1.632299999999999862e+00
1.813000000000000167e+00
1.977500000000000036e+00
2.214399999999999924e+00
2.542500000000000426e+00
2.845600000000000129e+00
3.383100000000000218e+00
4.041199999999999903e+00
5.087900000000001199e+00
6.614999999999997549e+00
9.460300000000000153e+00
1.331100000000000172e+01
1.999170000000000158e+01
2.800310000000000343e+01
3.816850000000000165e+01
4.947810000000000485e+01
6.029950000000000898e+01
7.377200000000000557e+01
8.649649999999999750e+01
9.629169999999997742e+01
1.065066000000000201e+02
1.174656000000000091e+02
1.239662000000000148e+02
1.326652000000000271e+02
1.371076999999999941e+02
1.447283999999999935e+02
1.495241999999999791e+02
1.549443000000000268e+02
1.588391000000000304e+02
1.633914000000000328e+02
1.659234000000000151e+02
1.697204000000000121e+02
1.733427000000000078e+02
1.763324000000000069e+02
1.783520000000000039e+02
1.794426999999999737e+02
1.820433999999999628e+02
1.836412999999999727e+02
1.851000999999999976e+02
1.861970999999999492e+02
1.872883000000000209e+02
1.891008000000000209e+02
1.895625999999999749e+02
1.909126999999999725e+02
1.914900999999999840e+02
1.926984999999999957e+02
1.924491999999999905e+02
1.934795000000000300e+02
1.938072000000000230e+02
1.946450000000000387e+02
1.947568999999999448e+02
1.953469999999999800e+02
1.953095000000000425e+02
1.959281999999999471e+02
1.963379000000000474e+02
1.968205999999999278e+02
1.970133000000000152e+02
1.971154999999999973e+02
1.973941000000000088e+02
1.975947000000000173e+02
1.976440999999999519e+02
1.978186999999999500e+02
1.979102999999999781e+02
1.983017000000000110e+02
1.983023999999999774e+02
1.986966999999999359e+02
1.986143000000000143e+02
1.989858000000000118e+02
1.991260999999999797e+02
1.988614000000000033e+02
1.992155999999999665e+02
1.988485000000000298e+02
1.989084999999999752e+02
1.992864000000000431e+02
1.994055000000000177e+02
1.992875999999999408e+02
1.993243999999999971e+02
1.993971999999999980e+02
1.996158000000000072e+02
1.994544000000000210e+02
1.996312000000000353e+02
1.997170000000000130e+02
1.996982000000000426e+02
1.996832999999999743e+02
1.995625000000000000e+02
1.997131000000000256e+02
1.997571000000000367e+02
1.997989000000000033e+02
1.998136999999999830e+02
1.997430999999999699e+02
1.998385999999999569e+02
1.998974000000000046e+02
1.999246999999999730e+02
1.998703000000000145e+02
