1.000000000000000000e+00
1.078400000000000025e+00
1.173899999999999944e+00
1.263700000000000045e+00
1.378900000000000237e+00
1.509299999999999864e+00
1.649199999999999777e+00
1.802500000000000213e+00
2.013699999999999601e+00
2.196799999999999642e+00
2.549199999999999910e+00
2.858000000000000096e+00
3.332899999999999530e+00
4.107000000000000206e+00
4.949900000000000411e+00
7.183900000000001285e+00
9.325099999999999056e+00
1.411310000000000109e+01
1.955959999999999965e+01
2.641669999999999519e+01
3.666610000000000014e+01
4.857159999999999656e+01
6.123870000000000147e+01
7.221970000000001733e+01
8.383030000000000825e+01
9.770309999999999206e+01
1.055843999999999880e+02
1.137669000000000210e+02
1.245306999999999960e+02
1.342019999999999982e+02
1.384100999999999999e+02
1.453893999999999949e+02
1.497316999999999894e+02
1.548608000000000118e+02
1.606328999999999780e+02
1.642269000000000290e+02
1.672917000000000201e+02
1.699386999999999546e+02
1.727213000000000136e+02
1.749565000000000055e+02
1.785181000000000040e+02
1.793628999999999962e+02
1.813491999999999962e+02
1.833644999999999641e+02
1.848917999999999893e+02
1.861209999999999809e+02
1.868178999999999803e+02
1.880459000000000458e+02
1.890869000000000142e+02
1.905577999999999861e+02
1.917720999999999947e+02
1.923396000000000186e+02
1.927598000000000411e+02
1.940785999999999660e+02
1.939265000000000043e+02
1.941752000000000180e+02
1.950857000000000028e+02
1.953204000000000065e+02
1.960102000000000544e+02
1.961672000000000082e+02
1.963754999999999882e+02
1.964025000000000034e+02
1.967377000000000180e+02
1.971297000000000139e+02
1.975061000000000035e+02
1.977137000000000171e+02
1.978341000000000349e+02
1.978181000000000154e+02
1.979192999999999927e+02
1.982975999999999885e+02
1.983969000000000165e+02
1.984618000000000109e+02
1.986450999999999851e+02
1.986419000000000494e+02
1.991091999999999587e+02
1.988824000000000183e+02
1.991543000000000347e+02
1.992250999999999976e+02
1.992344999999999970e+02
1.992784000000000049e+02
1.994745000000000061e+02
1.993797999999999888e+02
1.994467000000000212e+02
1.996008000000000493e+02
1.994506999999999834e+02
1.995079999999999814e+02
1.996327000000000851e+02
1.997233000000000231e+02
1.996959999999999411e+02
1.998564000000000078e+02
1.996458999999999548e+02
1.997797000000000196e+02
1.998095000000000141e+02
1.998924999999999557e+02
1.998251000000000488e+02
1.997475000000000023e+02
1.998591999999999871e+02
1.998987999999999658e+02
1.998746999999999616e+02
1.998292999999999608e+02
