1.000000000000000000e+00
1.078200000000000047e+00
1.173000000000000043e+00
1.261600000000000055e+00
1.372200000000000308e+00
1.496899999999999897e+00
1.622299999999999853e+00
1.757900000000000018e+00
1.927200000000000024e+00
2.068599999999999994e+00
2.337200000000000166e+00
2.539500000000000313e+00
2.820999999999999730e+00
3.206299999999999262e+00
3.552199999999999580e+00
4.258300000000000196e+00
4.821100000000000385e+00
5.882300000000001639e+00
6.761699999999999378e+00
7.714899999999999203e+00
8.777499999999998082e+00
9.736699999999999022e+00
1.053360000000000163e+01
1.096660000000000323e+01
1.127150000000000318e+01
1.163120000000000154e+01
1.169040000000000390e+01
1.158010000000000161e+01
1.168800000000000239e+01
1.160380000000000145e+01
1.133049999999999891e+01
1.127429999999999843e+01
1.108499999999999730e+01
1.083469999999999800e+01
1.078000000000000291e+01
1.057829999999999870e+01
1.038829999999999742e+01
1.025880000000000081e+01
1.000489999999999924e+01
9.880400000000001626e+00
9.759800000000000253e+00
9.617800000000000793e+00
9.426299999999999457e+00
9.288100000000001799e+00
9.114900000000000446e+00
9.051700000000000301e+00
8.864300000000000068e+00
8.689999999999999503e+00
8.581500000000000128e+00
8.437599999999999767e+00
8.380100000000000549e+00
8.289799999999999613e+00
8.137499999999999289e+00
8.074099999999997834e+00
7.949600000000000222e+00
7.859400000000000830e+00
7.756400000000000183e+00
7.689099999999999824e+00
7.585599999999999454e+00
7.515600000000000946e+00
7.436999999999999389e+00
7.331800000000000317e+00
7.278500000000000192e+00
7.233900000000000219e+00
7.159900000000000375e+00
7.091000000000001080e+00
7.015399999999998748e+00
6.961399999999998478e+00
6.870999999999998664e+00
6.824799999999998867e+00
6.779799999999999827e+00
6.703900000000000858e+00
6.631299999999999528e+00
6.607800000000000118e+00
6.553199999999999470e+00
6.510299999999999976e+00
6.442200000000000593e+00
6.394900000000001583e+00
6.356100000000001415e+00
6.323499999999999233e+00
6.261999999999999567e+00
6.261699999999998489e+00
6.232800000000001006e+00
6.181300000000001127e+00
6.147699999999999498e+00
6.104299999999999393e+00
6.084299999999998043e+00
6.047199999999999243e+00
6.002900000000000347e+00
5.996799999999999464e+00
5.940500000000001002e+00
5.894900000000001583e+00
5.897900000000000809e+00
5.835800000000000765e+00
5.818699999999999761e+00
5.763700000000000934e+00
5.738800000000001234e+00
5.708200000000000607e+00
5.696800000000000530e+00
5.643500000000000405e+00
