1.000000000000000000e+00
1.079199999999999937e+00
1.176200000000000134e+00
1.274199999999999999e+00
1.381699999999999928e+00
1.509700000000000042e+00
1.647900000000000142e+00
1.800200000000000466e+00
2.011600000000000055e+00
2.250900000000000123e+00
2.520799999999999486e+00
2.860000000000000764e+00
3.397599999999999731e+00
4.102900000000000880e+00
5.246500000000000163e+00
7.163400000000000212e+00
9.715199999999999392e+00
1.329230000000000089e+01
1.927229999999999777e+01
2.651879999999999526e+01
3.681700000000000017e+01
4.856149999999998812e+01
6.328459999999999752e+01
7.217059999999999320e+01
8.656350000000000477e+01
9.773180000000000689e+01
1.055685000000000002e+02
1.184308999999999799e+02
1.233516000000000048e+02
1.338849999999999909e+02
1.370588999999999658e+02
1.442688000000000272e+02
1.509129999999999825e+02
1.542128999999999621e+02
1.595424000000000149e+02
1.628591999999999871e+02
1.667383999999999560e+02
1.707168000000000063e+02
1.731133000000000095e+02
1.757694999999999936e+02
1.780284000000000333e+02
1.794756999999999891e+02
1.820966999999999700e+02
1.838501999999999725e+02
1.848810000000000286e+02
1.851321000000000367e+02
1.873292999999999893e+02
1.888695000000000164e+02
1.900088999999999828e+02
1.898309000000000140e+02
1.910418000000000518e+02
1.919613000000000227e+02
1.922483000000000573e+02
1.936156000000000006e+02
1.937396999999999991e+02
1.944938999999999965e+02
1.947233999999999980e+02
1.943923000000000059e+02
1.957466000000000292e+02
1.958513999999999839e+02
1.967709000000000117e+02
1.969911999999999637e+02
1.970191999999999837e+02
1.971523000000000252e+02
1.975268000000000086e+02
1.978587000000000273e+02
1.977710999999999615e+02
1.978469999999999800e+02
1.982698000000000036e+02
1.982104999999999961e+02
1.983332000000000050e+02
1.985399000000000171e+02
1.985952000000000055e+02
1.987472000000000207e+02
1.990309999999999775e+02
1.989770000000000323e+02
1.990070000000000050e+02
1.991696000000000026e+02
1.993265000000000953e+02
1.993060000000000116e+02
1.993844000000000278e+02
1.993543999999999983e+02
1.993876999999999953e+02
1.995038000000000125e+02
1.996649999999999636e+02
1.992844000000000335e+02
1.996163999999999987e+02
1.996453999999999667e+02
1.996025999999999954e+02
1.997236999999999796e+02
1.996771999999999707e+02
1.998222000000000378e+02
1.998005000000000280e+02
1.997352999999999952e+02
1.997815000000000225e+02
1.998805999999999869e+02
1.998422000000000196e+02
1.998409999999999798e+02
1.998145000000000380e+02
1.998586000000000809e+02
