1.000000000000000000e+00
1.078999999999999959e+00
1.175499999999999989e+00
1.271800000000000264e+00
1.376500000000000057e+00
1.497699999999999809e+00
1.620999999999999996e+00
1.756299999999999750e+00
1.933499999999999996e+00
2.112700000000000244e+00
2.315100000000000158e+00
2.533199999999999452e+00
2.826999999999999957e+00
3.197500000000000675e+00
3.658199999999999896e+00
4.258000000000000007e+00
4.983399999999999608e+00
5.737500000000000711e+00
6.664699999999999847e+00
7.706100000000000172e+00
8.825699999999999434e+00
9.686700000000000088e+00
1.071449999999999747e+01
1.100139999999999851e+01
1.135909999999999798e+01
1.163490000000000002e+01
1.160430000000000206e+01
1.167090000000000138e+01
1.160479999999999734e+01
1.154650000000000176e+01
1.137629999999999697e+01
1.112340000000000195e+01
1.101169999999999582e+01
1.092649999999999899e+01
1.073349999999999937e+01
1.053209999999999980e+01
1.038919999999999888e+01
1.028870000000000395e+01
1.006370000000000076e+01
9.947800000000000864e+00
9.733200000000000074e+00
9.598200000000000287e+00
9.402799999999999159e+00
9.307399999999999451e+00
9.108999999999999986e+00
8.991800000000001347e+00
8.893000000000000682e+00
8.732499999999998153e+00
8.623399999999998400e+00
8.497200000000001197e+00
8.370499999999999829e+00
8.314799999999999969e+00
8.148300000000000765e+00
8.100099999999999412e+00
7.961199999999998944e+00
7.890299999999999869e+00
7.784400000000000652e+00
7.707900000000002194e+00
7.624299999999999855e+00
7.536299999999998889e+00
7.436399999999999011e+00
7.379300000000000637e+00
7.258000000000000895e+00
7.217800000000000438e+00
7.106699999999998241e+00
7.077200000000000379e+00
7.034900000000000375e+00
6.945499999999998231e+00
6.878399999999999181e+00
6.832899999999999530e+00
6.784199999999999342e+00
6.696299999999999919e+00
6.653499999999999304e+00
6.631500000000000838e+00
6.550499999999999545e+00
6.507899999999999352e+00
6.479000000000000981e+00
6.430800000000000516e+00
6.371999999999998998e+00
6.323399999999999466e+00
6.278300000000000658e+00
6.261699999999999378e+00
6.196100000000000385e+00
6.167499999999998650e+00
6.142599999999998950e+00
6.116699999999998028e+00
6.099200000000000621e+00
6.018099999999999561e+00
5.991500000000001158e+00
6.004400000000001292e+00
5.946699999999998099e+00
5.899600000000000399e+00
5.895800000000000374e+00
5.850499999999999368e+00
5.792699999999997296e+00
5.763299999999998313e+00
5.733999999999999986e+00
5.718399999999999039e+00
5.690499999999998337e+00
5.632000000000000561e+00
