1.000000000000000000e+00
1.084400000000000031e+00
1.177900000000000169e+00
1.267900000000000027e+00
1.382300000000000084e+00
1.490599999999999925e+00
1.613000000000000211e+00
1.752899999999999681e+00
1.912999999999999812e+00
2.104600000000000026e+00
2.297800000000000065e+00
2.574600000000000222e+00
2.812500000000000444e+00
3.214699999999999669e+00
3.635999999999999677e+00
4.036000000000000476e+00
4.931700000000000195e+00
5.603299999999999059e+00
6.850899999999999324e+00
7.698099999999999277e+00
8.750599999999998602e+00
9.698600000000000776e+00
1.053590000000000160e+01
1.120480000000000054e+01
1.142699999999999960e+01
1.160970000000000013e+01
1.163109999999999822e+01
1.163680000000000092e+01
1.166769999999999463e+01
1.160790000000000255e+01
1.138470000000000226e+01
1.121130000000000315e+01
1.112650000000000006e+01
1.088749999999999929e+01
1.074459999999999837e+01
1.058370000000000033e+01
1.037559999999999860e+01
1.023909999999999876e+01
1.003479999999999883e+01
9.941899999999998627e+00
9.714800000000000324e+00
9.606099999999999639e+00
9.418100000000000804e+00
9.332699999999999108e+00
9.139900000000000801e+00
9.039300000000000779e+00
8.866800000000001347e+00
8.722300000000000608e+00
8.618199999999999861e+00
8.517799999999999372e+00
8.395099999999999341e+00
8.291799999999998505e+00
8.178199999999998582e+00
8.053200000000000358e+00
7.988699999999998802e+00
7.863300000000000622e+00
7.823600000000001664e+00
7.686499999999999666e+00
7.611499999999999488e+00
7.523300000000000765e+00
7.436200000000000365e+00
7.365399999999998393e+00
7.270399999999999530e+00
7.207499999999999574e+00
7.150299999999999656e+00
7.080699999999999328e+00
7.012699999999999712e+00
6.957699999999999996e+00
6.908500000000000085e+00
6.829699999999998106e+00
6.758000000000000895e+00
6.745600000000000485e+00
6.645900000000000141e+00
6.608900000000000219e+00
6.531500000000001194e+00
6.505099999999999660e+00
6.469700000000000450e+00
6.407199999999999562e+00
6.353599999999997472e+00
6.306199999999998695e+00
6.302699999999999747e+00
6.218999999999999417e+00
6.179800000000000182e+00
6.153900000000000148e+00
6.137400000000000411e+00
6.088499999999998913e+00
6.077600000000000335e+00
6.055899999999999395e+00
6.011600000000000499e+00
5.979400000000000936e+00
5.939000000000000057e+00
5.913300000000000445e+00
5.872100000000000541e+00
5.836499999999998245e+00
5.823300000000000587e+00
5.792500000000000426e+00
5.733799999999999564e+00
5.699699999999999989e+00
5.684799999999999187e+00
5.638799999999999812e+00
