1.000000000000000000e+00
1.084400000000000031e+00
1.178900000000000059e+00
1.270100000000000007e+00
1.388400000000000079e+00
1.502699999999999925e+00
1.641300000000000203e+00
1.797299999999999676e+00
1.987100000000000088e+00
2.234099999999999753e+00
2.497100000000000097e+00
2.915299999999999780e+00
3.350300000000000278e+00
4.070699999999999541e+00
5.166799999999999393e+00
6.455099999999999838e+00
9.908799999999999386e+00
1.296049999999999969e+01
1.992879999999999896e+01
2.623279999999999745e+01
3.604179999999999495e+01
4.778239999999999554e+01
6.060870000000000601e+01
7.308539999999999281e+01
8.751320000000001187e+01
9.715639999999999077e+01
1.064350000000000023e+02
1.146817999999999671e+02
1.258709999999999809e+02
1.326985999999999990e+02
1.392944999999999993e+02
1.446757000000000062e+02
1.497599999999999909e+02
1.546397999999999797e+02
1.606120999999999697e+02
1.646531999999999982e+02
1.660843000000000131e+02
1.701532999999999731e+02
1.727606999999999573e+02
1.758147000000000162e+02
1.776414999999999793e+02
1.800496999999999730e+02
1.816071000000000311e+02
1.824710000000000605e+02
1.844264999999999759e+02
1.864972999999999672e+02
1.871333999999999946e+02
1.882848000000000184e+02
1.894137000000000342e+02
1.907766999999999484e+02
1.912254000000000076e+02
1.915959999999999752e+02
1.925932000000000244e+02
1.933060999999999581e+02
1.934853000000000236e+02
1.944065000000000225e+02
1.947754999999999939e+02
1.954059999999999775e+02
1.957876000000000261e+02
1.958063000000000216e+02
1.963515000000000157e+02
1.970203999999999951e+02
1.971197999999999979e+02
1.972891000000000474e+02
1.975629000000000133e+02
1.975748999999999853e+02
1.974639000000000237e+02
1.978491999999999962e+02
1.980376999999999725e+02
1.981795000000000186e+02
1.983935999999999922e+02
1.984865999999999531e+02
1.986229999999999905e+02
1.985977999999999781e+02
1.987004999999999484e+02
1.990091999999999928e+02
1.990313999999999908e+02
1.989182999999999879e+02
1.990051999999999737e+02
1.994142000000000507e+02
1.992475999999999772e+02
1.994082999999999686e+02
1.994595999999999663e+02
1.996063999999999510e+02
1.996234999999999786e+02
1.996092999999999904e+02
1.994669999999999845e+02
1.996656000000000120e+02
1.996460000000000150e+02
1.996297000000000423e+02
1.997209000000000003e+02
1.996244000000000369e+02
1.998206999999999880e+02
1.997548000000000457e+02
1.998233000000000175e+02
1.997089000000000283e+02
1.999146999999999821e+02
1.998401000000000067e+02
1.998911999999999978e+02
1.999082000000000221e+02
