1.000000000000000000e+00
1.084200000000000053e+00
1.177400000000000002e+00
1.278499999999999970e+00
1.377400000000000402e+00
1.526299999999999768e+00
1.657299999999999995e+00
1.807400000000000118e+00
1.984899999999999887e+00
2.221100000000000296e+00
2.483299999999999397e+00
2.867900000000000116e+00
3.387200000000000877e+00
4.137399999999999523e+00
4.946699999999999875e+00
6.945500000000000895e+00
9.477100000000000080e+00
1.331600000000000428e+01
1.911439999999999984e+01
2.731800000000000139e+01
3.784909999999999997e+01
4.786500000000000199e+01
6.226390000000000668e+01
7.259369999999999834e+01
8.721970000000001733e+01
9.714640000000001407e+01
1.062850999999999999e+02
1.169108999999999838e+02
1.255964999999999776e+02
1.298879000000000019e+02
1.400140000000000100e+02
1.440038999999999874e+02
1.520818000000000154e+02
1.566677999999999997e+02
1.597428000000000168e+02
1.635282000000000266e+02
1.670509999999999877e+02
1.704514000000000067e+02
1.727468999999999539e+02
1.755904000000000167e+02
1.773973000000000013e+02
1.798388000000000488e+02
1.813360000000000127e+02
1.831442999999999586e+02
1.846229999999999905e+02
1.852412999999999670e+02
1.870802999999999940e+02
1.887711999999999932e+02
1.899251000000000431e+02
1.899626000000000090e+02
1.912658999999999878e+02
1.916570999999999856e+02
1.927814000000000192e+02
1.937389000000000010e+02
1.935595000000000141e+02
1.943634000000000412e+02
1.952945999999999458e+02
1.955149999999999864e+02
1.956679000000000030e+02
1.961139000000000010e+02
1.964185999999999694e+02
1.967922999999999831e+02
1.971415000000000077e+02
1.969068999999999789e+02
1.975403999999999769e+02
1.976366999999999337e+02
1.977581999999999880e+02
1.978628000000000213e+02
1.982694999999999936e+02
1.983271000000000015e+02
1.986511999999999887e+02
1.985435999999999979e+02
1.983140999999999963e+02
1.988080000000000211e+02
1.990141999999999598e+02
1.988903999999999712e+02
1.990685000000000571e+02
1.993499000000000194e+02
1.992075999999999851e+02
1.991653999999999769e+02
1.993031000000000006e+02
1.994593999999999880e+02
1.992972999999999502e+02
1.994448999999999899e+02
1.995679999999999836e+02
1.996547000000000196e+02
1.994956000000000245e+02
1.996701999999999373e+02
1.996598000000000184e+02
1.995558000000000050e+02
1.998496000000000379e+02
1.998143999999999494e+02
1.998479000000000383e+02
1.996173000000000002e+02
1.998774000000000228e+02
1.998023000000000309e+02
1.998624000000000649e+02
1.997877999999999759e+02
1.998852000000000544e+02
1.998583000000000141e+02
