1.000000000000000000e+00
1.084200000000000053e+00
1.176399999999999890e+00
1.276499999999999968e+00
1.370900000000000230e+00
1.513799999999999590e+00
1.630399999999999849e+00
1.760499999999999732e+00
1.908500000000000307e+00
2.094599999999999795e+00
2.279599999999999849e+00
2.535699999999999843e+00
2.845000000000000195e+00
3.221100000000000296e+00
3.543200000000000127e+00
4.214199999999999946e+00
4.898599999999999177e+00
5.702300000000001035e+00
6.720500000000000362e+00
7.726799999999999891e+00
8.877900000000000347e+00
9.636499999999999844e+00
1.057029999999999959e+01
1.106310000000000215e+01
1.142789999999999928e+01
1.154329999999999679e+01
1.162539999999999907e+01
1.183830000000000204e+01
1.159520000000000373e+01
1.143560000000000088e+01
1.139910000000000068e+01
1.119470000000000098e+01
1.120030000000000037e+01
1.089230000000000054e+01
1.068160000000000309e+01
1.052600000000000158e+01
1.038849999999999874e+01
1.025889999999999880e+01
1.002820000000000000e+01
9.901000000000001577e+00
9.709500000000002018e+00
9.569300000000000139e+00
9.403599999999999071e+00
9.302800000000001290e+00
9.159399999999999764e+00
8.958400000000001029e+00
8.943799999999999528e+00
8.756399999999999295e+00
8.644099999999998118e+00
8.506000000000002004e+00
8.341800000000000992e+00
8.303599999999999426e+00
8.152999999999998693e+00
8.081300000000000594e+00
7.977499999999999147e+00
7.882600000000000939e+00
7.778100000000002012e+00
7.753100000000000769e+00
7.615800000000000125e+00
7.538499999999999091e+00
7.417099999999999582e+00
7.389200000000000657e+00
7.304299999999999571e+00
7.209999999999999964e+00
7.149800000000001710e+00
7.097000000000000419e+00
6.998100000000000875e+00
6.972900000000000986e+00
6.885000000000001563e+00
6.814100000000001600e+00
6.770400000000000418e+00
6.720700000000001673e+00
6.661699999999999733e+00
6.602900000000000880e+00
6.545199999999999463e+00
6.500299999999999301e+00
6.453700000000000436e+00
6.411000000000000476e+00
6.368300000000001404e+00
6.315500000000001002e+00
6.289699999999999847e+00
6.238299999999998846e+00
6.207399999999999807e+00
6.161899999999998379e+00
6.113999999999999879e+00
6.120499999999999829e+00
6.070100000000000051e+00
6.040099999999999802e+00
5.996399999999999508e+00
5.985399999999998499e+00
5.951299999999998924e+00
5.902699999999999392e+00
5.868799999999998462e+00
5.829100000000000392e+00
5.805600000000000982e+00
5.768699999999999051e+00
5.742000000000000881e+00
5.718799999999998995e+00
5.659200000000001118e+00
5.628700000000000259e+00
