1.000000000000000000e+00
1.082799999999999985e+00
1.181699999999999973e+00
1.267199999999999882e+00
1.371899999999999897e+00
1.482800000000000340e+00
1.608899999999999553e+00
1.778899999999999926e+00
1.936900000000000288e+00
2.107699999999999907e+00
2.311099999999999710e+00
2.500700000000000145e+00
2.860599999999999810e+00
3.154100000000000126e+00
3.567799999999999194e+00
4.158399999999999430e+00
4.742199999999999527e+00
5.624600000000000044e+00
6.752900000000002123e+00
7.881400000000000183e+00
9.021499999999999631e+00
9.794899999999998386e+00
1.045170000000000243e+01
1.101929999999999765e+01
1.147729999999999961e+01
1.133809999999999718e+01
1.165249999999999986e+01
1.166860000000000142e+01
1.155269999999999975e+01
1.148069999999999702e+01
1.144399999999999906e+01
1.123359999999999914e+01
1.095679999999999765e+01
1.093589999999999840e+01
1.075940000000000119e+01
1.051469999999999949e+01
1.049450000000000038e+01
1.026349999999999874e+01
1.007530000000000037e+01
9.878899999999999793e+00
9.744799999999999685e+00
9.561900000000001398e+00
9.445300000000001361e+00
9.269299999999999429e+00
9.185700000000002419e+00
8.995899999999998897e+00
8.824199999999999378e+00
8.717099999999998516e+00
8.624200000000001864e+00
8.520199999999999108e+00
8.409399999999999764e+00
8.298799999999998178e+00
8.168199999999998795e+00
8.088900000000000645e+00
7.944499999999999673e+00
7.842599999999999127e+00
7.808300000000001795e+00
7.665700000000000180e+00
7.604999999999998650e+00
7.508099999999999774e+00
7.439899999999999736e+00
7.388600000000001167e+00
7.292600000000001081e+00
7.214100000000001067e+00
7.161199999999999122e+00
7.092200000000000060e+00
7.036600000000000854e+00
6.934199999999999697e+00
6.890299999999998981e+00
6.814600000000000435e+00
6.746099999999997543e+00
6.705700000000000216e+00
6.661299999999998889e+00
6.614700000000000024e+00
6.565999999999998948e+00
6.511499999999999844e+00
6.431000000000000050e+00
6.399700000000000166e+00
6.365400000000001057e+00
6.350599999999999135e+00
6.282799999999999940e+00
6.224099999999999966e+00
6.200099999999999056e+00
6.177799999999998626e+00
6.146900000000000475e+00
6.090599999999999348e+00
6.083500000000001684e+00
6.045400000000001661e+00
6.003100000000001657e+00
5.982100000000001749e+00
5.952399999999999025e+00
5.902999999999999581e+00
5.882699999999999818e+00
5.858399999999999608e+00
5.818999999999999950e+00
5.761400000000000077e+00
5.769599999999999618e+00
5.720199999999998397e+00
5.688100000000000378e+00
5.665699999999999292e+00
