1.000000000000000000e+00
1.082899999999999974e+00
1.183000000000000052e+00
1.270299999999999985e+00
1.377499999999999947e+00
1.495400000000000285e+00
1.637499999999999956e+00
1.829200000000000159e+00
2.017799999999999816e+00
2.241400000000000059e+00
2.519900000000000251e+00
2.831000000000000405e+00
3.437300000000000022e+00
4.016200000000000436e+00
4.976899999999999658e+00
6.824000000000000732e+00
9.075900000000000745e+00
1.308019999999999960e+01
1.953160000000000096e+01
2.811599999999999966e+01
3.892389999999999617e+01
4.919270000000000209e+01
5.942760000000001241e+01
7.271500000000000341e+01
8.524750000000001648e+01
9.439900000000001512e+01
1.064015999999999735e+02
1.165567000000000206e+02
1.236328000000000031e+02
1.337753000000000156e+02
1.395086999999999762e+02
1.452253999999999792e+02
1.501047999999999831e+02
1.555046000000000106e+02
1.602797000000000196e+02
1.636699000000000126e+02
1.674842000000000155e+02
1.696831999999999994e+02
1.716894999999999811e+02
1.758533999999999935e+02
1.780149999999999864e+02
1.790805000000000291e+02
1.811962000000000330e+02
1.827616999999999905e+02
1.852125000000000057e+02
1.870907999999999731e+02
1.878450999999999738e+02
1.884494999999999720e+02
1.895742999999999938e+02
1.906584999999999752e+02
1.912176000000000329e+02
1.923412999999999329e+02
1.931457000000000050e+02
1.934046999999999628e+02
1.939117000000000246e+02
1.947062000000000239e+02
1.948778000000000361e+02
1.954614000000000260e+02
1.960442999999999927e+02
1.960895000000000152e+02
1.964065000000000225e+02
1.966353000000000293e+02
1.970691000000000486e+02
1.969384000000000015e+02
1.976003999999999792e+02
1.975201999999999600e+02
1.979447999999999581e+02
1.981791000000000338e+02
1.982903999999999769e+02
1.985386000000000024e+02
1.983105999999999653e+02
1.986952999999999747e+02
1.987644999999999982e+02
1.987113000000000227e+02
1.989131999999999891e+02
1.989862999999999715e+02
1.990104999999999791e+02
1.990731000000000108e+02
1.991493999999999858e+02
1.993705000000000211e+02
1.992245000000000061e+02
1.994016000000000020e+02
1.994084999999999468e+02
1.994350000000000307e+02
1.995376000000000261e+02
1.995753000000000270e+02
1.995693999999999733e+02
1.996445000000000505e+02
1.997563000000000102e+02
1.997085999999999615e+02
1.996994999999999720e+02
1.997376000000000147e+02
1.998527000000000271e+02
1.998234000000000492e+02
1.997597000000000094e+02
1.998933000000000675e+02
1.997923999999999864e+02
1.998875999999999920e+02
1.999295999999999651e+02
1.997693000000000154e+02
