1.000000000000000000e+00
1.083600000000000119e+00
1.176399999999999890e+00
1.274500000000000188e+00
1.371199999999999752e+00
1.477700000000000458e+00
1.648599999999999843e+00
1.758199999999999541e+00
1.919599999999999751e+00
2.072200000000000042e+00
2.312500000000000444e+00
2.546500000000000430e+00
2.851099999999999746e+00
3.170800000000001173e+00
3.607400000000000162e+00
4.226799999999999891e+00
4.868999999999999773e+00
5.820299999999999585e+00
6.783000000000000362e+00
7.714900000000000091e+00
8.985500000000000043e+00
9.874899999999998457e+00
1.055749999999999744e+01
1.104749999999999943e+01
1.149039999999999928e+01
1.154809999999999981e+01
1.175960000000000072e+01
1.160299999999999976e+01
1.162109999999999843e+01
1.151680000000000348e+01
1.132520000000000238e+01
1.130679999999999907e+01
1.117609999999999815e+01
1.090220000000000056e+01
1.069159999999999933e+01
1.052650000000000041e+01
1.044389999999999930e+01
1.026410000000000089e+01
1.001089999999999947e+01
9.845799999999998775e+00
9.712300000000000821e+00
9.585599999999999454e+00
9.364799999999998903e+00
9.255200000000000315e+00
9.140899999999998471e+00
8.970400000000001484e+00
8.857799999999999230e+00
8.699799999999999756e+00
8.671800000000001063e+00
8.483399999999999608e+00
8.378999999999999559e+00
8.276299999999999102e+00
8.165900000000000603e+00
8.059799999999999187e+00
7.994499999999999496e+00
7.853899999999999437e+00
7.785100000000002574e+00
7.685100000000000264e+00
7.621100000000000207e+00
7.550400000000000666e+00
7.467500000000000249e+00
7.350299999999999834e+00
7.277100000000001678e+00
7.209800000000000431e+00
7.131299999999999528e+00
7.108599999999999142e+00
7.035900000000001597e+00
6.970399999999998819e+00
6.904100000000000570e+00
6.857800000000001006e+00
6.752000000000000668e+00
6.716599999999999682e+00
6.659900000000001263e+00
6.617300000000000182e+00
6.583199999999999719e+00
6.506900000000001683e+00
6.449400000000000688e+00
6.445799999999999308e+00
6.325400000000001022e+00
6.310799999999999521e+00
6.282600000000001295e+00
6.236499999999999488e+00
6.201399999999998691e+00
6.151399999999998869e+00
6.142199999999998994e+00
6.094400000000000261e+00
6.062700000000001310e+00
6.052900000000001057e+00
6.010600000000000165e+00
5.955300000000001148e+00
5.933800000000001518e+00
5.922700000000000742e+00
5.901100000000000456e+00
5.813600000000000101e+00
5.819100000000000605e+00
5.790200000000001346e+00
5.739600000000000257e+00
5.710600000000000342e+00
5.690000000000000391e+00
5.678399999999999892e+00
