1.000000000000000000e+00
1.083600000000000119e+00
1.176800000000000068e+00
1.278299999999999992e+00
1.377899999999999903e+00
1.492900000000000116e+00
1.675400000000000222e+00
1.802200000000000024e+00
1.999999999999999778e+00
2.193099999999999827e+00
2.515099999999999891e+00
2.862000000000000099e+00
3.399599999999999955e+00
4.052800000000000402e+00
5.198999999999999844e+00
6.887400000000000411e+00
9.225199999999999179e+00
1.395270000000000010e+01
1.990939999999999799e+01
2.663840000000000074e+01
3.918679999999999808e+01
4.870279999999999632e+01
6.152580000000001093e+01
7.268479999999999563e+01
8.536790000000000589e+01
9.717749999999999488e+01
1.072512999999999863e+02
1.148980000000000103e+02
1.237874000000000194e+02
1.321247000000000185e+02
1.376847999999999956e+02
1.465502000000000180e+02
1.500538999999999987e+02
1.557499000000000251e+02
1.599324000000000012e+02
1.629762000000000057e+02
1.678980999999999710e+02
1.698265000000000100e+02
1.731101999999999919e+02
1.757409999999999854e+02
1.775558999999999514e+02
1.804671999999999628e+02
1.808589999999999804e+02
1.826211000000000126e+02
1.845571999999999662e+02
1.861799000000000035e+02
1.869257999999999811e+02
1.883622000000000583e+02
1.895817000000000689e+02
1.902784000000000049e+02
1.917742999999999540e+02
1.919530999999999779e+02
1.923652999999999906e+02
1.932216999999999700e+02
1.938272000000000048e+02
1.938896000000000015e+02
1.948038999999999987e+02
1.954427000000000305e+02
1.956356999999999857e+02
1.962006000000000085e+02
1.962416000000000054e+02
1.963490999999999929e+02
1.969149000000000171e+02
1.973418999999999812e+02
1.976051000000000215e+02
1.976499000000000024e+02
1.981035999999999433e+02
1.981095000000000539e+02
1.981546999999999628e+02
1.983100000000000023e+02
1.984329000000000178e+02
1.986647999999999854e+02
1.983906000000000063e+02
1.986225000000000307e+02
1.987647999999999513e+02
1.990004999999999598e+02
1.989997000000000469e+02
1.990630999999999631e+02
1.993920000000000528e+02
1.992860000000000298e+02
1.994128999999999792e+02
1.994517000000000166e+02
1.995634000000000015e+02
1.995517999999999574e+02
1.995157000000000096e+02
1.996399999999999864e+02
1.995603000000000122e+02
1.995974000000000217e+02
1.994225999999999885e+02
1.996349000000000160e+02
1.997163999999999930e+02
1.997389000000000010e+02
1.998510999999999740e+02
1.998254000000000588e+02
1.998431000000000211e+02
1.998874000000000422e+02
1.998903000000000247e+02
1.999088000000000136e+02
1.998788000000000125e+02
1.996875000000000284e+02
