1.000000000000000000e+00
1.082799999999999985e+00
1.171499999999999764e+00
1.273300000000000098e+00
1.388599999999999834e+00
1.504799999999999693e+00
1.643199999999999994e+00
1.812500000000000000e+00
2.004299999999999748e+00
2.254100000000000215e+00
2.473799999999999777e+00
2.884799999999999809e+00
3.296800000000000619e+00
4.094100000000000072e+00
5.108200000000000074e+00
6.795800000000000729e+00
9.850299999999998946e+00
1.301409999999999911e+01
2.002530000000000143e+01
2.673349999999999582e+01
3.906510000000000105e+01
4.933119999999999550e+01
6.162960000000000349e+01
7.310639999999999361e+01
8.778890000000001237e+01
9.420720000000000027e+01
1.069319999999999879e+02
1.180589000000000084e+02
1.249703999999999837e+02
1.326228999999999871e+02
1.393174999999999955e+02
1.445425000000000182e+02
1.505313999999999908e+02
1.554922000000000253e+02
1.592474000000000274e+02
1.622887999999999806e+02
1.668613000000000000e+02
1.696479000000000212e+02
1.730520000000000209e+02
1.752856000000000165e+02
1.781705000000000041e+02
1.797791000000000281e+02
1.813409999999999798e+02
1.836850999999999772e+02
1.848876000000000204e+02
1.869849999999999568e+02
1.878280000000000030e+02
1.882545000000000073e+02
1.897032000000000096e+02
1.900181000000000040e+02
1.914251000000000147e+02
1.920668999999999755e+02
1.926074999999999875e+02
1.932785000000000082e+02
1.941973999999999307e+02
1.942235000000000298e+02
1.949395000000000380e+02
1.955484999999999616e+02
1.950846999999999980e+02
1.958874999999999602e+02
1.964590000000000032e+02
1.965241000000000327e+02
1.964449999999999932e+02
1.972652999999999395e+02
1.977648000000000081e+02
1.974596999999999696e+02
1.979131000000000142e+02
1.982637999999999465e+02
1.982820000000000107e+02
1.984168999999999983e+02
1.985946000000000140e+02
1.984729999999999563e+02
1.988391000000000020e+02
1.988968000000000131e+02
1.988500000000000227e+02
1.991526000000000067e+02
1.991885999999999797e+02
1.992593999999999994e+02
1.992153999999999314e+02
1.992873999999999342e+02
1.991859999999999786e+02
1.994452999999999747e+02
1.993865000000000123e+02
1.993535000000000537e+02
1.995285999999999831e+02
1.995843000000000416e+02
1.996747000000000014e+02
1.996783000000000072e+02
1.996285000000000593e+02
1.997182000000000244e+02
1.996696000000000595e+02
1.997356000000000051e+02
1.997186000000000377e+02
1.997426000000000101e+02
1.997795000000000414e+02
1.998627999999999929e+02
1.997479000000000156e+02
1.999115999999999929e+02
1.998551999999999680e+02
1.999079000000000121e+02
