1.000000000000000000e+00
1.082799999999999985e+00
1.170099999999999918e+00
1.270800000000000152e+00
1.379699999999999704e+00
1.491300000000000292e+00
1.614900000000000002e+00
1.769200000000000106e+00
1.923600000000000421e+00
2.106199999999999850e+00
2.282799999999999496e+00
2.546200000000000241e+00
2.788700000000000401e+00
3.197099999999999831e+00
3.610099999999999199e+00
4.135100000000000442e+00
4.969800000000000217e+00
5.642900000000000915e+00
6.820500000000000895e+00
7.758599999999998609e+00
9.084899999999999309e+00
9.826200000000001822e+00
1.062230000000000096e+01
1.111989999999999945e+01
1.151739999999999853e+01
1.142910000000000004e+01
1.166420000000000101e+01
1.171129999999999960e+01
1.157690000000000019e+01
1.154950000000000010e+01
1.136930000000000085e+01
1.119720000000000049e+01
1.102749999999999808e+01
1.095539999999999914e+01
1.076299999999999812e+01
1.057460000000000200e+01
1.037289999999999957e+01
1.018800000000000061e+01
1.004100000000000037e+01
9.904600000000000293e+00
9.734899999999999665e+00
9.531700000000000728e+00
9.391899999999999693e+00
9.240800000000000125e+00
9.108999999999999986e+00
8.979800000000000892e+00
8.877399999999999736e+00
8.771000000000000796e+00
8.666000000000000369e+00
8.524900000000000588e+00
8.346200000000001396e+00
8.232400000000000162e+00
8.176899999999999835e+00
8.054000000000000270e+00
7.957600000000000229e+00
7.863699999999999690e+00
7.744199999999999307e+00
7.691900000000000404e+00
7.641099999999999781e+00
7.489600000000000257e+00
7.451499999999999346e+00
7.395599999999999064e+00
7.286300000000000665e+00
7.231300000000000061e+00
7.126800000000000246e+00
7.081399999999999473e+00
7.045099999999999696e+00
6.968200000000000394e+00
6.910499999999998089e+00
6.839900000000000091e+00
6.763000000000000789e+00
6.720200000000000173e+00
6.638700000000000045e+00
6.598700000000000010e+00
6.557199999999999918e+00
6.485100000000000975e+00
6.424399999999999444e+00
6.418000000000001037e+00
6.395900000000001029e+00
6.317099999999999937e+00
6.293200000000000571e+00
6.268700000000000827e+00
6.193799999999999528e+00
6.150499999999999190e+00
6.103800000000001447e+00
6.116299999999998960e+00
6.065900000000000070e+00
6.038300000000001333e+00
6.017500000000000071e+00
5.996599999999999930e+00
5.929900000000000837e+00
5.916199999999999903e+00
5.887500000000001066e+00
5.846799999999999109e+00
5.810099999999998488e+00
5.802700000000000635e+00
5.704100000000000392e+00
5.685200000000000031e+00
5.677400000000000446e+00
5.656000000000000583e+00
