1.000000000000000000e+00
1.084300000000000042e+00
1.172600000000000087e+00
1.264400000000000190e+00
1.382699999999999818e+00
1.485799999999999788e+00
1.618500000000000272e+00
1.777400000000000313e+00
1.926499999999999879e+00
2.107300000000000395e+00
2.339599999999999902e+00
2.516900000000000137e+00
2.815600000000000769e+00
3.184100000000000374e+00
3.556400000000000450e+00
4.121100000000000207e+00
4.948800000000000310e+00
5.719299999999999606e+00
6.656699999999999839e+00
7.795500000000000540e+00
8.903700000000000614e+00
9.661999999999999034e+00
1.061829999999999963e+01
1.097920000000000051e+01
1.149160000000000004e+01
1.157109999999999594e+01
1.159529999999999994e+01
1.167200000000000237e+01
1.174660000000000082e+01
1.143460000000000321e+01
1.140919999999999845e+01
1.132789999999999786e+01
1.106059999999999910e+01
1.097339999999999982e+01
1.075079999999999991e+01
1.046729999999999983e+01
1.035079999999999956e+01
1.018299999999999983e+01
1.002130000000000187e+01
9.935200000000000031e+00
9.701999999999999957e+00
9.595200000000000173e+00
9.414699999999999847e+00
9.278100000000000236e+00
9.199599999999998445e+00
9.009599999999998943e+00
8.898100000000001231e+00
8.752100000000000435e+00
8.656600000000002737e+00
8.522800000000000153e+00
8.467999999999999972e+00
8.277499999999999858e+00
8.193800000000001305e+00
8.059599999999999653e+00
7.964400000000000368e+00
7.853500000000000369e+00
7.743200000000001637e+00
7.685499999999999332e+00
7.625600000000000378e+00
7.525599999999999845e+00
7.444900000000000517e+00
7.364700000000000024e+00
7.299099999999998367e+00
7.226199999999998624e+00
7.142599999999999838e+00
7.109099999999998865e+00
7.028300000000002434e+00
6.955900000000000638e+00
6.910800000000000054e+00
6.821299999999999031e+00
6.803700000000000969e+00
6.768099999999999561e+00
6.671799999999999287e+00
6.581400000000001249e+00
6.580900000000000638e+00
6.467700000000000671e+00
6.449400000000000688e+00
6.416500000000000092e+00
6.384399999999999409e+00
6.292600000000000193e+00
6.279200000000000337e+00
6.229500000000000703e+00
6.200800000000000090e+00
6.172799999999999621e+00
6.144299999999999429e+00
6.095600000000001017e+00
6.071500000000001229e+00
6.024499999999999744e+00
6.016600000000000392e+00
5.967899999999999316e+00
5.953700000000001324e+00
5.895800000000000374e+00
5.891000000000000014e+00
5.864499999999999602e+00
5.830099999999999838e+00
5.790899999999998826e+00
5.756500000000000838e+00
5.699399999999999800e+00
5.693299999999998917e+00
5.650900000000000034e+00
