1.000000000000000000e+00
1.084400000000000031e+00
1.173300000000000010e+00
1.266199999999999992e+00
1.387499999999999956e+00
1.497299999999999853e+00
1.643600000000000172e+00
1.828499999999999348e+00
2.004199999999999982e+00
2.247100000000000097e+00
2.560599999999999987e+00
2.834499999999999797e+00
3.330599999999999561e+00
4.137199999999999989e+00
4.971299999999999386e+00
6.621700000000000585e+00
9.758300000000001972e+00
1.349190000000000111e+01
1.895039999999999836e+01
2.752369999999999806e+01
3.743179999999999552e+01
4.789920000000000044e+01
6.283999999999998920e+01
7.130519999999999925e+01
8.609839999999998383e+01
9.556199999999996919e+01
1.069475000000000051e+02
1.166888999999999896e+02
1.259196999999999917e+02
1.300911999999999864e+02
1.373738999999999635e+02
1.459478000000000009e+02
1.511587000000000103e+02
1.553908999999999878e+02
1.585515000000000043e+02
1.622055000000000007e+02
1.663589000000000340e+02
1.688752000000000066e+02
1.724597000000000548e+02
1.754972000000000207e+02
1.779545000000000528e+02
1.799456999999999880e+02
1.807423000000000002e+02
1.835746000000000038e+02
1.843346999999999696e+02
1.861500000000000057e+02
1.876631000000000142e+02
1.880333000000000254e+02
1.891718999999999937e+02
1.903005999999999744e+02
1.915278999999999598e+02
1.920674999999999955e+02
1.931925000000000239e+02
1.937703999999999667e+02
1.940597999999999104e+02
1.947929000000000315e+02
1.947727000000000146e+02
1.955838999999999999e+02
1.957797000000000196e+02
1.964756999999999607e+02
1.965236000000000161e+02
1.965714000000000397e+02
1.967274000000000171e+02
1.973837000000000330e+02
1.974835000000000207e+02
1.976694000000000244e+02
1.982102999999999895e+02
1.981704000000000008e+02
1.982424999999999500e+02
1.984225000000000421e+02
1.986296999999999855e+02
1.985304000000000144e+02
1.986055000000000064e+02
1.988709000000000060e+02
1.988062000000000182e+02
1.992015000000000100e+02
1.990680000000000405e+02
1.992316999999999325e+02
1.992697000000000003e+02
1.993420999999999879e+02
1.993168000000000291e+02
1.990183999999999571e+02
1.994618999999999858e+02
1.993157000000000210e+02
1.994927999999999884e+02
1.996108000000000118e+02
1.996353000000000009e+02
1.996500000000000341e+02
1.997434000000000083e+02
1.997993000000000166e+02
1.997901999999999987e+02
1.997371000000000265e+02
1.997675000000000409e+02
1.998294000000000210e+02
1.998368000000000393e+02
1.998610000000000468e+02
1.997852000000000032e+02
1.998907999999999845e+02
1.999409999999999741e+02
1.999093000000000018e+02
