1.000000000000000000e+00
1.084900000000000198e+00
1.175100000000000033e+00
1.259000000000000119e+00
1.373399999999999732e+00
1.519199999999999884e+00
1.642299999999999649e+00
1.804000000000000048e+00
1.996899999999999675e+00
2.242100000000000204e+00
2.453000000000000291e+00
2.819100000000000161e+00
3.370000000000000107e+00
4.093799999999999883e+00
5.097899999999999210e+00
6.817499999999999893e+00
9.444700000000000983e+00
1.325450000000000017e+01
1.902919999999999945e+01
2.769359999999999644e+01
3.796649999999999636e+01
4.872850000000000392e+01
6.131989999999998986e+01
7.317499999999999716e+01
8.622879999999999256e+01
9.650950000000003115e+01
1.066662000000000035e+02
1.141324999999999932e+02
1.245574000000000012e+02
1.309094999999999800e+02
1.396577000000000055e+02
1.444417999999999722e+02
1.486248999999999967e+02
1.552963000000000022e+02
1.602923999999999864e+02
1.632506999999999948e+02
1.678692000000000064e+02
1.712583000000000197e+02
1.730113999999999521e+02
1.753635000000000446e+02
1.777511000000000081e+02
1.800126999999999668e+02
1.817350000000000136e+02
1.836448000000000036e+02
1.849001000000000090e+02
1.862089000000000283e+02
1.881024999999999920e+02
1.880250000000000341e+02
1.897069999999999936e+02
1.900247999999999990e+02
1.914081000000000188e+02
1.921913999999999874e+02
1.927754000000000190e+02
1.936475000000000364e+02
1.941166999999999518e+02
1.947193999999999789e+02
1.946574000000000240e+02
1.948637000000000228e+02
1.958377000000000123e+02
1.958856000000000108e+02
1.967478999999999587e+02
1.968763999999999612e+02
1.969881999999999493e+02
1.972378000000000213e+02
1.974972000000000207e+02
1.976001999999999725e+02
1.978167000000000257e+02
1.980532000000000039e+02
1.984281999999999471e+02
1.986150999999999840e+02
1.985941000000000258e+02
1.986042000000000201e+02
1.986498999999999739e+02
1.987557999999999936e+02
1.988892000000000166e+02
1.991231999999999971e+02
1.991664999999999850e+02
1.990548000000000286e+02
1.991540000000000248e+02
1.990737000000000307e+02
1.993123000000000218e+02
1.995358999999999980e+02
1.995692999999999699e+02
1.995423999999999864e+02
1.995116000000000724e+02
1.995446000000000311e+02
1.996546999999999628e+02
1.996670000000000300e+02
1.996655000000000371e+02
1.996759999999999877e+02
1.997802000000000078e+02
1.997388000000000545e+02
1.996533000000000300e+02
1.997779000000000167e+02
1.997980999999999767e+02
1.997961000000000524e+02
1.998083000000000311e+02
1.998908999999999878e+02
1.998343000000000131e+02
1.999182000000000414e+02
