1.000000000000000000e+00
1.084900000000000198e+00
1.174000000000000155e+00
1.256899999999999906e+00
1.366900000000000226e+00
1.506299999999999972e+00
1.619600000000000151e+00
1.762899999999999689e+00
1.922800000000000065e+00
2.118499999999999606e+00
2.271399999999999864e+00
2.504799999999999915e+00
2.829800000000000093e+00
3.170200000000000351e+00
3.588999999999999968e+00
4.156899999999999373e+00
4.879800000000000360e+00
5.670499999999998764e+00
6.657499999999998863e+00
7.850699999999999790e+00
8.929500000000000881e+00
9.859599999999998587e+00
1.048790000000000155e+01
1.096829999999999927e+01
1.157060000000000244e+01
1.158430000000000071e+01
1.167759999999999998e+01
1.158900000000000041e+01
1.152430000000000021e+01
1.153430000000000000e+01
1.145800000000000018e+01
1.128709999999999880e+01
1.104570000000000007e+01
1.091099999999999959e+01
1.078319999999999901e+01
1.058339999999999925e+01
1.040589999999999904e+01
1.024770000000000003e+01
1.005000000000000071e+01
9.881599999999998829e+00
9.705299999999999372e+00
9.608200000000000074e+00
9.408400000000000318e+00
9.263100000000001444e+00
9.123800000000002797e+00
9.039399999999998769e+00
8.871500000000002828e+00
8.772499999999999076e+00
8.645900000000001029e+00
8.504799999999999471e+00
8.400499999999999190e+00
8.319800000000000750e+00
8.165100000000000691e+00
8.053900000000000503e+00
7.994500000000000384e+00
7.907699999999998397e+00
7.823099999999998388e+00
7.684500000000000774e+00
7.590600000000000236e+00
7.551499999999999879e+00
7.478699999999999015e+00
7.387400000000000411e+00
7.303599999999999426e+00
7.225100000000001188e+00
7.162000000000000810e+00
7.072400000000000020e+00
7.046999999999999709e+00
6.951100000000000279e+00
6.878299999999999415e+00
6.801000000000001044e+00
6.769799999999999152e+00
6.724200000000000621e+00
6.680399999999999672e+00
6.625700000000000145e+00
6.541799999999999393e+00
6.483699999999998909e+00
6.438600000000000101e+00
6.404399999999998983e+00
6.364200000000000301e+00
6.307199999999999029e+00
6.276399999999999757e+00
6.265299999999999869e+00
6.225299999999999834e+00
6.153000000000000469e+00
6.139899999999999025e+00
6.109099999999999753e+00
6.072599999999999554e+00
6.047899999999999388e+00
6.032300000000000217e+00
5.968000000000000860e+00
5.959100000000001174e+00
5.927400000000001334e+00
5.866600000000000037e+00
5.830299999999999372e+00
5.802699999999998859e+00
5.782100000000000684e+00
5.728800000000001447e+00
5.734700000000000131e+00
5.657999999999999474e+00
5.662300000000000111e+00
