1.000000000000000000e+00
1.085499999999999909e+00
1.167899999999999938e+00
1.280500000000000194e+00
1.380300000000000082e+00
1.483300000000000063e+00
1.616100000000000092e+00
1.749600000000000044e+00
1.901999999999999913e+00
2.112200000000000077e+00
2.305299999999999905e+00
2.539800000000000058e+00
2.798099999999999810e+00
3.194200000000000372e+00
3.639400000000000635e+00
4.144700000000000273e+00
4.946799999999999642e+00
5.795200000000001239e+00
6.674300000000000566e+00
7.772899999999999920e+00
8.881000000000000227e+00
9.828399999999998471e+00
1.053930000000000078e+01
1.111620000000000275e+01
1.153679999999999772e+01
1.157150000000000034e+01
1.162149999999999928e+01
1.162060000000000137e+01
1.168950000000000244e+01
1.157300000000000217e+01
1.134209999999999852e+01
1.120919999999999916e+01
1.111680000000000312e+01
1.095400000000000063e+01
1.071079999999999899e+01
1.048130000000000095e+01
1.038099999999999845e+01
1.021649999999999991e+01
1.004620000000000068e+01
9.830000000000001847e+00
9.750700000000000145e+00
9.577199999999999491e+00
9.432800000000000296e+00
9.245100000000000762e+00
9.142599999999998062e+00
8.990600000000000591e+00
8.879600000000003490e+00
8.755000000000000782e+00
8.618400000000001171e+00
8.470700000000000784e+00
8.392500000000001847e+00
8.281100000000000350e+00
8.198900000000001853e+00
8.084899999999999309e+00
7.956900000000000972e+00
7.879500000000001947e+00
7.767699999999999605e+00
7.717699999999999783e+00
7.618500000000000938e+00
7.522300000000001319e+00
7.431600000000000428e+00
7.406399999999999650e+00
7.292900000000000382e+00
7.277799999999997382e+00
7.139500000000000846e+00
7.089600000000000790e+00
7.023699999999999832e+00
6.956100000000001060e+00
6.891499999999999737e+00
6.826400000000001356e+00
6.775100000000000122e+00
6.737300000000001177e+00
6.683799999999999741e+00
6.596300000000000274e+00
6.569700000000000095e+00
6.495900000000000674e+00
6.442599999999998772e+00
6.398199999999999221e+00
6.343900000000001427e+00
6.320000000000000284e+00
6.288699999999998624e+00
6.235400000000001164e+00
6.236199999999999299e+00
6.146100000000000563e+00
6.140399999999999636e+00
6.118999999999999773e+00
6.087000000000000632e+00
6.053999999999998494e+00
6.030899999999999928e+00
5.967699999999999783e+00
5.938300000000000800e+00
5.924000000000001265e+00
5.873700000000000365e+00
5.854999999999998650e+00
5.815499999999999226e+00
5.770499999999998408e+00
5.739299999999999180e+00
5.730400000000002159e+00
5.696499999999999453e+00
5.638500000000000512e+00
