1.000000000000000000e+00
1.085599999999999676e+00
1.168999999999999817e+00
1.283300000000000107e+00
1.387199999999999767e+00
1.496199999999999974e+00
1.639600000000000168e+00
1.792300000000000226e+00
1.982899999999999885e+00
2.238799999999999457e+00
2.500099999999999767e+00
2.866899999999999338e+00
3.342199999999999616e+00
4.035499999999999865e+00
5.144099999999998118e+00
6.711400000000000254e+00
9.845299999999999940e+00
1.362109999999999665e+01
1.882280000000000086e+01
2.669440000000000524e+01
3.829669999999999419e+01
4.856759999999999167e+01
6.149800000000000466e+01
7.235249999999999204e+01
8.752159999999999229e+01
9.651970000000000027e+01
1.058130000000000308e+02
1.146818999999999988e+02
1.240264999999999986e+02
1.337028000000000247e+02
1.380765000000000100e+02
1.449157999999999902e+02
1.517723000000000013e+02
1.564545999999999708e+02
1.590224000000000046e+02
1.619423999999999921e+02
1.676596999999999866e+02
1.693523999999999887e+02
1.731693000000000495e+02
1.743744000000000369e+02
1.781333999999999946e+02
1.801775999999999840e+02
1.817571000000000367e+02
1.830869000000000710e+02
1.850929000000000144e+02
1.857712000000000216e+02
1.877869000000000312e+02
1.883276999999999646e+02
1.893642999999999574e+02
1.895778999999999996e+02
1.913504000000000076e+02
1.923307999999999822e+02
1.929192000000000178e+02
1.937951999999999941e+02
1.936626000000000261e+02
1.937716000000000349e+02
1.951460000000000150e+02
1.957164999999999679e+02
1.956907000000000210e+02
1.962484000000000037e+02
1.960819000000000472e+02
1.963817000000000235e+02
1.964535000000000480e+02
1.973459999999999752e+02
1.975021999999999878e+02
1.977776000000000067e+02
1.980180000000000291e+02
1.977974999999999568e+02
1.981849999999999739e+02
1.982520999999999844e+02
1.982006000000000370e+02
1.982213000000000136e+02
1.986629000000000360e+02
1.989011000000000138e+02
1.987467000000000326e+02
1.990783999999999878e+02
1.991563999999999908e+02
1.991791999999999803e+02
1.992779000000000167e+02
1.992232000000000198e+02
1.993952999999999918e+02
1.994314999999999714e+02
1.993494000000000597e+02
1.994303000000000168e+02
1.996340999999999894e+02
1.994673999999999694e+02
1.997117000000000075e+02
1.996614000000000431e+02
1.997420999999999935e+02
1.996671000000000049e+02
1.997966000000000406e+02
1.997542000000000257e+02
1.997957000000000107e+02
1.998069000000000131e+02
1.998798999999999921e+02
1.998129999999999882e+02
1.997249000000000194e+02
1.998224000000000160e+02
1.997260000000000275e+02
1.998497000000000128e+02
