1.000000000000000000e+00
1.082000000000000073e+00
1.161899999999999933e+00
1.276000000000000023e+00
1.383599999999999941e+00
1.484600000000000142e+00
1.642400000000000082e+00
1.818200000000000260e+00
1.999799999999999800e+00
2.213499999999999801e+00
2.500000000000000000e+00
2.927599999999999980e+00
3.381500000000000394e+00
4.058799999999999741e+00
4.989199999999999413e+00
6.594500000000000028e+00
9.130699999999997374e+00
1.333019999999999960e+01
1.964300000000000068e+01
2.834959999999999170e+01
3.753180000000000405e+01
4.808189999999999742e+01
6.183600000000000563e+01
7.265919999999999845e+01
8.539399999999999125e+01
9.358450000000000557e+01
1.063783999999999992e+02
1.170876999999999697e+02
1.241075000000000017e+02
1.330090999999999894e+02
1.385800000000000125e+02
1.450568000000000097e+02
1.504548999999999808e+02
1.544485999999999990e+02
1.587675000000000125e+02
1.635352000000000032e+02
1.670112000000000023e+02
1.699678999999999860e+02
1.728603999999999985e+02
1.760155999999999779e+02
1.778315000000000623e+02
1.798729999999999905e+02
1.822035000000000196e+02
1.840293999999999812e+02
1.845774999999999579e+02
1.861568000000000040e+02
1.874969000000000108e+02
1.884009000000000071e+02
1.897498999999999683e+02
1.904069000000000642e+02
1.905743999999999971e+02
1.917582999999999913e+02
1.931644000000000290e+02
1.931754000000000531e+02
1.934847000000000037e+02
1.941932999999999936e+02
1.953221999999999809e+02
1.958142999999999176e+02
1.956758000000000663e+02
1.956220000000000141e+02
1.968758000000000550e+02
1.968840000000000146e+02
1.971486000000000161e+02
1.970358999999999696e+02
1.971696000000000026e+02
1.977016999999999882e+02
1.978080999999999676e+02
1.983607999999999834e+02
1.982689000000000021e+02
1.982158000000000300e+02
1.985062000000000353e+02
1.987129000000000190e+02
1.986058000000000163e+02
1.988131999999999948e+02
1.989456000000000131e+02
1.989331999999999994e+02
1.991244999999999834e+02
1.990081000000000131e+02
1.991496999999999673e+02
1.991549999999999727e+02
1.992477000000000658e+02
1.994300999999999533e+02
1.992561000000000035e+02
1.996611999999999796e+02
1.996498000000000275e+02
1.994418000000000291e+02
1.995365999999999929e+02
1.996760999999999626e+02
1.996643000000000256e+02
1.996756000000000029e+02
1.996371000000000038e+02
1.997727000000000430e+02
1.998490000000000464e+02
1.995880999999999688e+02
1.998481999999999914e+02
1.997169000000000096e+02
1.997614000000000374e+02
1.998688000000000216e+02
1.998641999999999825e+02
1.997895999999999788e+02
