1.000000000000000000e+00
1.082000000000000073e+00
1.161399999999999766e+00
1.273800000000000043e+00
1.375599999999999712e+00
1.471399999999999819e+00
1.619099999999999984e+00
1.770299999999999763e+00
1.921999999999999709e+00
2.080599999999999561e+00
2.299900000000000055e+00
2.577199999999999491e+00
2.844899999999999984e+00
3.174700000000000077e+00
3.540099999999999358e+00
4.130400000000000738e+00
4.801300000000000345e+00
5.682100000000000151e+00
6.782100000000001572e+00
7.886000000000001009e+00
8.937200000000000699e+00
9.625300000000001077e+00
1.062409999999999854e+01
1.104959999999999987e+01
1.141209999999999880e+01
1.147940000000000005e+01
1.173770000000000202e+01
1.170550000000000246e+01
1.162679999999999758e+01
1.160950000000000060e+01
1.133659999999999890e+01
1.127970000000000006e+01
1.110429999999999851e+01
1.088140000000000285e+01
1.076210000000000022e+01
1.052289999999999992e+01
1.042599999999999838e+01
1.022809999999999953e+01
1.009510000000000041e+01
9.938500000000001222e+00
9.778700000000000614e+00
9.576900000000001967e+00
9.427600000000001756e+00
9.278899999999998371e+00
9.129399999999998627e+00
8.946799999999999642e+00
8.883800000000000807e+00
8.720200000000000173e+00
8.641500000000000625e+00
8.460700000000000998e+00
8.375299999999999301e+00
8.320899999999999963e+00
8.177699999999997971e+00
8.119699999999999918e+00
7.905400000000001093e+00
7.813100000000002154e+00
7.771300000000000985e+00
7.700900000000000745e+00
7.578999999999999737e+00
7.508799999999999919e+00
7.427100000000001145e+00
7.357500000000000817e+00
7.299900000000000055e+00
7.209100000000001174e+00
7.190799999999999415e+00
7.111299999999999955e+00
7.016700000000001047e+00
6.954400000000000581e+00
6.899500000000000632e+00
6.829899999999998528e+00
6.768500000000001293e+00
6.715499999999999581e+00
6.672699999999999854e+00
6.623999999999998778e+00
6.556099999999998929e+00
6.500199999999999534e+00
6.442599999999999660e+00
6.434300000000000352e+00
6.378199999999999648e+00
6.331900000000000972e+00
6.281200000000000117e+00
6.244000000000000661e+00
6.175200000000001133e+00
6.181999999999999496e+00
6.127500000000001279e+00
6.096599999999998687e+00
6.074300000000000921e+00
6.053000000000000824e+00
6.030000000000000249e+00
5.988899999999998336e+00
5.946899999999998521e+00
5.927599999999999092e+00
5.868400000000000283e+00
5.826499999999999346e+00
5.819500000000000561e+00
5.804100000000000925e+00
5.735600000000000698e+00
5.728600000000001025e+00
5.684200000000000585e+00
5.644800000000000040e+00
