1.000000000000000000e+00
1.074699999999999989e+00
1.170099999999999918e+00
1.262800000000000145e+00
1.386999999999999789e+00
1.491500000000000048e+00
1.631600000000000161e+00
1.756499999999999728e+00
1.904000000000000359e+00
2.082400000000000251e+00
2.368399999999999839e+00
2.535299999999999887e+00
2.849200000000000177e+00
3.192400000000000126e+00
3.653799999999999493e+00
4.199300000000000033e+00
4.807699999999999640e+00
5.846199999999998731e+00
6.783599999999999852e+00
7.924599999999998978e+00
8.756300000000001305e+00
9.645500000000000185e+00
1.059999999999999964e+01
1.118509999999999849e+01
1.148169999999999824e+01
1.157909999999999862e+01
1.171460000000000079e+01
1.177690000000000126e+01
1.165460000000000029e+01
1.154869999999999841e+01
1.136260000000000225e+01
1.128009999999999913e+01
1.104830000000000112e+01
1.089640000000000164e+01
1.082259999999999955e+01
1.054560000000000208e+01
1.039500000000000313e+01
1.027559999999999896e+01
1.009060000000000024e+01
9.869200000000001083e+00
9.771499999999999631e+00
9.595100000000000406e+00
9.444699999999999207e+00
9.291599999999998971e+00
9.161999999999999034e+00
9.069699999999997431e+00
8.831600000000001671e+00
8.698800000000000310e+00
8.632999999999999119e+00
8.528299999999999770e+00
8.387700000000000600e+00
8.272700000000000387e+00
8.148000000000001464e+00
8.079800000000000537e+00
7.964499999999999247e+00
7.876199999999998980e+00
7.764299999999999535e+00
7.694700000000000095e+00
7.620500000000001606e+00
7.535499999999999865e+00
7.442300000000000360e+00
7.405800000000000161e+00
7.276800000000000601e+00
7.245099999999998985e+00
7.179100000000000037e+00
7.096199999999999619e+00
7.016000000000000014e+00
6.943699999999998873e+00
6.924300000000000566e+00
6.816600000000001103e+00
6.811499999999999666e+00
6.707500000000001350e+00
6.645699999999999719e+00
6.615399999999999281e+00
6.547500000000001208e+00
6.523100000000002119e+00
6.453899999999999970e+00
6.430399999999999672e+00
6.363400000000000389e+00
6.298399999999999999e+00
6.273499999999999410e+00
6.243500000000000938e+00
6.190500000000001002e+00
6.175300000000000011e+00
6.110600000000000698e+00
6.120400000000000063e+00
6.072400000000000908e+00
6.049700000000001410e+00
5.987599999999998701e+00
5.979499999999998927e+00
5.955499999999999794e+00
5.901500000000002188e+00
5.848700000000000010e+00
5.859499999999999709e+00
5.782699999999998397e+00
5.778099999999999348e+00
5.756000000000000227e+00
5.715299999999998271e+00
5.689399999999999125e+00
5.652100000000000790e+00
