1.000000000000000000e+00
1.074899999999999967e+00
1.170600000000000085e+00
1.265900000000000025e+00
1.393099999999999783e+00
1.504100000000000215e+00
1.657200000000000006e+00
1.804900000000000171e+00
1.982299999999999951e+00
2.206300000000000150e+00
2.597200000000000397e+00
2.879699999999999704e+00
3.404399999999999871e+00
4.115799999999999237e+00
5.167600000000000193e+00
6.883100000000000662e+00
9.326900000000000190e+00
1.427019999999999911e+01
1.971330000000000027e+01
2.784930000000000305e+01
3.646460000000000434e+01
4.747229999999998995e+01
6.162449999999999761e+01
7.332750000000000057e+01
8.695539999999999736e+01
9.857969999999998834e+01
1.079849999999999852e+02
1.180381000000000000e+02
1.245505999999999887e+02
1.320388999999999839e+02
1.396339000000000112e+02
1.456602000000000032e+02
1.499162000000000035e+02
1.540611999999999853e+02
1.605486999999999966e+02
1.636247000000000185e+02
1.669598000000000013e+02
1.700189000000000021e+02
1.729393999999999778e+02
1.749238000000000568e+02
1.772696999999999719e+02
1.806399000000000399e+02
1.818137999999999863e+02
1.830819000000000187e+02
1.850313000000000159e+02
1.863319999999999652e+02
1.874399999999999977e+02
1.878722999999999956e+02
1.892097999999999729e+02
1.897877000000000294e+02
1.911470999999999663e+02
1.918440000000000225e+02
1.923470999999999833e+02
1.936399000000000115e+02
1.935905999999999665e+02
1.946232000000000255e+02
1.949798999999999864e+02
1.953957000000000050e+02
1.957631000000000370e+02
1.963088999999999942e+02
1.958703000000000145e+02
1.967953000000000259e+02
1.967416999999999803e+02
1.970702999999999747e+02
1.972903000000000588e+02
1.976411999999999978e+02
1.979531000000000631e+02
1.981208000000000311e+02
1.982480000000000757e+02
1.983397000000000219e+02
1.983724000000000274e+02
1.987524999999999693e+02
1.986047000000000367e+02
1.988258000000000152e+02
1.988717999999999790e+02
1.988809999999999718e+02
1.991480999999999426e+02
1.989883000000000095e+02
1.991417000000000144e+02
1.990745000000000573e+02
1.994218999999999369e+02
1.995064000000000419e+02
1.995329999999999870e+02
1.995228999999999360e+02
1.994779000000000337e+02
1.994911000000000456e+02
1.996893000000000029e+02
1.995830999999999733e+02
1.995794000000000210e+02
1.997195000000000107e+02
1.997486000000000104e+02
1.998516000000000474e+02
1.998194999999999766e+02
1.998280999999999779e+02
1.997427999999999884e+02
1.999013000000000204e+02
1.996929000000000087e+02
1.998148000000000195e+02
1.998367000000000075e+02
1.998506999999999891e+02
