1.000000000000000000e+00
1.084000000000000075e+00
1.176400000000000112e+00
1.278699999999999948e+00
1.365100000000000424e+00
1.481199999999999850e+00
1.631600000000000161e+00
1.746500000000000163e+00
1.937899999999999734e+00
2.105499999999999705e+00
2.306299999999999795e+00
2.539700000000000291e+00
2.831900000000000084e+00
3.204399999999999249e+00
3.661899999999999267e+00
4.194599999999999440e+00
4.908799999999999386e+00
5.652499999999998970e+00
6.609499999999999709e+00
7.841999999999999638e+00
8.865400000000001057e+00
9.820299999999999585e+00
1.046089999999999876e+01
1.095379999999999932e+01
1.136319999999999908e+01
1.163269999999999804e+01
1.164620000000000033e+01
1.169149999999999778e+01
1.154369999999999585e+01
1.146150000000000269e+01
1.142009999999999970e+01
1.128419999999999668e+01
1.100990000000000002e+01
1.091180000000000128e+01
1.077690000000000126e+01
1.061060000000000159e+01
1.035280000000000022e+01
1.020000000000000107e+01
1.007309999999999839e+01
9.853799999999999670e+00
9.757499999999998508e+00
9.598800000000000665e+00
9.430900000000001171e+00
9.210400000000001697e+00
9.148200000000000998e+00
9.047100000000000364e+00
8.900199999999998113e+00
8.753599999999998715e+00
8.624599999999997380e+00
8.461199999999999832e+00
8.384700000000002262e+00
8.257100000000001216e+00
8.140600000000000946e+00
8.065500000000001890e+00
7.971199999999998731e+00
7.882200000000000983e+00
7.789699999999999847e+00
7.721899999999997988e+00
7.626100000000000989e+00
7.531499999999999417e+00
7.466800000000000992e+00
7.378700000000000259e+00
7.312500000000000888e+00
7.252699999999999037e+00
7.162399999999999878e+00
7.106300000000000061e+00
7.022200000000000664e+00
6.971300000000000274e+00
6.884600000000000719e+00
6.829699999999998994e+00
6.739399999999998059e+00
6.739799999999999791e+00
6.683500000000000441e+00
6.609900000000001441e+00
6.564999999999998614e+00
6.512299999999998867e+00
6.438900000000000290e+00
6.388299999999999201e+00
6.373700000000001253e+00
6.309199999999999697e+00
6.272399999999997533e+00
6.239199999999998525e+00
6.223399999999998933e+00
6.148900000000000254e+00
6.118500000000000050e+00
6.123100000000000875e+00
6.070999999999998842e+00
6.036500000000000199e+00
6.008900000000000574e+00
5.975300000000000722e+00
5.926199999999998802e+00
5.923899999999998833e+00
5.895199999999999996e+00
5.856799999999999784e+00
5.826499999999999346e+00
5.774000000000000909e+00
5.741499999999998494e+00
5.718599999999998573e+00
5.679999999999999716e+00
5.641899999999999693e+00
