1.000000000000000000e+00
1.084100000000000064e+00
1.177100000000000035e+00
1.281299999999999883e+00
1.372099999999999875e+00
1.495099999999999874e+00
1.655199999999999783e+00
1.791300000000000336e+00
2.012999999999999901e+00
2.232599999999999696e+00
2.505499999999999616e+00
2.863399999999999945e+00
3.393199999999999772e+00
4.188200000000000145e+00
5.217799999999999550e+00
6.926100000000001700e+00
9.522899999999999920e+00
1.306699999999999839e+01
1.870439999999999969e+01
2.805500000000000327e+01
3.770770000000000266e+01
4.854529999999999035e+01
5.981010000000001270e+01
7.231760000000001298e+01
8.600360000000000582e+01
9.500799999999999557e+01
1.073137000000000114e+02
1.169184000000000054e+02
1.224529999999999887e+02
1.312533999999999708e+02
1.388357000000000028e+02
1.454983999999999753e+02
1.500553000000000168e+02
1.544565999999999804e+02
1.588762999999999863e+02
1.634077000000000055e+02
1.669715999999999951e+02
1.701742999999999597e+02
1.725081000000000415e+02
1.746699000000000126e+02
1.781058999999999912e+02
1.788477000000000032e+02
1.805869000000000142e+02
1.827220000000000084e+02
1.845081000000000415e+02
1.851791999999999803e+02
1.876775000000000091e+02
1.888117999999999768e+02
1.893202999999999747e+02
1.904026000000000067e+02
1.912588999999999828e+02
1.920810000000000173e+02
1.929972000000000207e+02
1.929762999999999806e+02
1.938883999999999901e+02
1.944007999999999470e+02
1.948885999999999683e+02
1.955270000000000152e+02
1.959889999999999759e+02
1.961179999999999950e+02
1.966724000000000103e+02
1.967911000000000001e+02
1.969943999999999846e+02
1.970936000000000092e+02
1.976764000000000010e+02
1.974766999999999371e+02
1.978715999999999724e+02
1.977433000000000050e+02
1.979018999999999835e+02
1.979928999999999633e+02
1.986818000000000382e+02
1.987364000000000033e+02
1.989595999999999947e+02
1.987680999999999756e+02
1.991193999999999846e+02
1.987554999999999552e+02
1.991493000000000109e+02
1.991715000000000089e+02
1.992916000000000452e+02
1.993424999999999727e+02
1.992998999999999796e+02
1.991898000000000195e+02
1.994020000000000437e+02
1.995184000000000424e+02
1.995061999999999784e+02
1.995306000000000211e+02
1.995211999999999932e+02
1.996658999999999935e+02
1.996658999999999935e+02
1.997781000000000233e+02
1.997517000000000280e+02
1.997680999999999756e+02
1.996716000000000122e+02
1.997375999999999863e+02
1.998627000000000464e+02
1.998912000000000262e+02
1.998918999999999926e+02
1.998184999999999718e+02
1.998899999999999864e+02
1.998299000000000092e+02
