1.000000000000000000e+00
1.080000000000000071e+00
1.172399999999999887e+00
1.268699999999999939e+00
1.385100000000000220e+00
1.497100000000000319e+00
1.633400000000000407e+00
1.763700000000000045e+00
1.919000000000000039e+00
2.099500000000000366e+00
2.319799999999999862e+00
2.560599999999999987e+00
2.804699999999999527e+00
3.212100000000000399e+00
3.611899999999999444e+00
4.176000000000000156e+00
4.814400000000000013e+00
5.698199999999999044e+00
6.557500000000000107e+00
7.604400000000001825e+00
8.856400000000000716e+00
9.741500000000000270e+00
1.050770000000000159e+01
1.105799999999999805e+01
1.140950000000000131e+01
1.157410000000000139e+01
1.167869999999999919e+01
1.153439999999999976e+01
1.168470000000000297e+01
1.141870000000000118e+01
1.129349999999999987e+01
1.129530000000000278e+01
1.104969999999999786e+01
1.101280000000000037e+01
1.077019999999999911e+01
1.054579999999999984e+01
1.032749999999999702e+01
1.017089999999999961e+01
1.006809999999999938e+01
9.896500000000001407e+00
9.779899999999999594e+00
9.561599999999996768e+00
9.409599999999999298e+00
9.259000000000000341e+00
9.154100000000001458e+00
9.014099999999999113e+00
8.883299999999998420e+00
8.737400000000000944e+00
8.608999999999999986e+00
8.530599999999999739e+00
8.418499999999999872e+00
8.227099999999998303e+00
8.182299999999999685e+00
8.088699999999999335e+00
7.989900000000000446e+00
7.841199999999999726e+00
7.789999999999999147e+00
7.676899999999999835e+00
7.639400000000000190e+00
7.517100000000001891e+00
7.448500000000000121e+00
7.349600000000000577e+00
7.303899999999999615e+00
7.265999999999998238e+00
7.197599999999998666e+00
7.100100000000001188e+00
7.058899999999999508e+00
6.929500000000000881e+00
6.883799999999999031e+00
6.828699999999997772e+00
6.776800000000000601e+00
6.718899999999999650e+00
6.645199999999999108e+00
6.595600000000001017e+00
6.544500000000001982e+00
6.507400000000000517e+00
6.457100000000000506e+00
6.429800000000000182e+00
6.376000000000000334e+00
6.307000000000000384e+00
6.270200000000000884e+00
6.234099999999998865e+00
6.214100000000001067e+00
6.171800000000001063e+00
6.152700000000001168e+00
6.108600000000000918e+00
6.064799999999999081e+00
6.048199999999997800e+00
6.003199999999999648e+00
6.005300000000000971e+00
5.934599999999999653e+00
5.925800000000000622e+00
5.876000000000001222e+00
5.827700000000000990e+00
5.847200000000001729e+00
5.791800000000000281e+00
5.771600000000001174e+00
5.708700000000000330e+00
5.691400000000000681e+00
5.650599999999999845e+00
