1.000000000000000000e+00
1.080200000000000049e+00
1.173000000000000043e+00
1.272199999999999998e+00
1.391299999999999981e+00
1.510900000000000354e+00
1.659100000000000019e+00
1.809700000000000086e+00
2.000799999999999912e+00
2.220199999999999729e+00
2.533100000000000129e+00
2.913300000000000001e+00
3.327500000000000568e+00
4.139599999999999724e+00
5.086000000000000298e+00
6.800299999999998235e+00
8.960199999999998610e+00
1.341599999999999682e+01
1.817740000000000222e+01
2.619199999999999662e+01
3.762879999999999825e+01
4.768450000000000699e+01
5.996760000000000446e+01
7.311579999999999302e+01
8.450610000000000355e+01
9.644370000000000687e+01
1.061138000000000119e+02
1.151069000000000244e+02
1.245228000000000037e+02
1.317413000000000238e+02
1.386852000000000089e+02
1.467051999999999907e+02
1.508916000000000395e+02
1.557339000000000055e+02
1.594794000000000267e+02
1.621871000000000151e+02
1.661580999999999904e+02
1.695762000000000285e+02
1.728746000000000151e+02
1.755652000000000328e+02
1.785022999999999911e+02
1.795956000000000472e+02
1.815681000000000154e+02
1.821487000000000194e+02
1.846132000000000062e+02
1.862570999999999799e+02
1.869412999999999840e+02
1.887760000000000105e+02
1.898702000000000112e+02
1.899343000000000075e+02
1.919887000000000228e+02
1.914769000000000005e+02
1.925919999999999845e+02
1.935772000000000048e+02
1.941350999999999942e+02
1.945638999999999896e+02
1.950220999999999663e+02
1.947443999999999846e+02
1.953883999999999901e+02
1.956791000000000054e+02
1.966317000000000235e+02
1.967942000000000178e+02
1.967653999999999996e+02
1.972773999999999717e+02
1.973554000000000030e+02
1.974499999999999886e+02
1.981424999999999557e+02
1.981010000000000275e+02
1.981895999999999844e+02
1.980349999999999966e+02
1.985201000000000136e+02
1.987161000000000115e+02
1.987292999999999665e+02
1.989435000000000286e+02
1.990291999999999746e+02
1.989241999999999848e+02
1.989185999999999979e+02
1.990209999999999866e+02
1.992118000000000109e+02
1.992736000000000445e+02
1.993636999999999944e+02
1.994329000000000178e+02
1.995861000000000161e+02
1.995350000000000250e+02
1.993962999999999965e+02
1.996552999999999827e+02
1.994474000000000160e+02
1.996272999999999911e+02
1.996476000000000113e+02
1.996218999999999824e+02
1.997751000000000090e+02
1.998515000000000441e+02
1.996473000000000013e+02
1.998120999999999867e+02
1.998206000000000415e+02
1.997738999999999976e+02
1.998804999999999836e+02
1.998853000000000009e+02
1.998956999999999482e+02
1.999282000000000039e+02
