1.000000000000000000e+00
1.084499999999999797e+00
1.165099999999999802e+00
1.276200000000000001e+00
1.374700000000000033e+00
1.506699999999999928e+00
1.635400000000000187e+00
1.800300000000000233e+00
1.993199999999999861e+00
2.222499999999999698e+00
2.569299999999999695e+00
2.909899999999999487e+00
3.391999999999999904e+00
4.057800000000000296e+00
5.160699999999999399e+00
6.713499999999999801e+00
9.204600000000001003e+00
1.359200000000000230e+01
1.905339999999999989e+01
2.752080000000000481e+01
3.666449999999999676e+01
4.960559999999998837e+01
6.179180000000000206e+01
7.345579999999999643e+01
8.576330000000000098e+01
9.582240000000000180e+01
1.065652999999999935e+02
1.152524999999999835e+02
1.227676000000000016e+02
1.322912000000000035e+02
1.390176000000000158e+02
1.451428999999999974e+02
1.507483000000000004e+02
1.545289000000000215e+02
1.585558999999999799e+02
1.634106999999999914e+02
1.665536000000000172e+02
1.699497999999999820e+02
1.731153999999999655e+02
1.746194999999999595e+02
1.774439000000000419e+02
1.788465000000000202e+02
1.813606000000000051e+02
1.838196000000000367e+02
1.846510999999999569e+02
1.858706000000000245e+02
1.878660999999999603e+02
1.886969999999998890e+02
1.897189000000000192e+02
1.900062999999999818e+02
1.914829000000000008e+02
1.919085999999999785e+02
1.925309000000000026e+02
1.930416000000000736e+02
1.938204000000000065e+02
1.945140000000000100e+02
1.946337999999999795e+02
1.954257000000000062e+02
1.956191000000000031e+02
1.963979999999999677e+02
1.964497999999999820e+02
1.965751000000000204e+02
1.968062000000000182e+02
1.971223000000000241e+02
1.973162000000000376e+02
1.975161999999999409e+02
1.980582999999999743e+02
1.977487000000000137e+02
1.980678000000000338e+02
1.982116000000000042e+02
1.984997999999999934e+02
1.988070999999999913e+02
1.986725999999999885e+02
1.988093999999999824e+02
1.989028999999999598e+02
1.989081999999999937e+02
1.990846999999999696e+02
1.992027000000000498e+02
1.993328999999999951e+02
1.991927999999999770e+02
1.993833000000000197e+02
1.992793000000000347e+02
1.993543999999999983e+02
1.996068999999999960e+02
1.996116000000000099e+02
1.995690999999999633e+02
1.995148999999999830e+02
1.996662000000000035e+02
1.995082000000000448e+02
1.997205999999999904e+02
1.996725999999999601e+02
1.996692999999999643e+02
1.996816000000000315e+02
1.997563000000000386e+02
1.997170000000000130e+02
1.998873999999999853e+02
1.998817999999999699e+02
1.999216000000000406e+02
1.998461000000000070e+02
1.998506000000000142e+02
