1.000000000000000000e+00
1.084399999999999809e+00
1.164499999999999869e+00
1.273800000000000043e+00
1.368600000000000483e+00
1.490499999999999936e+00
1.608600000000000030e+00
1.752799999999999914e+00
1.916099999999999470e+00
2.095400000000000151e+00
2.337699999999999889e+00
2.569800000000000306e+00
2.842699999999999338e+00
3.173200000000000021e+00
3.611200000000000632e+00
4.167900000000000382e+00
4.830999999999999517e+00
5.776899999999999480e+00
6.711700000000000443e+00
7.823600000000001664e+00
8.763700000000000045e+00
9.878899999999998016e+00
1.051259999999999906e+01
1.113989999999999725e+01
1.144009999999999927e+01
1.173740000000000272e+01
1.167459999999999987e+01
1.172289999999999743e+01
1.157240000000000002e+01
1.168430000000000213e+01
1.132890000000000086e+01
1.127960000000000207e+01
1.109989999999999988e+01
1.086709999999999887e+01
1.080330000000000190e+01
1.055410000000000004e+01
1.038010000000000232e+01
1.020289999999999786e+01
1.002029999999999887e+01
9.908600000000001629e+00
9.766399999999999082e+00
9.500700000000001921e+00
9.402600000000001401e+00
9.286700000000001509e+00
9.114000000000000767e+00
9.006899999999999906e+00
8.848600000000001131e+00
8.814799999999998192e+00
8.629799999999997695e+00
8.528499999999999304e+00
8.393599999999999284e+00
8.272399999999999309e+00
8.149999999999998579e+00
8.086200000000001609e+00
7.974500000000000810e+00
7.886999999999997790e+00
7.781699999999999839e+00
7.746199999999999974e+00
7.630299999999998306e+00
7.556099999999999817e+00
7.455499999999999794e+00
7.371400000000001285e+00
7.328999999999998849e+00
7.237199999999998745e+00
7.138599999999999390e+00
7.101099999999999746e+00
7.028299999999998882e+00
6.980400000000002159e+00
6.896100000000001451e+00
6.841099999999999959e+00
6.755800000000000693e+00
6.683100000000000485e+00
6.668000000000001037e+00
6.615000000000001101e+00
6.556000000000000050e+00
6.515800000000000480e+00
6.442800000000000082e+00
6.414800000000001390e+00
6.353299999999999059e+00
6.343399999999999039e+00
6.271500000000000519e+00
6.230899999999999217e+00
6.198200000000000820e+00
6.201600000000000890e+00
6.133799999999999031e+00
6.127600000000000158e+00
6.053899999999999615e+00
6.046200000000001573e+00
6.012799999999999478e+00
5.966999999999999638e+00
5.948599999999999000e+00
5.920399999999999885e+00
5.878099999999999881e+00
5.855100000000000193e+00
5.822299999999999365e+00
5.768500000000001293e+00
5.756099999999999106e+00
5.679499999999999105e+00
5.668699999999998518e+00
5.658300000000000551e+00
