1.000000000000000000e+00
1.080400000000000249e+00
1.176499999999999879e+00
1.285099999999999909e+00
1.395000000000000018e+00
1.489599999999999813e+00
1.611499999999999488e+00
1.738399999999999945e+00
1.921000000000000041e+00
2.101799999999999446e+00
2.299900000000000055e+00
2.525000000000000355e+00
2.811199999999999921e+00
3.200800000000000534e+00
3.573100000000000165e+00
4.244200000000000195e+00
4.883099999999999774e+00
5.766599999999999504e+00
6.688600000000000101e+00
7.718600000000000350e+00
8.843200000000001282e+00
9.604199999999998738e+00
1.064810000000000478e+01
1.112480000000000224e+01
1.144519999999999982e+01
1.161989999999999945e+01
1.175089999999999968e+01
1.159479999999999755e+01
1.153580000000000005e+01
1.146920000000000250e+01
1.133660000000000068e+01
1.121799999999999642e+01
1.104209999999999958e+01
1.084369999999999834e+01
1.079940000000000033e+01
1.060850000000000115e+01
1.043480000000000096e+01
1.026769999999999960e+01
1.011109999999999864e+01
9.877000000000000668e+00
9.795400000000000773e+00
9.613700000000001467e+00
9.410200000000001452e+00
9.305699999999999861e+00
9.191100000000000492e+00
8.993900000000000006e+00
8.862999999999999545e+00
8.722000000000001307e+00
8.613999999999998991e+00
8.513500000000000512e+00
8.366199999999999193e+00
8.285899999999999821e+00
8.176999999999999602e+00
8.042899999999999494e+00
7.996300000000001518e+00
7.858699999999999797e+00
7.801199999999999690e+00
7.725900000000000212e+00
7.636799999999999145e+00
7.547600000000000975e+00
7.455000000000000071e+00
7.398300000000000765e+00
7.308699999999999974e+00
7.202300000000000146e+00
7.163700000000000401e+00
7.094499999999999140e+00
7.007499999999998508e+00
6.980700000000000571e+00
6.878600000000000492e+00
6.831500000000001016e+00
6.772000000000000242e+00
6.731300000000000061e+00
6.656300000000000772e+00
6.611800000000000566e+00
6.558000000000000718e+00
6.507100000000000328e+00
6.448200000000000820e+00
6.415199999999998681e+00
6.373199999999999754e+00
6.337000000000000632e+00
6.296099999999999142e+00
6.264999999999999680e+00
6.191900000000000404e+00
6.176699999999999413e+00
6.142799999999999372e+00
6.115199999999999747e+00
6.085999999999999410e+00
6.047200000000001019e+00
6.010699999999998155e+00
5.966099999999999959e+00
5.944799999999999862e+00
5.916499999999998316e+00
5.885099999999999554e+00
5.827299999999999258e+00
5.795799999999998953e+00
5.795500000000000540e+00
5.767199999999999882e+00
5.730199999999999072e+00
5.693000000000000504e+00
5.667699999999999960e+00
