1.000000000000000000e+00
1.080400000000000249e+00
1.176999999999999824e+00
1.287099999999999689e+00
1.401199999999999779e+00
1.504399999999999959e+00
1.636299999999999866e+00
1.785099999999999687e+00
1.998300000000000187e+00
2.223800000000000221e+00
2.509300000000000086e+00
2.848300000000000498e+00
3.339199999999999946e+00
4.092800000000000438e+00
4.979300000000000281e+00
6.983799999999998676e+00
9.302300000000000679e+00
1.375549999999999962e+01
1.883500000000000085e+01
2.626610000000000156e+01
3.698100000000000165e+01
4.724340000000000117e+01
6.270210000000000150e+01
7.343019999999998504e+01
8.564640000000002829e+01
9.790550000000001774e+01
1.086125999999999721e+02
1.161961999999999904e+02
1.242697999999999752e+02
1.302391000000000076e+02
1.394882000000000062e+02
1.448392000000000053e+02
1.491791000000000054e+02
1.560365999999999929e+02
1.581249999999999716e+02
1.651336000000000013e+02
1.668247000000000071e+02
1.706936000000000035e+02
1.730626000000000317e+02
1.766885999999999797e+02
1.776775000000000091e+02
1.805375999999999976e+02
1.814567999999999586e+02
1.831784000000000106e+02
1.848799999999999955e+02
1.863237999999999772e+02
1.871880999999999631e+02
1.887424000000000035e+02
1.893953999999999951e+02
1.900501000000000147e+02
1.909047999999999945e+02
1.917238000000000113e+02
1.930585999999999558e+02
1.931538000000000181e+02
1.938188000000000386e+02
1.943251000000000204e+02
1.947669999999999959e+02
1.953213999999999828e+02
1.957661999999999978e+02
1.961520999999999901e+02
1.964463999999999828e+02
1.967159999999999513e+02
1.969673000000000229e+02
1.974878000000000213e+02
1.973332000000000050e+02
1.975302999999999827e+02
1.978709000000000344e+02
1.977366000000000099e+02
1.983679999999999950e+02
1.982904999999999518e+02
1.984371999999999616e+02
1.984329999999999643e+02
1.988807000000000471e+02
1.987624000000000137e+02
1.989509999999999934e+02
1.990033000000000243e+02
1.991381999999999550e+02
1.990234000000000094e+02
1.991257000000000232e+02
1.991870999999999583e+02
1.992707999999999799e+02
1.994726999999999748e+02
1.993603000000000236e+02
1.994873000000000332e+02
1.996284000000000276e+02
1.996053000000000281e+02
1.995170999999999992e+02
1.996001999999999725e+02
1.996360999999999990e+02
1.998379999999999939e+02
1.998130999999999631e+02
1.996969000000000278e+02
1.997813000000000159e+02
1.997625000000000455e+02
1.998918999999999926e+02
1.998250999999999920e+02
1.998984000000000378e+02
1.999267000000000110e+02
1.998397000000000219e+02
1.999074000000000240e+02
