1.000000000000000000e+00
1.077100000000000168e+00
1.167700000000000182e+00
1.276899999999999924e+00
1.384200000000000097e+00
1.502699999999999925e+00
1.616100000000000314e+00
1.758499999999999730e+00
1.897400000000000420e+00
2.071399999999999686e+00
2.310299999999999798e+00
2.571099999999999497e+00
2.849700000000000344e+00
3.184700000000000752e+00
3.695200000000000262e+00
4.046000000000000263e+00
4.968700000000000117e+00
5.847399999999998599e+00
6.655100000000000904e+00
7.811399999999999899e+00
8.903700000000000614e+00
9.758599999999999497e+00
1.067459999999999987e+01
1.110869999999999891e+01
1.133519999999999683e+01
1.150439999999999685e+01
1.168690000000000140e+01
1.169880000000000031e+01
1.161770000000000280e+01
1.149190000000000111e+01
1.134799999999999898e+01
1.123790000000000155e+01
1.107380000000000031e+01
1.076769999999999960e+01
1.068809999999999860e+01
1.063179999999999836e+01
1.045149999999999935e+01
1.024390000000000178e+01
1.005139999999999922e+01
9.945400000000001128e+00
9.691399999999999793e+00
9.613000000000001322e+00
9.398600000000000065e+00
9.309200000000000585e+00
9.169000000000000483e+00
9.029099999999999682e+00
8.887599999999999056e+00
8.776000000000001577e+00
8.629599999999999937e+00
8.475600000000000023e+00
8.376599999999998047e+00
8.283200000000000784e+00
8.178599999999999426e+00
8.113500000000001933e+00
7.980199999999999072e+00
7.879599999999999937e+00
7.787899999999998712e+00
7.653800000000000381e+00
7.626100000000000989e+00
7.522599999999998843e+00
7.434400000000000119e+00
7.369699999999999029e+00
7.306900000000000617e+00
7.217400000000001370e+00
7.202200000000000379e+00
7.085000000000000853e+00
7.005899999999999572e+00
6.958199999999999719e+00
6.905299999999999550e+00
6.823900000000000077e+00
6.774899999999999700e+00
6.710400000000000809e+00
6.659099999999999575e+00
6.626800000000000246e+00
6.526700000000000834e+00
6.506800000000001916e+00
6.489099999999999646e+00
6.425600000000000200e+00
6.344999999999999751e+00
6.312300000000001354e+00
6.253499999999999837e+00
6.261199999999999655e+00
6.216400000000001036e+00
6.190000000000000391e+00
6.116699999999999804e+00
6.100399999999999601e+00
6.067400000000002791e+00
6.053600000000000314e+00
6.016399999999999970e+00
5.979800000000000004e+00
5.962799999999999656e+00
5.940199999999999925e+00
5.874000000000000554e+00
5.860499999999998266e+00
5.808599999999999319e+00
5.789800000000000502e+00
5.764200000000000657e+00
5.732599999999998808e+00
5.656699999999999839e+00
5.670700000000000074e+00
