1.000000000000000000e+00
1.077100000000000168e+00
1.168000000000000149e+00
1.279099999999999904e+00
1.391000000000000236e+00
1.516899999999999915e+00
1.640300000000000091e+00
1.803099999999999925e+00
1.976699999999999902e+00
2.194299999999999695e+00
2.519000000000000128e+00
2.912599999999999412e+00
3.377700000000000369e+00
4.058699999999999086e+00
5.320599999999999774e+00
6.389600000000000612e+00
9.601800000000000779e+00
1.393719999999999715e+01
1.902189999999999870e+01
2.730389999999999873e+01
3.644050000000000011e+01
4.694250000000000256e+01
6.213179999999999126e+01
7.365810000000000457e+01
8.562190000000001078e+01
9.533370000000000744e+01
1.055542999999999836e+02
1.150855999999999995e+02
1.251517000000000195e+02
1.316726999999999919e+02
1.399714999999999918e+02
1.441903000000000361e+02
1.498032999999999788e+02
1.532432000000000016e+02
1.587239000000000431e+02
1.641029000000000053e+02
1.665729999999999507e+02
1.693863999999999805e+02
1.730872000000000241e+02
1.754642999999999802e+02
1.765510999999999626e+02
1.798346999999999412e+02
1.799630999999999688e+02
1.828943000000000154e+02
1.855663999999999874e+02
1.869755999999999858e+02
1.874266999999999825e+02
1.890160999999999660e+02
1.893378000000000156e+02
1.906850999999999772e+02
1.908941000000000372e+02
1.915540000000000020e+02
1.926270999999999844e+02
1.926962999999999795e+02
1.945235000000000127e+02
1.942281999999999869e+02
1.951865999999999985e+02
1.954956999999999709e+02
1.952449000000000581e+02
1.963673000000000002e+02
1.961082999999999856e+02
1.969667000000000314e+02
1.971006000000000142e+02
1.972732000000000312e+02
1.970699999999999932e+02
1.979794999999999447e+02
1.978986999999999625e+02
1.977782999999999731e+02
1.981493999999999858e+02
1.982972000000000037e+02
1.984775999999999954e+02
1.985365999999999644e+02
1.985400999999999954e+02
1.987898000000000422e+02
1.990385999999999740e+02
1.991020999999999788e+02
1.990552999999999599e+02
1.993238000000000341e+02
1.993029000000000224e+02
1.992327999999999975e+02
1.995063999999999851e+02
1.994145999999999788e+02
1.993114999999999384e+02
1.994687999999999874e+02
1.995130999999999801e+02
1.994385999999999797e+02
1.997095999999999947e+02
1.995344999999999800e+02
1.995636000000000081e+02
1.997931999999999562e+02
1.996830000000000211e+02
1.997546000000000390e+02
1.995824000000000069e+02
1.998416000000000849e+02
1.998815000000000168e+02
1.998283999999999878e+02
1.998209000000000515e+02
1.998464999999999918e+02
1.999158999999999935e+02
1.998868999999999971e+02
