1.000000000000000000e+00
1.084199999999999831e+00
1.181399999999999784e+00
1.260900000000000132e+00
1.390300000000000091e+00
1.486500000000000377e+00
1.621299999999999963e+00
1.750199999999999756e+00
1.898699999999999832e+00
2.114499999999999602e+00
2.279999999999999805e+00
2.550300000000000011e+00
2.855499999999999705e+00
3.188099999999999046e+00
3.588299999999999823e+00
4.136199999999999655e+00
4.872299999999999187e+00
5.673499999999998877e+00
6.664800000000000502e+00
7.837000000000001521e+00
9.005900000000000460e+00
9.719500000000001805e+00
1.047670000000000101e+01
1.091689999999999650e+01
1.139509999999999756e+01
1.147029999999999994e+01
1.153299999999999947e+01
1.172309999999999874e+01
1.169379999999999598e+01
1.143370000000000175e+01
1.138390000000000057e+01
1.119860000000000078e+01
1.110579999999999856e+01
1.089709999999999823e+01
1.079030000000000022e+01
1.064400000000000013e+01
1.035119999999999862e+01
1.020610000000000106e+01
1.002959999999999852e+01
9.912700000000000955e+00
9.715699999999998226e+00
9.580499999999998906e+00
9.362199999999999633e+00
9.302999999999999048e+00
9.097800000000001219e+00
9.045700000000000074e+00
8.900299999999997880e+00
8.754699999999999704e+00
8.577399999999999025e+00
8.482900000000000773e+00
8.397299999999999542e+00
8.291800000000000281e+00
8.164999999999999147e+00
8.085599999999999454e+00
7.981499999999998707e+00
7.921699999999998631e+00
7.784600000000000186e+00
7.700399999999999245e+00
7.584299999999999820e+00
7.509400000000000297e+00
7.465399999999999814e+00
7.370200000000002305e+00
7.321699999999999875e+00
7.229400000000000936e+00
7.189799999999999969e+00
7.100900000000001100e+00
7.030799999999998384e+00
6.979199999999999626e+00
6.883700000000001040e+00
6.825499999999998124e+00
6.781100000000000350e+00
6.724899999999999878e+00
6.643299999999999095e+00
6.583599999999998786e+00
6.561699999999999200e+00
6.526299999999999990e+00
6.451500000000001123e+00
6.422299999999999898e+00
6.356800000000000672e+00
6.336100000000000954e+00
6.277699999999999392e+00
6.244099999999999540e+00
6.216099999999999071e+00
6.170800000000000729e+00
6.138000000000000789e+00
6.126300000000001411e+00
6.086800000000000210e+00
6.052199999999999136e+00
5.998699999999998589e+00
5.977500000000000036e+00
5.959600000000000009e+00
5.910399999999999210e+00
5.873899999999999011e+00
5.868599999999998929e+00
5.837200000000001054e+00
5.781700000000000728e+00
5.764700000000000379e+00
5.717799999999998661e+00
5.671799999999999287e+00
5.645099999999998452e+00
