1.000000000000000000e+00
1.084199999999999831e+00
1.181899999999999729e+00
1.262900000000000134e+00
1.398100000000000342e+00
1.499599999999999822e+00
1.648800000000000043e+00
1.795500000000000096e+00
1.966500000000000137e+00
2.235399999999999832e+00
2.479599999999999582e+00
2.896699999999999608e+00
3.420400000000000329e+00
4.090900000000001313e+00
5.077799999999999869e+00
6.652099999999999014e+00
9.193399999999998684e+00
1.310810000000000208e+01
1.878730000000000189e+01
2.739209999999999567e+01
3.850540000000000163e+01
4.859210000000000207e+01
5.991450000000001808e+01
7.266079999999999472e+01
8.489520000000000266e+01
9.438419999999997856e+01
1.070467000000000155e+02
1.162741000000000042e+02
1.238036999999999921e+02
1.306336000000000013e+02
1.369411999999999807e+02
1.455336000000000070e+02
1.509842999999999904e+02
1.555466999999999871e+02
1.603481999999999914e+02
1.637322999999999809e+02
1.656305000000000405e+02
1.689384999999999764e+02
1.721325999999999397e+02
1.755016999999999712e+02
1.778224000000000160e+02
1.797664000000000328e+02
1.814598000000000013e+02
1.830803999999999974e+02
1.842204999999999870e+02
1.861845999999999890e+02
1.874230000000000018e+02
1.881654000000000053e+02
1.889857000000000369e+02
1.904490999999999588e+02
1.909250000000000114e+02
1.915709999999999980e+02
1.924584999999999866e+02
1.937109000000000094e+02
1.940877000000000123e+02
1.946868999999999801e+02
1.946852999999999838e+02
1.954505000000000337e+02
1.957849000000000217e+02
1.957702000000000169e+02
1.962890999999999906e+02
1.965576000000000079e+02
1.969426000000000272e+02
1.972398000000000025e+02
1.976049999999999898e+02
1.975182000000000926e+02
1.976402999999999963e+02
1.979216000000000690e+02
1.982722000000000548e+02
1.983217999999999961e+02
1.983804999999999552e+02
1.984501999999999384e+02
1.987450000000000045e+02
1.987094000000000165e+02
1.990304000000000144e+02
1.990519000000000460e+02
1.991647999999999570e+02
1.991663999999999817e+02
1.992267999999999972e+02
1.993381000000000256e+02
1.992335000000000207e+02
1.994463999999999828e+02
1.993722000000000207e+02
1.996037000000000319e+02
1.994835999999999956e+02
1.995198000000000036e+02
1.996759000000000128e+02
1.996488999999999976e+02
1.997027999999999963e+02
1.997630999999999801e+02
1.998484999999999445e+02
1.998815999999999633e+02
1.998296000000000276e+02
1.998632000000000346e+02
1.997224000000000217e+02
1.999626000000000090e+02
1.998730000000000189e+02
1.998108000000000573e+02
1.999379999999999882e+02
1.997702999999999918e+02
