1.000000000000000000e+00
1.085199999999999942e+00
1.174900000000000055e+00
1.268399999999999972e+00
1.394000000000000128e+00
1.494400000000000173e+00
1.647800000000000376e+00
1.796200000000000241e+00
1.981600000000000028e+00
2.254499999999999726e+00
2.533900000000000041e+00
2.826700000000000212e+00
3.337700000000000333e+00
4.131400000000000183e+00
5.169200000000000017e+00
6.866600000000000037e+00
9.659500000000001307e+00
1.351190000000000069e+01
1.908450000000000202e+01
2.692639999999999745e+01
3.681510000000000105e+01
4.692960000000000065e+01
5.994889999999999475e+01
7.307059999999999889e+01
8.654129999999999256e+01
9.738259999999999650e+01
1.072099000000000046e+02
1.164013000000000062e+02
1.237481999999999971e+02
1.342567999999999984e+02
1.370919000000000096e+02
1.445732000000000141e+02
1.502401000000000124e+02
1.543579000000000008e+02
1.588707999999999743e+02
1.617069999999999936e+02
1.665250000000000057e+02
1.707145000000000152e+02
1.731413000000000011e+02
1.757754999999999939e+02
1.777419999999999618e+02
1.798090000000000259e+02
1.805417000000000485e+02
1.822375999999999863e+02
1.846795000000000186e+02
1.868695999999999913e+02
1.876387000000000000e+02
1.889428000000000338e+02
1.895498000000000047e+02
1.900227000000000146e+02
1.913876999999999953e+02
1.916717999999999904e+02
1.922853999999999814e+02
1.934911000000000456e+02
1.937964000000000055e+02
1.942440999999999747e+02
1.953786000000000342e+02
1.949059000000000026e+02
1.958307000000000357e+02
1.962182000000000244e+02
1.964048000000000229e+02
1.966280999999999892e+02
1.969833999999999889e+02
1.971728000000000236e+02
1.975011999999999830e+02
1.976373999999999853e+02
1.979288999999999987e+02
1.978254000000000588e+02
1.982643999999999949e+02
1.983950999999999851e+02
1.984252999999999929e+02
1.984972000000000207e+02
1.986309999999999718e+02
1.989011000000000422e+02
1.989211999999999989e+02
1.989291000000000054e+02
1.990271999999999650e+02
1.993048000000000002e+02
1.991593999999999767e+02
1.993757999999999697e+02
1.993663999999999987e+02
1.992693000000000438e+02
1.995938999999999908e+02
1.994665999999999997e+02
1.995579999999999927e+02
1.994886999999999944e+02
1.995512999999999693e+02
1.996513999999999953e+02
1.997497999999999934e+02
1.996152999999999906e+02
1.996584000000000003e+02
1.997401000000000124e+02
1.996798000000000002e+02
1.997314999999999827e+02
1.998582999999999856e+02
1.998104000000000156e+02
1.997404999999999688e+02
1.997434000000000367e+02
1.997807999999999709e+02
1.999086999999999819e+02
