1.000000000000000000e+00
1.085099999999999953e+00
1.174199999999999910e+00
1.266199999999999992e+00
1.386200000000000321e+00
1.481600000000000028e+00
1.623099999999999765e+00
1.756899999999999684e+00
1.908499999999999863e+00
2.122900000000000009e+00
2.325000000000000178e+00
2.520799999999999930e+00
2.804899999999999949e+00
3.219599999999999795e+00
3.620499999999999385e+00
4.169999999999999041e+00
4.886199999999999655e+00
5.738699999999999690e+00
6.693999999999999950e+00
7.849500000000001698e+00
8.807299999999999685e+00
9.633199999999998653e+00
1.039810000000000123e+01
1.107549999999999990e+01
1.136970000000000169e+01
1.164110000000000156e+01
1.170559999999999690e+01
1.172490000000000165e+01
1.163199999999999790e+01
1.159879999999999889e+01
1.132259999999999778e+01
1.133030000000000115e+01
1.106830000000000069e+01
1.080800000000000161e+01
1.073989999999999867e+01
1.061749999999999972e+01
1.036609999999999943e+01
1.027920000000000122e+01
1.013770000000000060e+01
9.955000000000001847e+00
9.737099999999998090e+00
9.602300000000001390e+00
9.403500000000001080e+00
9.295799999999999841e+00
9.110300000000000509e+00
9.040699999999999292e+00
8.928300000000000125e+00
8.765299999999999869e+00
8.658100000000001017e+00
8.433299999999999130e+00
8.415399999999998215e+00
8.360400000000000276e+00
8.164699999999999847e+00
8.086399999999999366e+00
7.963999999999999524e+00
7.844800000000001106e+00
7.761400000000000965e+00
7.709700000000000664e+00
7.661800000000000388e+00
7.554100000000000037e+00
7.463599999999998680e+00
7.378699999999998482e+00
7.284399999999999764e+00
7.178400000000001668e+00
7.155299999999999550e+00
7.100299999999999834e+00
7.024500000000001521e+00
6.920599999999999419e+00
6.900200000000000777e+00
6.856700000000000017e+00
6.791099999999999248e+00
6.729800000000000004e+00
6.648299999999998988e+00
6.625000000000000000e+00
6.562999999999999723e+00
6.496700000000001474e+00
6.478799999999999670e+00
6.404700000000000060e+00
6.363899999999998336e+00
6.319900000000000517e+00
6.273600000000000954e+00
6.242799999999999905e+00
6.207999999999999297e+00
6.182599999999999874e+00
6.125400000000000844e+00
6.103700000000000792e+00
6.097699999999999676e+00
6.040000000000000036e+00
5.993200000000000749e+00
5.981200000000000294e+00
5.949799999999997979e+00
5.913300000000000445e+00
5.908499999999999197e+00
5.869300000000000850e+00
5.833600000000000563e+00
5.790800000000000836e+00
5.780800000000000161e+00
5.741399999999999615e+00
5.693799999999999528e+00
5.664300000000000779e+00
