1.000000000000000000e+00
1.082899999999999974e+00
1.170800000000000063e+00
1.258599999999999941e+00
1.379800000000000360e+00
1.487699999999999800e+00
1.652199999999999891e+00
1.799300000000000122e+00
1.980100000000000193e+00
2.243100000000000094e+00
2.490099999999999980e+00
2.860299999999999621e+00
3.300800000000001067e+00
3.972299999999998832e+00
5.290500000000000647e+00
7.109400000000001718e+00
9.100500000000002032e+00
1.304160000000000075e+01
1.987529999999999930e+01
2.678589999999999804e+01
3.608370000000000033e+01
4.837360000000000326e+01
6.054159999999998831e+01
7.501299999999997681e+01
8.381370000000001141e+01
9.817050000000000409e+01
1.078385000000000105e+02
1.140061000000000178e+02
1.255090000000000146e+02
1.321131000000000029e+02
1.383226999999999975e+02
1.438888000000000034e+02
1.513906000000000063e+02
1.547642999999999915e+02
1.595173000000000059e+02
1.629123999999999910e+02
1.667073000000000036e+02
1.689907000000000039e+02
1.737710000000000150e+02
1.746642999999999972e+02
1.783341999999999814e+02
1.791495000000000175e+02
1.808059000000000367e+02
1.837339000000000340e+02
1.847213999999999885e+02
1.870267000000000053e+02
1.870559000000000083e+02
1.879277999999999622e+02
1.894793000000000518e+02
1.907312999999999761e+02
1.912687000000000239e+02
1.921573999999999671e+02
1.928866000000000440e+02
1.934004999999999654e+02
1.939799999999999898e+02
1.939850000000000136e+02
1.949183000000000163e+02
1.951608000000000231e+02
1.954144999999999754e+02
1.961167000000000087e+02
1.963299000000000092e+02
1.966169000000000722e+02
1.970333999999999719e+02
1.972442999999999529e+02
1.972967000000000155e+02
1.977535000000000309e+02
1.978960000000000150e+02
1.981630999999999858e+02
1.982461999999999591e+02
1.983592999999999904e+02
1.983894999999999982e+02
1.983866000000000440e+02
1.989657999999999731e+02
1.988549000000000149e+02
1.988793000000000006e+02
1.990303000000000111e+02
1.992248999999999910e+02
1.991854000000000156e+02
1.993057999999999765e+02
1.993984999999999559e+02
1.994592000000000098e+02
1.995578000000000145e+02
1.993769000000000631e+02
1.994965000000000259e+02
1.995187999999999988e+02
1.996502000000000407e+02
1.995739999999999839e+02
1.995695000000000050e+02
1.995126999999999668e+02
1.996929999999999836e+02
1.995897000000000219e+02
1.996726999999999919e+02
1.997793000000000063e+02
1.998079999999999927e+02
1.997310999999999979e+02
1.997909999999999400e+02
1.998062000000000182e+02
1.998988000000000227e+02
1.998627000000000180e+02
1.998088000000000193e+02
