1.000000000000000000e+00
1.082699999999999996e+00
1.169999999999999929e+00
1.256000000000000005e+00
1.373900000000000343e+00
1.473900000000000210e+00
1.625500000000000167e+00
1.754900000000000126e+00
1.899499999999999966e+00
2.107599999999999696e+00
2.295900000000000496e+00
2.543400000000000105e+00
2.782500000000000195e+00
3.123299999999999965e+00
3.667300000000000004e+00
4.253099999999999881e+00
4.771700000000000941e+00
5.630799999999998917e+00
6.847300000000000608e+00
7.769299999999999429e+00
8.779899999999999594e+00
9.784500000000001307e+00
1.045410000000000039e+01
1.118560000000000088e+01
1.141999999999999815e+01
1.167159999999999798e+01
1.174990000000000023e+01
1.156390000000000384e+01
1.157540000000000013e+01
1.139399999999999835e+01
1.132310000000000194e+01
1.124300000000000210e+01
1.105790000000000006e+01
1.087240000000000073e+01
1.067539999999999978e+01
1.060409999999999897e+01
1.040099999999999980e+01
1.024329999999999963e+01
1.003320000000000078e+01
9.861799999999998789e+00
9.809499999999999886e+00
9.542400000000000659e+00
9.417200000000001125e+00
9.236200000000001964e+00
9.161099999999999355e+00
9.091799999999999216e+00
8.927400000000000446e+00
8.723699999999999122e+00
8.598099999999998744e+00
8.535399999999999210e+00
8.356799999999999784e+00
8.275299999999999656e+00
8.185200000000000031e+00
8.043300000000000338e+00
7.979600000000000470e+00
7.921099999999999142e+00
7.757500000000000284e+00
7.745199999999999640e+00
7.609599999999999476e+00
7.537399999999999878e+00
7.436099999999999710e+00
7.370000000000000107e+00
7.289300000000000779e+00
7.214800000000000324e+00
7.160400000000000986e+00
7.089400000000000368e+00
7.053100000000000591e+00
6.991600000000000037e+00
6.902200000000000557e+00
6.857900000000000773e+00
6.741099999999999426e+00
6.703099999999999170e+00
6.654399999999998983e+00
6.581799999999999429e+00
6.579800000000000537e+00
6.540800000000000836e+00
6.451399999999999579e+00
6.417200000000000237e+00
6.390399999999999636e+00
6.333100000000001728e+00
6.304300000000000459e+00
6.257299999999998974e+00
6.234099999999999753e+00
6.172200000000000131e+00
6.148199999999999221e+00
6.112099999999998978e+00
6.067599999999998772e+00
6.050599999999998424e+00
6.025100000000000122e+00
5.990700000000000358e+00
5.980800000000000338e+00
5.895199999999999996e+00
5.869699999999999029e+00
5.875899999999998791e+00
5.836400000000000254e+00
5.800500000000000433e+00
5.756100000000000882e+00
5.725999999999999091e+00
5.689600000000000435e+00
5.658099999999999241e+00
