1.000000000000000000e+00
1.083100000000000174e+00
1.178099999999999925e+00
1.271500000000000075e+00
1.357299999999999951e+00
1.474300000000000388e+00
1.607300000000000173e+00
1.758599999999999941e+00
1.913999999999999702e+00
2.082800000000000207e+00
2.333599999999999675e+00
2.543000000000000149e+00
2.836100000000000065e+00
3.231599999999999806e+00
3.573199999999999932e+00
4.101899999999999658e+00
4.890300000000000757e+00
5.621199999999999086e+00
6.537600000000000300e+00
7.870400000000000951e+00
8.797800000000000509e+00
9.792500000000000426e+00
1.039599999999999902e+01
1.120029999999999681e+01
1.142040000000000433e+01
1.164910000000000068e+01
1.170960000000000001e+01
1.164369999999999905e+01
1.171180000000000021e+01
1.152520000000000167e+01
1.134799999999999898e+01
1.124010000000000176e+01
1.104530000000000278e+01
1.095839999999999748e+01
1.078709999999999880e+01
1.064470000000000027e+01
1.042569999999999908e+01
1.019059999999999988e+01
1.008810000000000073e+01
9.860900000000000887e+00
9.724000000000000199e+00
9.605799999999998562e+00
9.366300000000000736e+00
9.316800000000002413e+00
9.223000000000000753e+00
9.036599999999999966e+00
8.848100000000002296e+00
8.784500000000001307e+00
8.627299999999998192e+00
8.497600000000000264e+00
8.383200000000000429e+00
8.316500000000001336e+00
8.230400000000001270e+00
8.082799999999998875e+00
7.987400000000000944e+00
7.888100000000000556e+00
7.802899999999998393e+00
7.729299999999999393e+00
7.627200000000001090e+00
7.516500000000000625e+00
7.418899999999998940e+00
7.395500000000001073e+00
7.297099999999999476e+00
7.222300000000001496e+00
7.195399999999999352e+00
7.053899999999999615e+00
7.020600000000000840e+00
6.999299999999998079e+00
6.901700000000000834e+00
6.847599999999999909e+00
6.769600000000000506e+00
6.738699999999999690e+00
6.651699999999999946e+00
6.616099999999999426e+00
6.537999999999999368e+00
6.523100000000000342e+00
6.484600000000000364e+00
6.406699999999999839e+00
6.360400000000001164e+00
6.350200000000000955e+00
6.274599999999999511e+00
6.221899999999999764e+00
6.228099999999999525e+00
6.180100000000001259e+00
6.161799999999999500e+00
6.099400000000000155e+00
6.095700000000000784e+00
6.038299999999999557e+00
6.011600000000000499e+00
5.971899999999999764e+00
5.964199999999999946e+00
5.923700000000000188e+00
5.922600000000000975e+00
5.851199999999998624e+00
5.843599999999998573e+00
5.805400000000002336e+00
5.741800000000001347e+00
5.718099999999997962e+00
5.679800000000000182e+00
5.679699999999999527e+00
