1.000000000000000000e+00
1.083200000000000163e+00
1.178799999999999848e+00
1.273700000000000054e+00
1.362100000000000088e+00
1.485400000000000276e+00
1.632299999999999862e+00
1.807700000000000085e+00
1.989199999999999857e+00
2.207200000000000273e+00
2.556900000000000173e+00
2.886299999999999866e+00
3.373499999999999499e+00
4.115300000000000402e+00
5.016600000000000392e+00
6.674200000000000799e+00
9.459699999999999775e+00
1.318300000000000161e+01
1.868299999999999983e+01
2.775529999999999831e+01
3.690270000000000294e+01
4.828750000000000142e+01
5.948049999999999926e+01
7.425480000000000302e+01
8.496780000000002531e+01
9.827219999999999800e+01
1.066967999999999819e+02
1.132287000000000035e+02
1.250084999999999980e+02
1.317407000000000323e+02
1.404929000000000201e+02
1.451993999999999971e+02
1.520398000000000422e+02
1.547486000000000104e+02
1.599524000000000115e+02
1.642972000000000037e+02
1.681836999999999875e+02
1.709308000000000050e+02
1.724726000000000283e+02
1.749199999999999875e+02
1.781073999999999558e+02
1.787704999999999984e+02
1.823419999999999845e+02
1.829334000000000060e+02
1.853134999999999764e+02
1.858894999999999982e+02
1.873182999999999936e+02
1.882270999999999788e+02
1.887119000000000142e+02
1.902718000000000416e+02
1.914742000000000246e+02
1.916138999999999442e+02
1.926900999999999726e+02
1.932527000000000044e+02
1.944949999999999761e+02
1.945368999999999744e+02
1.945893999999999835e+02
1.950960000000000321e+02
1.954454000000000065e+02
1.956190000000000282e+02
1.964519999999999698e+02
1.965336999999999819e+02
1.970620999999999867e+02
1.970235000000000127e+02
1.974884000000000128e+02
1.976766000000000076e+02
1.978788999999999589e+02
1.980911000000000115e+02
1.981398000000000081e+02
1.984368999999999801e+02
1.986810000000000116e+02
1.988896000000000299e+02
1.985067000000000235e+02
1.988063000000000500e+02
1.988195999999999799e+02
1.990291000000000281e+02
1.989852999999999952e+02
1.991383999999999901e+02
1.993198999999999899e+02
1.990774999999999579e+02
1.992538999999999874e+02
1.995699999999999648e+02
1.994097999999999900e+02
1.993641000000000361e+02
1.996298000000000457e+02
1.996331999999999880e+02
1.995780999999999779e+02
1.996982999999999890e+02
1.996858000000000288e+02
1.997208000000000254e+02
1.998028000000000191e+02
1.996629999999999825e+02
1.998089999999999691e+02
1.997470000000000425e+02
1.997870999999999810e+02
1.998320999999999970e+02
1.999337000000000160e+02
1.999188000000000045e+02
1.998855000000000359e+02
1.999086999999999819e+02
