1.000000000000000000e+00
1.082000000000000073e+00
1.169499999999999984e+00
1.272199999999999998e+00
1.392599999999999838e+00
1.499799999999999578e+00
1.643900000000000139e+00
1.803099999999999703e+00
1.996800000000000352e+00
2.204999999999999627e+00
2.494599999999999707e+00
2.844399999999999817e+00
3.457699999999999996e+00
4.086199999999999832e+00
5.146100000000000563e+00
6.612800000000000900e+00
9.667600000000000193e+00
1.344710000000000072e+01
1.865929999999999822e+01
2.741250000000000142e+01
3.677029999999999887e+01
4.560880000000000223e+01
6.091210000000000235e+01
7.262479999999999336e+01
8.461160000000000991e+01
9.688710000000000377e+01
1.069013999999999953e+02
1.164710000000000178e+02
1.232864000000000004e+02
1.310526999999999873e+02
1.385703999999999780e+02
1.449798999999999864e+02
1.487276999999999703e+02
1.546621000000000095e+02
1.583711999999999875e+02
1.636658999999999935e+02
1.665657999999999674e+02
1.697638000000000034e+02
1.728948000000000320e+02
1.735836000000000183e+02
1.778491999999999962e+02
1.796598999999999933e+02
1.808738000000000170e+02
1.831867000000000303e+02
1.840890000000000555e+02
1.861119999999999948e+02
1.869374000000000535e+02
1.881463000000000534e+02
1.889091000000000236e+02
1.903759000000000015e+02
1.907251999999999725e+02
1.919816000000000429e+02
1.927306000000000097e+02
1.928336999999999648e+02
1.933579000000000008e+02
1.945965999999999951e+02
1.948693999999999846e+02
1.953674000000000035e+02
1.955576000000000647e+02
1.958143999999999494e+02
1.966457999999999515e+02
1.968471000000000402e+02
1.973857000000000426e+02
1.969944999999999595e+02
1.976412000000000546e+02
1.978667000000000087e+02
1.976914999999999907e+02
1.980182000000000357e+02
1.981380999999999517e+02
1.982103000000000179e+02
1.982601999999999975e+02
1.985846000000000231e+02
1.985613999999999919e+02
1.989011000000000138e+02
1.987287999999999784e+02
1.992240999999999929e+02
1.991750999999999863e+02
1.992134000000000071e+02
1.991813999999999965e+02
1.991637999999999806e+02
1.992881000000000142e+02
1.995083000000000197e+02
1.995403000000000020e+02
1.995335000000000321e+02
1.994393999999999494e+02
1.995644000000000347e+02
1.995341999999999700e+02
1.996604999999999848e+02
1.995354999999999848e+02
1.997776000000000067e+02
1.996356000000000392e+02
1.996331999999999880e+02
1.995995999999999810e+02
1.997998000000000332e+02
1.997341000000000406e+02
1.998430000000000177e+02
1.999111000000000047e+02
1.998613000000000000e+02
1.998779000000000110e+02
1.999095000000000084e+02
