1.000000000000000000e+00
1.081900000000000084e+00
1.168900000000000050e+00
1.269700000000000051e+00
1.386799999999999811e+00
1.488000000000000211e+00
1.620200000000000085e+00
1.757900000000000018e+00
1.921799999999999731e+00
2.081300000000000150e+00
2.302799999999999958e+00
2.518199999999999772e+00
2.883800000000000363e+00
3.193499999999999783e+00
3.647100000000000453e+00
4.116500000000001158e+00
4.916700000000000514e+00
5.713199999999999612e+00
6.616900000000000226e+00
7.820999999999998842e+00
8.785800000000000054e+00
9.564699999999998425e+00
1.044260000000000055e+01
1.102500000000000036e+01
1.132319999999999993e+01
1.150449999999999839e+01
1.164519999999999911e+01
1.161490000000000222e+01
1.155869999999999820e+01
1.156159999999999854e+01
1.139619999999999855e+01
1.117650000000000077e+01
1.105760000000000254e+01
1.092030000000000278e+01
1.078179999999999872e+01
1.053829999999999956e+01
1.040930000000000000e+01
1.024379999999999846e+01
1.008389999999999986e+01
9.852699999999998681e+00
9.714800000000000324e+00
9.606700000000000017e+00
9.427699999999999747e+00
9.240800000000000125e+00
9.154200000000001225e+00
9.021599999999999397e+00
8.847800000000001219e+00
8.740999999999999659e+00
8.642299999999998761e+00
8.482800000000001006e+00
8.378599999999998715e+00
8.311600000000000321e+00
8.177100000000001145e+00
8.068500000000000227e+00
7.998599999999999710e+00
7.876500000000000057e+00
7.825299999999999478e+00
7.689299999999999358e+00
7.641499999999998849e+00
7.511199999999997878e+00
7.484799999999999010e+00
7.394399999999999196e+00
7.309799999999999187e+00
7.225199999999998290e+00
7.184799999999999187e+00
7.086199999999999832e+00
7.049900000000000944e+00
6.956100000000000172e+00
6.894699999999999385e+00
6.843099999999999739e+00
6.816400000000002457e+00
6.731400000000002493e+00
6.648800000000001376e+00
6.623999999999998778e+00
6.563600000000000101e+00
6.502600000000000158e+00
6.453599999999999781e+00
6.431699999999999307e+00
6.376899999999999125e+00
6.328599999999999781e+00
6.276200000000001111e+00
6.237799999999998235e+00
6.221899999999999764e+00
6.182199999999999029e+00
6.141400000000000858e+00
6.100699999999999790e+00
6.065699999999999648e+00
6.049399999999999444e+00
6.005300000000000082e+00
5.974499999999999034e+00
5.976900000000001434e+00
5.927900000000001057e+00
5.863699999999999690e+00
5.858699999999998909e+00
5.799399999999999444e+00
5.783300000000000551e+00
5.745699999999999363e+00
5.716900000000000759e+00
5.721599999999998687e+00
5.634600000000000719e+00
