1.000000000000000000e+00
1.082600000000000007e+00
1.173099999999999810e+00
1.266599999999999948e+00
1.375999999999999890e+00
1.489600000000000035e+00
1.603200000000000180e+00
1.775299999999999656e+00
1.923200000000000243e+00
2.119100000000000428e+00
2.329199999999999715e+00
2.528499999999999748e+00
2.822100000000000275e+00
3.137100000000000222e+00
3.578700000000000436e+00
4.144500000000000739e+00
4.868500000000000050e+00
5.724599999999997912e+00
6.591899999999998983e+00
7.730499999999999261e+00
8.953799999999999315e+00
9.641099999999999781e+00
1.064939999999999820e+01
1.094840000000000124e+01
1.147190000000000332e+01
1.156360000000000099e+01
1.171069999999999922e+01
1.170600000000000129e+01
1.166299999999999670e+01
1.142089999999999606e+01
1.141430000000000433e+01
1.126099999999999923e+01
1.108879999999999910e+01
1.089919999999999867e+01
1.073000000000000043e+01
1.045929999999999893e+01
1.039749999999999730e+01
1.023489999999999966e+01
1.004360000000000142e+01
9.911200000000000898e+00
9.762800000000000367e+00
9.604300000000000281e+00
9.408300000000002328e+00
9.305799999999999628e+00
9.170499999999998764e+00
9.041700000000000514e+00
8.896800000000000708e+00
8.746800000000000352e+00
8.628400000000000958e+00
8.498500000000001720e+00
8.448899999999998300e+00
8.266899999999999693e+00
8.156599999999999184e+00
8.085499999999999687e+00
8.006300000000001305e+00
7.882999999999999119e+00
7.808299999999999130e+00
7.678700000000000081e+00
7.614300000000000956e+00
7.549299999999999677e+00
7.460099999999999731e+00
7.392700000000001381e+00
7.300099999999999589e+00
7.191999999999999282e+00
7.156900000000000261e+00
7.119100000000000428e+00
7.020599999999999064e+00
6.978199999999998404e+00
6.897599999999999731e+00
6.848300000000000054e+00
6.792600000000000193e+00
6.721400000000000929e+00
6.664400000000000546e+00
6.604000000000001869e+00
6.560999999999999943e+00
6.512299999999998867e+00
6.453700000000001324e+00
6.440800000000000303e+00
6.379000000000001336e+00
6.319299999999998363e+00
6.303199999999999470e+00
6.230900000000000105e+00
6.225399999999999601e+00
6.164800000000000502e+00
6.149799999999999933e+00
6.115100000000000868e+00
6.075600000000000556e+00
6.060200000000000031e+00
6.012000000000000455e+00
5.986099999999998644e+00
5.947899999999998855e+00
5.933699999999999974e+00
5.885700000000000820e+00
5.861500000000001265e+00
5.827199999999999491e+00
5.781899999999999373e+00
5.758599999999998609e+00
5.756000000000000227e+00
5.678699999999999193e+00
5.647899999999998144e+00
