1.000000000000000000e+00
1.082600000000000007e+00
1.173799999999999955e+00
1.268499999999999961e+00
1.383999999999999675e+00
1.503600000000000048e+00
1.628900000000000237e+00
1.819600000000000106e+00
1.993899999999999784e+00
2.247400000000000286e+00
2.528700000000000170e+00
2.871399999999998620e+00
3.392600000000000282e+00
3.994400000000000617e+00
5.030100000000000904e+00
6.602300000000000502e+00
9.550000000000000711e+00
1.321200000000000330e+01
1.832509999999999906e+01
2.692790000000000106e+01
3.819319999999999737e+01
4.824939999999999429e+01
6.153140000000000498e+01
7.153789999999999338e+01
8.628870000000000573e+01
9.575589999999999691e+01
1.059007000000000147e+02
1.154005999999999972e+02
1.247786999999999722e+02
1.302423000000000002e+02
1.390928999999999860e+02
1.452661999999999694e+02
1.494365999999999985e+02
1.562998000000000047e+02
1.599691000000000258e+02
1.620232000000000028e+02
1.670096999999999809e+02
1.700026000000000295e+02
1.724819999999999993e+02
1.753065999999999747e+02
1.774224000000000103e+02
1.785520000000000493e+02
1.824042999999999779e+02
1.834350000000000307e+02
1.846992999999999938e+02
1.857557000000000471e+02
1.865261000000000138e+02
1.885190000000000055e+02
1.892182000000000244e+02
1.902302999999999997e+02
1.911609000000000265e+02
1.922098000000000297e+02
1.924790999999999883e+02
1.930888999999999953e+02
1.938630999999999744e+02
1.941272999999999911e+02
1.951783000000000641e+02
1.955986999999999796e+02
1.957649999999999579e+02
1.963746000000000151e+02
1.965581000000000245e+02
1.967522000000000162e+02
1.970843999999999880e+02
1.971195999999999913e+02
1.977612000000000023e+02
1.975756999999999834e+02
1.979361000000000104e+02
1.984857000000000085e+02
1.982098000000000013e+02
1.983633000000000095e+02
1.981541999999999746e+02
1.985765999999999849e+02
1.986237999999999602e+02
1.989007000000000005e+02
1.989267999999999574e+02
1.990306999999999675e+02
1.989962000000000160e+02
1.990227999999999895e+02
1.993250000000000455e+02
1.992761000000000422e+02
1.994291000000000054e+02
1.993925999999999874e+02
1.994147999999999854e+02
1.996222999999999956e+02
1.996184000000000083e+02
1.994981000000000506e+02
1.996406000000000063e+02
1.996568999999999789e+02
1.995817000000000121e+02
1.998137999999999863e+02
1.996453999999999951e+02
1.997215999999999951e+02
1.996929000000000372e+02
1.997823000000000206e+02
1.997509000000000015e+02
1.997721999999999980e+02
1.998192999999999984e+02
1.999440999999999917e+02
1.999127000000000010e+02
1.998687000000000182e+02
