1.000000000000000000e+00
1.080400000000000027e+00
1.166200000000000125e+00
1.284000000000000030e+00
1.381400000000000183e+00
1.513600000000000056e+00
1.640799999999999814e+00
1.786099999999999799e+00
1.997200000000000086e+00
2.220500000000000362e+00
2.541799999999999837e+00
2.880700000000000038e+00
3.393000000000000238e+00
4.078700000000000436e+00
5.312500000000000000e+00
6.732800000000000118e+00
9.459199999999999164e+00
1.317170000000000130e+01
1.930829999999999558e+01
2.574060000000000059e+01
3.753869999999999152e+01
4.924690000000000367e+01
6.067299999999999471e+01
7.427849999999999397e+01
8.661629999999996699e+01
9.665950000000000841e+01
1.076336000000000297e+02
1.170545000000000044e+02
1.239453000000000031e+02
1.306756000000000029e+02
1.391174999999999784e+02
1.433887000000000000e+02
1.506715999999999838e+02
1.546300000000000239e+02
1.587785999999999831e+02
1.621090999999999838e+02
1.672272999999999854e+02
1.692639999999999816e+02
1.723744999999999834e+02
1.760947999999999922e+02
1.771611000000000047e+02
1.800099000000000160e+02
1.816401000000000181e+02
1.834257000000000062e+02
1.844562999999999704e+02
1.864634999999999820e+02
1.875628999999999849e+02
1.878127000000000066e+02
1.894066999999999723e+02
1.906147000000000560e+02
1.906639000000000408e+02
1.921702999999999975e+02
1.930283999999999764e+02
1.938552000000000533e+02
1.934938000000000216e+02
1.940546000000000220e+02
1.956753000000000213e+02
1.952800000000000864e+02
1.953863000000000341e+02
1.963102000000000089e+02
1.964287000000000205e+02
1.966426000000000158e+02
1.967281000000000120e+02
1.971194000000000131e+02
1.971566999999999723e+02
1.978088000000000193e+02
1.977536999999999523e+02
1.981500999999999806e+02
1.981116999999999848e+02
1.983628999999999394e+02
1.984737999999999829e+02
1.983766999999999427e+02
1.987690000000000055e+02
1.988623000000000047e+02
1.989309999999999832e+02
1.991133000000000095e+02
1.990611000000000104e+02
1.991849000000000274e+02
1.991958999999999946e+02
1.990259999999999820e+02
1.993975999999999829e+02
1.993073000000000263e+02
1.994697999999999922e+02
1.994560000000000457e+02
1.995456000000000074e+02
1.995042000000000257e+02
1.996381999999999834e+02
1.995089000000000397e+02
1.996743000000000450e+02
1.996889999999999645e+02
1.996234999999999786e+02
1.997285999999999717e+02
1.997416000000000338e+02
1.997843000000000018e+02
1.998323000000000320e+02
1.996672000000000082e+02
1.997864999999999895e+02
1.999083000000000254e+02
1.998190000000000168e+02
1.998614000000000317e+02
