1.000000000000000000e+00
1.080400000000000027e+00
1.165300000000000225e+00
1.281500000000000083e+00
1.375000000000000222e+00
1.498700000000000143e+00
1.616199999999999859e+00
1.745100000000000096e+00
1.916400000000000103e+00
2.093000000000000416e+00
2.331900000000000084e+00
2.555099999999999927e+00
2.850999999999999091e+00
3.182400000000000784e+00
3.687400000000000233e+00
4.133300000000000196e+00
4.879400000000001292e+00
5.597899999999999210e+00
6.769700000000000273e+00
7.700700000000000323e+00
9.014599999999999724e+00
9.911899999999999267e+00
1.061880000000000024e+01
1.112779999999999703e+01
1.147499999999999964e+01
1.165989999999999860e+01
1.179379999999999917e+01
1.178190000000000026e+01
1.166600000000000215e+01
1.153659999999999997e+01
1.133349999999999902e+01
1.114750000000000085e+01
1.113309999999999889e+01
1.087260000000000026e+01
1.072709999999999830e+01
1.057719999999999949e+01
1.036060000000000159e+01
1.031220000000000248e+01
1.000970000000000049e+01
9.875000000000001776e+00
9.726300000000000168e+00
9.553200000000002134e+00
9.441699999999999093e+00
9.344699999999999562e+00
9.084799999999999542e+00
9.038899999999999935e+00
8.846499999999998920e+00
8.757200000000000983e+00
8.600200000000000955e+00
8.513499999999998735e+00
8.417600000000000193e+00
8.319100000000000605e+00
8.206899999999999196e+00
8.058500000000000441e+00
8.009199999999999875e+00
7.907399999999999096e+00
7.807700000000002305e+00
7.718000000000000860e+00
7.597100000000000186e+00
7.551799999999999180e+00
7.454200000000001936e+00
7.378500000000001613e+00
7.326899999999999302e+00
7.217699999999999783e+00
7.175800000000000622e+00
7.085099999999999731e+00
7.010099999999999554e+00
6.955100000000000726e+00
6.916000000000000369e+00
6.842600000000000016e+00
6.773600000000000065e+00
6.666699999999999626e+00
6.689999999999998614e+00
6.655899999999999928e+00
6.545000000000000817e+00
6.519799999999999152e+00
6.439700000000001090e+00
6.403699999999998838e+00
6.388799999999999812e+00
6.320400000000002017e+00
6.285000000000000142e+00
6.237300000000001177e+00
6.214499999999999247e+00
6.164699999999999847e+00
6.125099999999999767e+00
6.110100000000000975e+00
6.052700000000000635e+00
6.046199999999999797e+00
6.015300000000000757e+00
5.984400000000000830e+00
5.956500000000000128e+00
5.944499999999999673e+00
5.905000000000000249e+00
5.863300000000000622e+00
5.822000000000000064e+00
5.790200000000001346e+00
5.725100000000000300e+00
5.704600000000000115e+00
5.697999999999999510e+00
5.641199999999998660e+00
