1.000000000000000000e+00
1.080799999999999983e+00
1.181000000000000050e+00
1.264399999999999746e+00
1.376599999999999602e+00
1.497599999999999820e+00
1.656400000000000095e+00
1.815299999999999914e+00
1.983100000000000085e+00
2.238500000000000156e+00
2.498399999999999732e+00
2.831099999999999728e+00
3.454799999999999649e+00
4.019200000000000550e+00
5.211100000000000065e+00
6.519099999999999895e+00
9.223199999999998511e+00
1.363480000000000025e+01
1.917450000000000188e+01
2.773640000000000327e+01
3.706750000000000256e+01
4.930819999999999936e+01
6.281409999999999627e+01
7.398599999999999000e+01
8.381060000000000798e+01
9.778440000000000509e+01
1.081412000000000120e+02
1.179978000000000122e+02
1.257009999999999792e+02
1.314222000000000321e+02
1.369079000000000406e+02
1.440793999999999926e+02
1.497472000000000207e+02
1.548866999999999905e+02
1.583141000000000247e+02
1.628178999999999803e+02
1.673796999999999855e+02
1.697058000000000106e+02
1.730166999999999859e+02
1.753663999999999987e+02
1.776125999999999863e+02
1.808486000000000047e+02
1.818395000000000152e+02
1.838436000000000092e+02
1.852712999999999681e+02
1.859067999999999188e+02
1.873276000000000465e+02
1.889429999999999836e+02
1.897018999999999949e+02
1.908964000000000283e+02
1.916981999999999857e+02
1.921717999999999904e+02
1.925498000000000047e+02
1.932469000000000108e+02
1.938397000000000219e+02
1.944172000000000367e+02
1.947369000000000199e+02
1.952298000000000400e+02
1.955606999999999687e+02
1.962927999999999429e+02
1.965385000000000275e+02
1.966519000000000119e+02
1.970505000000000280e+02
1.972517999999999745e+02
1.973912000000000262e+02
1.976204000000000178e+02
1.978626999999999612e+02
1.980089999999999293e+02
1.980913000000000181e+02
1.984463999999999544e+02
1.987642999999999631e+02
1.985309999999999491e+02
1.988106999999999971e+02
1.987056000000000040e+02
1.988337000000000216e+02
1.990756000000000085e+02
1.991398999999999830e+02
1.991852000000000089e+02
1.994341000000000008e+02
1.993113999999999919e+02
1.992896000000000356e+02
1.995123999999999853e+02
1.994284000000000390e+02
1.994855999999999767e+02
1.996308000000000220e+02
1.996385000000000218e+02
1.996775999999999840e+02
1.995991000000000213e+02
1.996799000000000035e+02
1.997666999999999859e+02
1.997280000000000371e+02
1.997743000000000109e+02
1.997254999999999541e+02
1.997932000000000414e+02
1.998315000000000055e+02
1.998929000000000542e+02
1.999025000000000318e+02
1.999154000000000053e+02
1.998823000000000434e+02
1.998711000000000126e+02
