1.000000000000000000e+00
1.080699999999999994e+00
1.180499999999999883e+00
1.261899999999999800e+00
1.370099999999999874e+00
1.484600000000000142e+00
1.625300000000000189e+00
1.764500000000000179e+00
1.910600000000000298e+00
2.108200000000000074e+00
2.288000000000000256e+00
2.535400000000000098e+00
2.871099999999999763e+00
3.149600000000000399e+00
3.629699999999999704e+00
4.073800000000000310e+00
4.846300000000000274e+00
5.745800000000000018e+00
6.785099999999999909e+00
7.830199999999999605e+00
8.860400000000000276e+00
9.782299999999999329e+00
1.067159999999999798e+01
1.115999999999999837e+01
1.154809999999999981e+01
1.164840000000000231e+01
1.163160000000000061e+01
1.175220000000000020e+01
1.164080000000000226e+01
1.149119999999999919e+01
1.136610000000000120e+01
1.126170000000000115e+01
1.108369999999999678e+01
1.085879999999999868e+01
1.072530000000000250e+01
1.061629999999999896e+01
1.043569999999999887e+01
1.023750000000000071e+01
1.007269999999999932e+01
9.879599999999999937e+00
9.791400000000001214e+00
9.569900000000000517e+00
9.488100000000001089e+00
9.312899999999999068e+00
9.168900000000000716e+00
9.027700000000001168e+00
8.909599999999999298e+00
8.809799999999999187e+00
8.627499999999999503e+00
8.519000000000000128e+00
8.435799999999998633e+00
8.287200000000000344e+00
8.153700000000000614e+00
8.061099999999999710e+00
7.982400000000000162e+00
7.885900000000000354e+00
7.748799999999999244e+00
7.694200000000000372e+00
7.614599999999999369e+00
7.540900000000000603e+00
7.433200000000000252e+00
7.388700000000000934e+00
7.332399999999998919e+00
7.250399999999999956e+00
7.163300000000000445e+00
7.073599999999999000e+00
7.047299999999999898e+00
6.963999999999999524e+00
6.896499999999998742e+00
6.818199999999999150e+00
6.766699999999998383e+00
6.708199999999999719e+00
6.648499999999999410e+00
6.594499999999999140e+00
6.547000000000000597e+00
6.517900000000000027e+00
6.479300000000000281e+00
6.418499999999999872e+00
6.367200000000000415e+00
6.332999999999998408e+00
6.288900000000000823e+00
6.256700000000002149e+00
6.212800000000000544e+00
6.177299999999998903e+00
6.136599999999999611e+00
6.115499999999999936e+00
6.068599999999999994e+00
6.032700000000001062e+00
6.022900000000000809e+00
5.968599999999998573e+00
5.944400000000000794e+00
5.921200000000001573e+00
5.909099999999998687e+00
5.870600000000000485e+00
5.822099999999998943e+00
5.771100000000000563e+00
5.723499999999998700e+00
5.716800000000000992e+00
5.694600000000001216e+00
5.671300000000001340e+00
