1.000000000000000000e+00
1.081899999999999862e+00
1.178799999999999848e+00
1.274000000000000021e+00
1.364999999999999991e+00
1.501200000000000312e+00
1.616099999999999870e+00
1.758499999999999952e+00
1.925899999999999723e+00
2.112499999999999822e+00
2.301899999999999835e+00
2.533900000000000041e+00
2.842599999999999127e+00
3.169399999999999995e+00
3.641999999999999904e+00
4.137900000000000134e+00
4.966800000000000104e+00
5.752100000000000435e+00
6.708999999999999631e+00
7.785400000000000986e+00
8.695200000000001594e+00
9.729400000000000048e+00
1.050430000000000064e+01
1.091430000000000078e+01
1.126580000000000226e+01
1.157310000000000194e+01
1.177319999999999922e+01
1.170199999999999996e+01
1.158300000000000196e+01
1.158150000000000013e+01
1.138889999999999958e+01
1.121379999999999910e+01
1.108610000000000184e+01
1.088720000000000176e+01
1.072649999999999793e+01
1.064369999999999905e+01
1.040679999999999872e+01
1.024440000000000062e+01
1.009469999999999956e+01
9.976699999999999235e+00
9.742999999999998550e+00
9.543200000000002348e+00
9.464299999999999713e+00
9.325099999999999056e+00
9.112299999999999400e+00
9.005599999999997607e+00
8.934200000000000585e+00
8.742200000000000415e+00
8.640300000000001646e+00
8.522899999999998144e+00
8.372500000000000497e+00
8.311599999999996768e+00
8.200499999999999901e+00
8.073199999999999932e+00
7.990600000000000591e+00
7.881299999999998640e+00
7.765900000000000247e+00
7.746599999999999930e+00
7.608699999999998909e+00
7.557999999999999829e+00
7.463499999999998913e+00
7.360699999999999577e+00
7.302999999999998160e+00
7.249300000000001631e+00
7.161800000000002164e+00
7.073699999999998766e+00
7.036899999999998379e+00
6.962399999999998812e+00
6.875299999999998413e+00
6.838599999999998680e+00
6.781899999999999373e+00
6.719199999999999839e+00
6.664200000000001012e+00
6.640000000000001457e+00
6.567100000000001714e+00
6.502800000000002356e+00
6.461200000000001609e+00
6.427299999999999791e+00
6.371100000000000207e+00
6.337399999999999700e+00
6.302699999999999747e+00
6.268699999999999939e+00
6.241699999999999804e+00
6.162600000000001188e+00
6.143500000000000405e+00
6.120799999999999130e+00
6.069700000000000095e+00
6.040199999999999569e+00
6.015700000000000713e+00
5.992099999999998872e+00
5.975900000000000212e+00
5.919400000000000439e+00
5.901100000000000456e+00
5.863800000000000345e+00
5.817899999999999849e+00
5.786999999999999034e+00
5.790499999999999758e+00
5.739499999999999602e+00
5.682000000000000384e+00
5.671299999999999564e+00
