1.000000000000000000e+00
1.082199999999999829e+00
1.180400000000000116e+00
1.276699999999999946e+00
1.370900000000000007e+00
1.519300000000000095e+00
1.644600000000000062e+00
1.803599999999999870e+00
2.002599999999999714e+00
2.234900000000000553e+00
2.501399999999999846e+00
2.835599999999999898e+00
3.399500000000000632e+00
4.046900000000000830e+00
5.183300000000000018e+00
6.694499999999997897e+00
9.681300000000000239e+00
1.359869999999999912e+01
1.947100000000000009e+01
2.666219999999999857e+01
3.582799999999999585e+01
4.853279999999999461e+01
6.092280000000000939e+01
7.119369999999999266e+01
8.376509999999998968e+01
9.755679999999998131e+01
1.069521999999999764e+02
1.153855999999999966e+02
1.231981000000000108e+02
1.327319999999999993e+02
1.371699999999999875e+02
1.451161000000000172e+02
1.504595000000000198e+02
1.542914999999999850e+02
1.594297000000000253e+02
1.637031000000000063e+02
1.657672999999999490e+02
1.709180000000000064e+02
1.731441000000000088e+02
1.748790999999999940e+02
1.777669999999999959e+02
1.802942000000000178e+02
1.805685999999999751e+02
1.833417999999999779e+02
1.851801999999999566e+02
1.860884999999999536e+02
1.879956000000000245e+02
1.883020000000000493e+02
1.900857000000000028e+02
1.909213999999999487e+02
1.909003999999999621e+02
1.925236000000000161e+02
1.926705000000000325e+02
1.934260000000000161e+02
1.938075999999999510e+02
1.942741999999999791e+02
1.948801000000000272e+02
1.950747999999999820e+02
1.950106000000000108e+02
1.964183000000000163e+02
1.963582000000000107e+02
1.966356999999999857e+02
1.969633000000000038e+02
1.973654999999999973e+02
1.975261999999999603e+02
1.978090999999999724e+02
1.978256000000000085e+02
1.981219999999999573e+02
1.983521000000000356e+02
1.985832000000000050e+02
1.984780000000000371e+02
1.987163999999999930e+02
1.984512000000000285e+02
1.986321000000000652e+02
1.988087999999999624e+02
1.991990999999999872e+02
1.985183000000000675e+02
1.990472999999999502e+02
1.992177000000000078e+02
1.992630999999999517e+02
1.993313000000000557e+02
1.994826000000000192e+02
1.994079999999999870e+02
1.995619999999999834e+02
1.995681000000000438e+02
1.995583000000000311e+02
1.995396000000000356e+02
1.996852000000000089e+02
1.995630000000000166e+02
1.996953000000000316e+02
1.998354999999999677e+02
1.997572999999999865e+02
1.997204000000000121e+02
1.998461000000000070e+02
1.998104000000000156e+02
1.996802999999999884e+02
1.997648000000000366e+02
1.997355000000000302e+02
1.998107000000000255e+02
1.998597000000000037e+02
