1.000000000000000000e+00
1.083400000000000141e+00
1.175000000000000044e+00
1.260599999999999943e+00
1.383699999999999708e+00
1.501300000000000523e+00
1.595700000000000118e+00
1.753899999999999793e+00
1.940299999999999692e+00
2.115200000000000191e+00
2.287799999999999834e+00
2.565900000000000514e+00
2.835999999999999854e+00
3.115300000000000402e+00
3.642800000000000260e+00
4.095599999999999241e+00
4.772899999999999920e+00
5.684300000000000352e+00
6.550200000000001133e+00
7.737300000000001177e+00
8.876999999999998892e+00
9.706500000000000128e+00
1.043930000000000113e+01
1.109039999999999893e+01
1.146979999999999755e+01
1.156509999999999927e+01
1.173470000000000546e+01
1.158350000000000080e+01
1.174830000000000396e+01
1.147129999999999939e+01
1.144999999999999574e+01
1.123770000000000024e+01
1.106149999999999878e+01
1.095469999999999722e+01
1.072039999999999971e+01
1.059689999999999976e+01
1.039090000000000202e+01
1.021790000000000020e+01
1.011709999999999887e+01
9.869199999999999307e+00
9.691899999999998627e+00
9.602199999999999847e+00
9.396300000000000097e+00
9.301499999999998991e+00
9.139300000000000423e+00
9.047200000000001907e+00
8.933300000000000907e+00
8.726299999999998391e+00
8.625600000000000378e+00
8.476899999999998769e+00
8.429799999999998406e+00
8.264800000000001035e+00
8.158599999999999852e+00
8.076100000000002055e+00
7.943699999999999761e+00
7.868800000000000239e+00
7.807500000000000107e+00
7.714500000000000135e+00
7.612400000000000944e+00
7.525000000000000355e+00
7.492399999999999949e+00
7.367200000000001303e+00
7.314700000000000202e+00
7.246200000000000863e+00
7.149899999999999700e+00
7.117299999999999294e+00
7.029300000000001880e+00
6.966499999999999915e+00
6.952999999999999403e+00
6.841200000000002390e+00
6.791900000000002713e+00
6.707299999999999152e+00
6.661100000000000243e+00
6.621600000000001707e+00
6.597099999999998410e+00
6.518800000000001482e+00
6.446799999999998754e+00
6.425200000000000244e+00
6.368899999999999118e+00
6.308500000000001329e+00
6.277299999999999436e+00
6.251799999999999358e+00
6.209099999999999397e+00
6.195999999999998842e+00
6.142199999999998994e+00
6.098100000000000520e+00
6.066100000000000492e+00
6.066199999999998482e+00
6.034199999999999342e+00
5.989500000000003155e+00
5.948400000000001242e+00
5.931000000000000938e+00
5.898699999999998944e+00
5.863900000000000112e+00
5.837999999999999190e+00
5.787500000000001421e+00
5.756999999999999673e+00
5.703500000000000014e+00
5.684600000000000541e+00
5.671799999999998398e+00
