1.000000000000000000e+00
1.083700000000000108e+00
1.175200000000000022e+00
1.262299999999999978e+00
1.389499999999999957e+00
1.516499999999999959e+00
1.619699999999999696e+00
1.803299999999999903e+00
2.018899999999999917e+00
2.249400000000000066e+00
2.499000000000000110e+00
2.894299999999998985e+00
3.373600000000000598e+00
3.960899999999999643e+00
5.257799999999999585e+00
6.538700000000000401e+00
9.115999999999999659e+00
1.354160000000000075e+01
1.826350000000000051e+01
2.628099999999999881e+01
3.740180000000000149e+01
4.717140000000000555e+01
6.061429999999999296e+01
7.474290000000000589e+01
8.581589999999999918e+01
9.394500000000002160e+01
1.063537000000000035e+02
1.139825000000000017e+02
1.261202000000000112e+02
1.319341000000000008e+02
1.390353000000000065e+02
1.444649999999999750e+02
1.506036000000000001e+02
1.548530999999999835e+02
1.594216000000000122e+02
1.629859999999999900e+02
1.660903000000000134e+02
1.688066999999999780e+02
1.727845000000000084e+02
1.755895999999999617e+02
1.766524000000000569e+02
1.797249999999999943e+02
1.804261999999999944e+02
1.822093000000000131e+02
1.851087999999999738e+02
1.855858000000000061e+02
1.879106999999999914e+02
1.880454000000000008e+02
1.892018999999999949e+02
1.901439000000000021e+02
1.905322000000000173e+02
1.925410999999999717e+02
1.927875999999999124e+02
1.929095000000000084e+02
1.941653999999999769e+02
1.945957999999999686e+02
1.952934999999999945e+02
1.956126999999999612e+02
1.954654000000000451e+02
1.959173000000000400e+02
1.966764000000000294e+02
1.963672000000000253e+02
1.971505999999999688e+02
1.971991999999999905e+02
1.978057999999999765e+02
1.977219000000000619e+02
1.977452999999999861e+02
1.979119999999999777e+02
1.982215999999999667e+02
1.982984000000000151e+02
1.983847999999999843e+02
1.985701999999999998e+02
1.986698000000000093e+02
1.988275999999999897e+02
1.988650000000000091e+02
1.987514999999999645e+02
1.989561999999999955e+02
1.992754999999999939e+02
1.992045999999999992e+02
1.993438000000000443e+02
1.994156999999999869e+02
1.995174999999999557e+02
1.994401000000000295e+02
1.993931000000000040e+02
1.994379000000000417e+02
1.994689999999999657e+02
1.996412000000000262e+02
1.997937000000000012e+02
1.996805999999999699e+02
1.996105000000000302e+02
1.997038000000000011e+02
1.997584999999999980e+02
1.996384999999999366e+02
1.998256000000000085e+02
1.998747000000000185e+02
1.997157999999999447e+02
1.998456000000000472e+02
1.998657000000000323e+02
1.997927000000000533e+02
1.998306999999999505e+02
