1.000000000000000000e+00
1.081100000000000172e+00
1.165799999999999947e+00
1.270799999999999930e+00
1.380499999999999838e+00
1.514100000000000001e+00
1.643599999999999950e+00
1.807000000000000162e+00
1.975299999999999834e+00
2.243099999999999650e+00
2.469999999999999751e+00
2.831399999999999917e+00
3.377499999999999947e+00
4.093399999999999928e+00
5.131299999999999528e+00
7.023700000000001609e+00
9.102000000000002089e+00
1.311550000000000260e+01
1.949439999999999884e+01
2.723579999999999757e+01
3.671480000000001098e+01
4.950450000000000017e+01
6.108940000000000481e+01
7.339179999999998927e+01
8.714550000000001262e+01
9.739829999999997767e+01
1.052972999999999786e+02
1.170247999999999990e+02
1.235314999999999941e+02
1.346978000000000293e+02
1.396133000000000095e+02
1.443729000000000156e+02
1.506338000000000079e+02
1.561796999999999684e+02
1.595756999999999550e+02
1.627895999999999788e+02
1.677146999999999650e+02
1.704407000000000210e+02
1.719214000000000055e+02
1.761890000000000498e+02
1.771049999999999613e+02
1.793819999999999482e+02
1.816894999999999811e+02
1.831851000000000340e+02
1.851749000000000080e+02
1.861825000000000045e+02
1.880938999999999908e+02
1.887207000000000221e+02
1.893172999999999888e+02
1.898958999999999264e+02
1.920623999999999683e+02
1.922296000000000333e+02
1.924814999999999543e+02
1.931358999999999924e+02
1.936320999999999799e+02
1.946981999999999573e+02
1.947155000000000200e+02
1.952613999999999521e+02
1.961950999999999965e+02
1.960978999999999814e+02
1.966439000000000021e+02
1.962829999999999586e+02
1.967396999999999991e+02
1.974154000000000053e+02
1.972295000000000016e+02
1.977825999999999738e+02
1.978260999999999967e+02
1.982287000000000603e+02
1.982580000000000382e+02
1.983341999999999530e+02
1.985301999999999794e+02
1.985057000000000471e+02
1.986333000000000482e+02
1.988780000000000712e+02
1.990157000000000096e+02
1.991173000000000286e+02
1.990836999999999932e+02
1.990726000000000226e+02
1.991261999999999830e+02
1.992271000000000640e+02
1.993206999999999880e+02
1.994833999999999889e+02
1.994719999999999800e+02
1.996310000000000571e+02
1.995226999999999578e+02
1.995803000000000225e+02
1.996692000000000178e+02
1.995727000000000544e+02
1.995052999999999770e+02
1.997228000000000350e+02
1.996409999999999911e+02
1.997599000000000444e+02
1.996288999999999874e+02
1.997360000000000184e+02
1.997157999999999731e+02
1.998860999999999990e+02
1.999245000000000516e+02
1.998386999999999887e+02
1.998215000000000146e+02
1.998211000000000013e+02
