1.000000000000000000e+00
1.081100000000000172e+00
1.164999999999999813e+00
1.268299999999999761e+00
1.372799999999999798e+00
1.499899999999999789e+00
1.616399999999999837e+00
1.758900000000000130e+00
1.903799999999999937e+00
2.102800000000000225e+00
2.276999999999999691e+00
2.498100000000000431e+00
2.830400000000000027e+00
3.193700000000000205e+00
3.641900000000000137e+00
4.239700000000000024e+00
4.810900000000000176e+00
5.752199999999999314e+00
6.770399999999999530e+00
7.756699999999999484e+00
8.855199999999999960e+00
9.945499999999999119e+00
1.057130000000000081e+01
1.115210000000000079e+01
1.162880000000000358e+01
1.170639999999999858e+01
1.173670000000000080e+01
1.181729999999999947e+01
1.164550000000000018e+01
1.161209999999999809e+01
1.146219999999999750e+01
1.129549999999999876e+01
1.106229999999999869e+01
1.093970000000000020e+01
1.070450000000000124e+01
1.050000000000000178e+01
1.042940000000000111e+01
1.024719999999999942e+01
1.002609999999999957e+01
9.921799999999999287e+00
9.760300000000002640e+00
9.623399999999998400e+00
9.514700000000001268e+00
9.293599999999999639e+00
9.134900000000001796e+00
9.020599999999999952e+00
8.877200000000000202e+00
8.732400000000000162e+00
8.620799999999999130e+00
8.495100000000000762e+00
8.448100000000000165e+00
8.309000000000001052e+00
8.172699999999998965e+00
8.037499999999997868e+00
7.954600000000000115e+00
7.902200000000000557e+00
7.806799999999999073e+00
7.737600000000001366e+00
7.607599999999999696e+00
7.518199999999999328e+00
7.466500000000000803e+00
7.376400000000001178e+00
7.298900000000002386e+00
7.276899999999999480e+00
7.189300000000000246e+00
7.123800000000000132e+00
7.031000000000000583e+00
6.972699999999999676e+00
6.929799999999999294e+00
6.861499999999998600e+00
6.797500000000000320e+00
6.743299999999999628e+00
6.676300000000001234e+00
6.592999999999999972e+00
6.557299999999998796e+00
6.504099999999999326e+00
6.466400000000001036e+00
6.410099999999999909e+00
6.360200000000002518e+00
6.346099999999998964e+00
6.269500000000000739e+00
6.225199999999998290e+00
6.216800000000000992e+00
6.172399999999999665e+00
6.166500000000000092e+00
6.133899999999998798e+00
6.062799999999999301e+00
6.038899999999999935e+00
6.025400000000001199e+00
5.968800000000000772e+00
5.964700000000000557e+00
5.930899999999999395e+00
5.884299999999999642e+00
5.843700000000000117e+00
5.840099999999999625e+00
5.802000000000000490e+00
5.762599999999999056e+00
5.730300000000000615e+00
5.703999999999999737e+00
5.681099999999999817e+00
