1.000000000000000000e+00
1.082499999999999796e+00
1.175800000000000178e+00
1.268000000000000016e+00
1.372100000000000097e+00
1.499499999999999833e+00
1.601499999999999480e+00
1.762999999999999901e+00
1.916800000000000281e+00
2.103600000000000136e+00
2.313200000000000145e+00
2.547000000000000153e+00
2.815499999999999670e+00
3.183100000000001373e+00
3.636800000000000033e+00
4.125199999999999534e+00
4.920600000000000307e+00
5.584500000000000242e+00
6.725699999999999790e+00
7.727600000000000691e+00
8.797200000000000131e+00
9.836199999999999832e+00
1.056729999999999947e+01
1.120850000000000080e+01
1.141140000000000043e+01
1.177929999999999922e+01
1.176410000000000267e+01
1.172390000000000043e+01
1.171649999999999814e+01
1.152119999999999855e+01
1.147940000000000005e+01
1.135519999999999996e+01
1.104849999999999888e+01
1.092809999999999881e+01
1.073719999999999963e+01
1.054819999999999958e+01
1.040049999999999919e+01
1.024080000000000013e+01
1.009849999999999959e+01
9.906600000000000961e+00
9.772399999999999309e+00
9.587500000000000355e+00
9.448400000000001242e+00
9.320899999999998187e+00
9.163000000000000256e+00
9.005699999999999150e+00
8.885600000000000165e+00
8.765799999999998704e+00
8.631199999999999761e+00
8.485599999999999810e+00
8.374000000000000554e+00
8.257999999999999119e+00
8.242800000000000793e+00
8.035199999999999676e+00
7.961799999999999322e+00
7.884500000000000064e+00
7.817000000000000171e+00
7.694900000000001405e+00
7.657100000000000684e+00
7.537100000000000577e+00
7.474299999999999500e+00
7.418499999999998096e+00
7.284999999999999254e+00
7.236799999999999677e+00
7.194299999999999251e+00
7.117100000000000648e+00
7.044000000000000483e+00
6.974899999999999878e+00
6.892500000000000071e+00
6.851499999999999702e+00
6.812200000000000699e+00
6.750599999999999490e+00
6.666199999999999903e+00
6.615500000000000824e+00
6.561599999999999433e+00
6.538999999999998813e+00
6.461199999999999832e+00
6.418999999999999595e+00
6.370099999999999874e+00
6.307400000000000340e+00
6.275999999999998913e+00
6.258100000000000662e+00
6.222099999999999298e+00
6.179300000000000459e+00
6.158100000000001017e+00
6.116600000000000925e+00
6.105399999999999494e+00
6.049399999999999444e+00
6.010300000000000864e+00
5.977699999999998681e+00
5.962899999999999423e+00
5.910599999999999632e+00
5.888700000000000045e+00
5.884699999999998710e+00
5.844799999999999329e+00
5.791400000000001214e+00
5.742199999999999527e+00
5.719999999999999751e+00
5.677699999999998859e+00
5.681800000000000850e+00
