1.000000000000000000e+00
1.082499999999999796e+00
1.176300000000000123e+00
1.270399999999999752e+00
1.379099999999999993e+00
1.514799999999999702e+00
1.627000000000000224e+00
1.806899999999999951e+00
1.999400000000000066e+00
2.223500000000000032e+00
2.525199999999999445e+00
2.867999999999999439e+00
3.347099999999999742e+00
4.097699999999999676e+00
5.157800000000000828e+00
6.738699999999998802e+00
9.600099999999999412e+00
1.284809999999999874e+01
1.926450000000000173e+01
2.660129999999999484e+01
3.711510000000000531e+01
4.917930000000000490e+01
6.088739999999998531e+01
7.334380000000000166e+01
8.360099999999999909e+01
9.694700000000000273e+01
1.070230000000000103e+02
1.156721999999999895e+02
1.259467000000000070e+02
1.321491000000000042e+02
1.398923000000000059e+02
1.448156999999999925e+02
1.479519999999999698e+02
1.544500000000000171e+02
1.589004999999999939e+02
1.628155000000000143e+02
1.664550999999999874e+02
1.705191000000000372e+02
1.724609000000000094e+02
1.750205999999999733e+02
1.771967999999999961e+02
1.787253000000000327e+02
1.821333999999999946e+02
1.833645999999999958e+02
1.840209999999999866e+02
1.861084999999999923e+02
1.871254999999999598e+02
1.886491999999999507e+02
1.891098000000000354e+02
1.899624999999999773e+02
1.907783000000000300e+02
1.919008000000000038e+02
1.926231999999999971e+02
1.937414999999999736e+02
1.941856000000000222e+02
1.947548999999999921e+02
1.947422000000000253e+02
1.954322999999999979e+02
1.956115999999999531e+02
1.961507000000000289e+02
1.964701000000000306e+02
1.968009000000000128e+02
1.971418000000000461e+02
1.970330999999999904e+02
1.974058000000000277e+02
1.979070000000000391e+02
1.974995000000000118e+02
1.979862999999999715e+02
1.983037000000000205e+02
1.982972999999999502e+02
1.982413999999999703e+02
1.983811000000000035e+02
1.987044999999999959e+02
1.989158000000000470e+02
1.987934999999999945e+02
1.991325999999999965e+02
1.992394999999999641e+02
1.992225000000000250e+02
1.992310000000000230e+02
1.991985999999999990e+02
1.992229999999999848e+02
1.993970000000000482e+02
1.995505000000000280e+02
1.995068999999999733e+02
1.995157000000000096e+02
1.995881000000000540e+02
1.994709999999999752e+02
1.994979999999999905e+02
1.997828000000000372e+02
1.997713999999999999e+02
1.996627000000000010e+02
1.996506000000000256e+02
1.997645000000000550e+02
1.997468000000000075e+02
1.998748999999999683e+02
1.997963000000000591e+02
1.998549000000000149e+02
1.998286999999999978e+02
1.997771000000000186e+02
1.999566000000000372e+02
