1.000000000000000000e+00
1.081599999999999895e+00
1.175599999999999978e+00
1.256699999999999928e+00
1.374499999999999833e+00
1.504799999999999915e+00
1.631599999999999939e+00
1.779299999999999882e+00
1.902700000000000058e+00
2.107200000000000184e+00
2.292400000000000215e+00
2.528700000000000170e+00
2.815399999999999459e+00
3.146799999999999375e+00
3.569100000000000161e+00
4.122399999999999842e+00
4.797200000000000131e+00
5.790100000000000691e+00
6.763400000000000745e+00
7.789600000000000080e+00
8.836199999999999832e+00
9.689699999999998425e+00
1.054590000000000138e+01
1.131409999999999805e+01
1.140299999999999869e+01
1.166170000000000151e+01
1.176679999999999815e+01
1.166130000000000067e+01
1.164640000000000164e+01
1.159589999999999854e+01
1.137750000000000306e+01
1.120780000000000243e+01
1.107829999999999870e+01
1.100110000000000099e+01
1.081089999999999662e+01
1.057120000000000104e+01
1.039499999999999957e+01
1.026280000000000214e+01
1.013949999999999996e+01
9.871299999999999741e+00
9.767300000000000537e+00
9.622099999999999653e+00
9.456000000000001293e+00
9.363400000000000389e+00
9.148000000000001464e+00
9.009800000000002029e+00
8.892800000000001148e+00
8.758700000000001040e+00
8.663700000000000401e+00
8.510600000000001941e+00
8.409199999999998454e+00
8.260100000000001330e+00
8.153299999999999770e+00
8.073399999999999466e+00
7.996500000000001052e+00
7.875100000000002431e+00
7.798300000000000232e+00
7.748499999999999943e+00
7.636900000000000688e+00
7.511899999999999800e+00
7.489500000000000490e+00
7.389199999999998880e+00
7.311999999999999389e+00
7.235299999999999621e+00
7.174000000000001265e+00
7.121699999999999697e+00
7.032599999999997742e+00
6.955000000000000959e+00
6.933000000000000718e+00
6.851399999999999935e+00
6.793599999999998751e+00
6.725799999999999557e+00
6.691499999999998671e+00
6.599899999999999878e+00
6.572300000000000253e+00
6.522999999999999687e+00
6.482699999999998575e+00
6.409400000000000652e+00
6.365700000000000358e+00
6.326399999999999579e+00
6.282399999999999984e+00
6.247600000000000264e+00
6.236899999999999444e+00
6.175700000000000855e+00
6.143500000000000405e+00
6.113399999999999501e+00
6.088499999999999801e+00
6.026999999999999247e+00
6.017500000000000959e+00
6.004900000000000126e+00
5.959700000000000664e+00
5.917300000000000004e+00
5.892700000000001381e+00
5.854300000000000281e+00
5.831800000000000317e+00
5.767399999999998528e+00
5.756399999999998407e+00
5.729399999999998272e+00
5.704900000000000304e+00
5.658200000000000784e+00
