1.000000000000000000e+00
1.081599999999999895e+00
1.176600000000000090e+00
1.259499999999999842e+00
1.380400000000000293e+00
1.521299999999999875e+00
1.661200000000000232e+00
1.828999999999999959e+00
1.975199999999999623e+00
2.243099999999999650e+00
2.483400000000000052e+00
2.857699999999999907e+00
3.318300000000000249e+00
4.005200000000001204e+00
4.947900000000000631e+00
6.676200000000001467e+00
9.054499999999997328e+00
1.371660000000000146e+01
1.961560000000000059e+01
2.750900000000000034e+01
3.689280000000000115e+01
4.779759999999999565e+01
5.992639999999999390e+01
7.588330000000000553e+01
8.358810000000001139e+01
9.638419999999997856e+01
1.065349999999999966e+02
1.151337999999999937e+02
1.250896999999999508e+02
1.332583000000000482e+02
1.370560999999999865e+02
1.439562000000000239e+02
1.516479999999999677e+02
1.552716999999999814e+02
1.602985000000000184e+02
1.640320000000000107e+02
1.681334999999999980e+02
1.695882000000000005e+02
1.722020000000000550e+02
1.743286999999999978e+02
1.778125999999999749e+02
1.799217999999999904e+02
1.806280000000000712e+02
1.835654999999999859e+02
1.842904000000000053e+02
1.866186000000000433e+02
1.881672000000000082e+02
1.878026999999999305e+02
1.892086000000000183e+02
1.905668000000000006e+02
1.913371000000000208e+02
1.917721999999999980e+02
1.923228000000000293e+02
1.935188000000000557e+02
1.937667999999999893e+02
1.946189999999999714e+02
1.945727000000000544e+02
1.953948000000000320e+02
1.960631999999999948e+02
1.960572999999999979e+02
1.961660000000000252e+02
1.969540000000000077e+02
1.971268000000000029e+02
1.977342999999999904e+02
1.973351000000000113e+02
1.977545999999999538e+02
1.979850000000000136e+02
1.980306999999999960e+02
1.980983999999999980e+02
1.982254999999999825e+02
1.987717000000000098e+02
1.986046999999999798e+02
1.986500000000000057e+02
1.989576000000000136e+02
1.992171000000000163e+02
1.990660999999999774e+02
1.990275000000000034e+02
1.990574999999999761e+02
1.993544000000000267e+02
1.993391999999999769e+02
1.995127999999999986e+02
1.994191000000000429e+02
1.994904000000000224e+02
1.994097000000000151e+02
1.996133999999999560e+02
1.997023000000000366e+02
1.995458000000000425e+02
1.996742999999999597e+02
1.998179000000000087e+02
1.996076999999999657e+02
1.997380000000000280e+02
1.997883000000000209e+02
1.997763999999999953e+02
1.997807000000000812e+02
1.997235000000000298e+02
1.999013000000000204e+02
1.997908999999999935e+02
1.998395999999999901e+02
1.999003000000000156e+02
1.997779000000000167e+02
