1.000000000000000000e+00
1.084199999999999831e+00
1.163499999999999979e+00
1.261200000000000099e+00
1.378999999999999782e+00
1.491400000000000059e+00
1.619200000000000417e+00
1.745399999999999840e+00
1.920600000000000085e+00
2.107899999999999885e+00
2.290399999999999991e+00
2.552200000000000024e+00
2.843400000000000372e+00
3.263900000000000468e+00
3.607499999999999929e+00
4.096400000000000041e+00
4.840300000000000047e+00
5.879099999999999326e+00
6.654599999999998516e+00
7.448300000000000587e+00
8.967399999999999594e+00
9.763600000000002055e+00
1.055630000000000024e+01
1.091649999999999565e+01
1.129049999999999976e+01
1.165199999999999747e+01
1.162619999999999898e+01
1.149200000000000088e+01
1.169349999999999845e+01
1.159079999999999977e+01
1.146470000000000056e+01
1.131320000000000192e+01
1.113819999999999943e+01
1.085970000000000013e+01
1.073329999999999984e+01
1.062199999999999811e+01
1.040809999999999924e+01
1.024009999999999998e+01
9.994100000000001316e+00
9.928300000000000125e+00
9.769899999999999807e+00
9.654099999999999682e+00
9.423600000000000421e+00
9.289699999999999847e+00
9.101399999999999935e+00
9.029999999999999361e+00
8.850099999999999412e+00
8.761400000000000077e+00
8.649399999999999977e+00
8.506700000000000372e+00
8.396699999999999164e+00
8.250399999999999068e+00
8.188900000000000290e+00
8.062400000000000233e+00
8.002200000000000202e+00
7.888899999999998691e+00
7.778800000000000381e+00
7.705700000000000216e+00
7.635399999999999743e+00
7.529700000000000060e+00
7.443300000000000693e+00
7.373300000000000409e+00
7.332199999999999385e+00
7.245299999999999407e+00
7.195499999999999119e+00
7.116399999999999615e+00
7.028999999999999027e+00
7.000500000000000611e+00
6.906399999999999650e+00
6.839399999999999480e+00
6.783800000000000274e+00
6.727999999999999758e+00
6.674900000000000055e+00
6.606100000000000527e+00
6.542900000000000382e+00
6.522699999999999498e+00
6.480900000000000105e+00
6.391900000000001469e+00
6.390399999999999636e+00
6.319600000000000328e+00
6.291699999999999626e+00
6.242300000000000182e+00
6.196299999999999919e+00
6.182799999999999407e+00
6.149299999999999322e+00
6.104100000000001636e+00
6.106100000000000527e+00
6.063799999999999635e+00
6.003700000000000259e+00
5.999900000000000233e+00
5.951699999999998880e+00
5.942200000000001481e+00
5.886899999999999800e+00
5.873899999999999899e+00
5.831599999999999895e+00
5.779299999999999216e+00
5.770799999999999486e+00
5.714999999999998970e+00
5.668600000000000527e+00
5.632799999999999585e+00
