1.000000000000000000e+00
1.084499999999999797e+00
1.163800000000000168e+00
1.264100000000000001e+00
1.386399999999999855e+00
1.505600000000000271e+00
1.642200000000000326e+00
1.786799999999999722e+00
1.997800000000000020e+00
2.238999999999999879e+00
2.482299999999999507e+00
2.863599999999999923e+00
3.394099999999999895e+00
4.247900000000000453e+00
5.137600000000000833e+00
6.516700000000001047e+00
9.242200000000000415e+00
1.378950000000000031e+01
1.908319999999999794e+01
2.475870000000000459e+01
3.639920000000000044e+01
4.859570000000000789e+01
6.156930000000000547e+01
7.127900000000001057e+01
8.409770000000000323e+01
9.597480000000000189e+01
1.059806999999999846e+02
1.139865999999999815e+02
1.237355999999999909e+02
1.325023999999999660e+02
1.384080999999999904e+02
1.445579000000000178e+02
1.508026000000000124e+02
1.536569000000000074e+02
1.599821999999999775e+02
1.634724000000000217e+02
1.660052999999999770e+02
1.707403000000000191e+02
1.722816999999999723e+02
1.751057000000000414e+02
1.784205000000000041e+02
1.797551000000000272e+02
1.809796999999999798e+02
1.828132999999999413e+02
1.837199000000000240e+02
1.866145000000000493e+02
1.866461000000000183e+02
1.883549999999999898e+02
1.894104999999999563e+02
1.899226999999999919e+02
1.911053999999999746e+02
1.916612999999999829e+02
1.926598999999999933e+02
1.929719999999999800e+02
1.942588999999999828e+02
1.942943000000000495e+02
1.952070000000000505e+02
1.955477999999999952e+02
1.958801999999999737e+02
1.960166000000000111e+02
1.963535000000000252e+02
1.966543000000000347e+02
1.969311999999999898e+02
1.973610999999999649e+02
1.975965999999999951e+02
1.977305000000000348e+02
1.978312999999999988e+02
1.980133999999999901e+02
1.983190000000000168e+02
1.983181999999999903e+02
1.985784999999999911e+02
1.985970000000000368e+02
1.987282999999999902e+02
1.990202000000000453e+02
1.990281000000000233e+02
1.989050000000000011e+02
1.990327000000000055e+02
1.992478000000000122e+02
1.993430000000000177e+02
1.992235000000000298e+02
1.993918999999999926e+02
1.995168000000000461e+02
1.995818000000000154e+02
1.995018999999999778e+02
1.995243000000000109e+02
1.995593999999999824e+02
1.995243000000000109e+02
1.997272999999999570e+02
1.996672000000000082e+02
1.997763000000000204e+02
1.996981999999999857e+02
1.996069000000000244e+02
1.997807999999999709e+02
1.997310000000000230e+02
1.997917000000000201e+02
1.999247000000000583e+02
1.997369999999999948e+02
1.998414000000000215e+02
1.998760000000000332e+02
1.998631000000000029e+02
