1.000000000000000000e+00
1.081700000000000106e+00
1.178099999999999925e+00
1.272100000000000009e+00
1.387200000000000211e+00
1.504299999999999748e+00
1.669699999999999740e+00
1.814099999999999602e+00
1.981300000000000283e+00
2.231199999999999850e+00
2.529500000000000082e+00
2.868700000000000028e+00
3.384000000000000341e+00
4.036299999999999777e+00
5.081100000000000172e+00
6.878000000000001002e+00
9.851099999999998857e+00
1.374989999999999846e+01
1.940610000000000213e+01
2.748259999999999437e+01
3.580360000000000298e+01
4.827169999999998851e+01
6.032630000000000337e+01
7.086379999999999768e+01
8.641930000000000689e+01
9.537999999999999545e+01
1.081533000000000158e+02
1.163629999999999995e+02
1.252260000000000275e+02
1.318624000000000080e+02
1.388318000000000154e+02
1.444499999999999886e+02
1.503677999999999884e+02
1.558380999999999972e+02
1.596156000000000006e+02
1.620030000000000143e+02
1.668704000000000178e+02
1.698876999999999953e+02
1.723853999999999758e+02
1.744770999999999788e+02
1.780274000000000285e+02
1.792920000000000016e+02
1.810723999999999876e+02
1.833467000000000269e+02
1.847308999999999628e+02
1.854698999999999671e+02
1.878480999999999881e+02
1.889577999999999633e+02
1.896158000000000641e+02
1.903552999999999997e+02
1.909387000000000398e+02
1.923808999999999685e+02
1.924155999999999835e+02
1.934484999999999957e+02
1.933817999999999984e+02
1.948705000000000211e+02
1.949709000000000287e+02
1.953213999999999828e+02
1.952691999999999837e+02
1.963100999999999487e+02
1.963730999999999369e+02
1.966845000000000141e+02
1.972010000000000218e+02
1.974133999999999673e+02
1.973883999999999901e+02
1.976820999999999628e+02
1.981545999999999879e+02
1.979786999999999466e+02
1.982095999999999947e+02
1.982423000000000002e+02
1.985318999999999789e+02
1.985922000000000196e+02
1.986353000000000009e+02
1.988682999999999765e+02
1.988573000000000377e+02
1.988780000000000427e+02
1.989440999999999633e+02
1.991480000000000246e+02
1.993102000000000089e+02
1.991301000000000556e+02
1.994434999999999718e+02
1.995007999999999697e+02
1.994314000000000249e+02
1.995300999999999760e+02
1.995507000000000346e+02
1.996340000000000430e+02
1.996830999999999676e+02
1.996017000000000223e+02
1.996479000000000212e+02
1.996541999999999746e+02
1.996468999999999880e+02
1.997604000000000042e+02
1.997860000000000298e+02
1.996538000000000181e+02
1.996741999999999848e+02
1.997824999999999704e+02
1.998645000000000778e+02
1.998661999999999921e+02
1.998623999999999796e+02
1.998007000000000062e+02
