1.000000000000000000e+00
1.081700000000000106e+00
1.177599999999999980e+00
1.270399999999999974e+00
1.380499999999999616e+00
1.490499999999999936e+00
1.644700000000000273e+00
1.768300000000000205e+00
1.909999999999999920e+00
2.104300000000000281e+00
2.321999999999999620e+00
2.531800000000000495e+00
2.846299999999999830e+00
3.172100000000000364e+00
3.643199999999999772e+00
4.178399999999999892e+00
4.907099999999999795e+00
5.841800000000000992e+00
6.750400000000000844e+00
7.860599999999998033e+00
8.758499999999999730e+00
9.817900000000001626e+00
1.050749999999999851e+01
1.088129999999999953e+01
1.161979999999999968e+01
1.154929999999999879e+01
1.180380000000000074e+01
1.158279999999999887e+01
1.174390000000000178e+01
1.149149999999999849e+01
1.137510000000000154e+01
1.123639999999999617e+01
1.122849999999999859e+01
1.086030000000000229e+01
1.080959999999999965e+01
1.055799999999999983e+01
1.042330000000000112e+01
1.028760000000000296e+01
1.010679999999999978e+01
9.998300000000000409e+00
9.766799999999999926e+00
9.614700000000000912e+00
9.438700000000000756e+00
9.365000000000000213e+00
9.174099999999999255e+00
8.987700000000000244e+00
8.904999999999999361e+00
8.755100000000000549e+00
8.619399999999998840e+00
8.502999999999998337e+00
8.448299999999999699e+00
8.293199999999998795e+00
8.196400000000000574e+00
8.109799999999999898e+00
7.972599999999999909e+00
7.879599999999999937e+00
7.798400000000001775e+00
7.687900000000000844e+00
7.632799999999999585e+00
7.561099999999999710e+00
7.460599999999999454e+00
7.378899999999999793e+00
7.298599999999997756e+00
7.239400000000000723e+00
7.174299999999999677e+00
7.116999999999999105e+00
7.035900000000000709e+00
6.994900000000000340e+00
6.887599999999999056e+00
6.836999999999999744e+00
6.780699999999999505e+00
6.718000000000000860e+00
6.683299999999999130e+00
6.604099999999999859e+00
6.567599999999999660e+00
6.535499999999999865e+00
6.469100000000000072e+00
6.416299999999999670e+00
6.414999999999997371e+00
6.346599999999999575e+00
6.285499999999998089e+00
6.235100000000000975e+00
6.221799999999999109e+00
6.161100000000000243e+00
6.164899999999999380e+00
6.122700000000000031e+00
6.084399999999999586e+00
6.045099999999999696e+00
6.006700000000000372e+00
5.997299999999999187e+00
5.967399999999998705e+00
5.910099999999999909e+00
5.890099999999998559e+00
5.851599999999999469e+00
5.843199999999999505e+00
5.804899999999999949e+00
5.799100000000001032e+00
5.714599999999999014e+00
5.660000000000001030e+00
5.704299999999998150e+00
