1.000000000000000000e+00
1.084500000000000242e+00
1.176299999999999901e+00
1.260900000000000132e+00
1.369600000000000151e+00
1.495600000000000041e+00
1.643000000000000016e+00
1.768300000000000205e+00
1.932300000000000129e+00
2.082399999999999807e+00
2.275999999999999801e+00
2.497000000000000330e+00
2.840899999999999537e+00
3.132800000000000473e+00
3.613199999999999967e+00
4.133100000000000662e+00
4.961000000000000298e+00
5.603200000000001957e+00
6.670300000000000118e+00
7.844100000000000072e+00
8.850699999999998013e+00
9.914399999999998769e+00
1.056710000000000349e+01
1.105079999999999707e+01
1.129790000000000028e+01
1.159110000000000085e+01
1.168730000000000047e+01
1.180809999999999782e+01
1.154900000000000304e+01
1.156129999999999924e+01
1.139219999999999544e+01
1.130380000000000074e+01
1.118879999999999875e+01
1.091279999999999895e+01
1.073119999999999941e+01
1.059999999999999964e+01
1.045680000000000121e+01
1.028890000000000171e+01
1.004700000000000060e+01
9.909399999999999764e+00
9.692600000000000549e+00
9.550400000000001555e+00
9.465299999999999159e+00
9.318599999999998218e+00
9.173199999999999577e+00
9.044000000000000483e+00
8.911599999999999966e+00
8.788299999999999557e+00
8.624000000000000554e+00
8.519799999999998263e+00
8.399599999999999511e+00
8.297000000000000597e+00
8.221099999999998076e+00
8.096300000000001162e+00
7.966099999999999959e+00
7.868099999999999206e+00
7.783799999999998498e+00
7.690599999999999881e+00
7.633000000000000895e+00
7.557199999999999918e+00
7.456700000000000550e+00
7.362300000000000288e+00
7.347199999999999953e+00
7.235999999999998877e+00
7.181199999999998695e+00
7.093500000000000583e+00
7.040899999999998826e+00
6.987499999999998934e+00
6.903499999999999304e+00
6.863100000000000200e+00
6.787600000000000300e+00
6.733500000000000263e+00
6.695099999999999163e+00
6.597599999999999909e+00
6.579399999999999693e+00
6.510500000000000398e+00
6.482800000000000118e+00
6.398400000000000531e+00
6.408099999999999241e+00
6.332099999999999618e+00
6.302499999999998437e+00
6.230500000000001037e+00
6.222000000000000419e+00
6.199799999999998867e+00
6.156000000000000583e+00
6.114500000000000490e+00
6.065799999999999415e+00
6.065700000000000536e+00
6.021900000000000475e+00
5.986499999999999488e+00
5.980999999999999872e+00
5.925499999999999545e+00
5.881300000000001305e+00
5.864199999999998525e+00
5.830000000000000071e+00
5.805800000000000516e+00
5.776100000000000456e+00
5.710600000000000342e+00
5.687499999999999112e+00
5.669700000000000628e+00
