1.000000000000000000e+00
1.084500000000000242e+00
1.177099999999999813e+00
1.262399999999999745e+00
1.374099999999999877e+00
1.508899999999999908e+00
1.671000000000000041e+00
1.817900000000000293e+00
2.013499999999999623e+00
2.201299999999999812e+00
2.478000000000000203e+00
2.814400000000000013e+00
3.387499999999999289e+00
3.900500000000000078e+00
5.109899999999999665e+00
6.734899999999999665e+00
9.732499999999999929e+00
1.293550000000000111e+01
1.881349999999999767e+01
2.776980000000000004e+01
3.680749999999999744e+01
4.956830000000000069e+01
6.112250000000000227e+01
7.302379999999999427e+01
8.480649999999999977e+01
9.585690000000001021e+01
1.055490999999999815e+02
1.167215999999999809e+02
1.242460000000000093e+02
1.330332999999999970e+02
1.394974999999999739e+02
1.461274999999999977e+02
1.510034999999999741e+02
1.562284999999999684e+02
1.592060999999999922e+02
1.629612000000000194e+02
1.669204000000000008e+02
1.697113000000000227e+02
1.739517000000000166e+02
1.748539999999999850e+02
1.766731000000000620e+02
1.797287000000000035e+02
1.815737000000000307e+02
1.835298000000000229e+02
1.851970999999999776e+02
1.857590999999999610e+02
1.868810999999999751e+02
1.882950000000000443e+02
1.897519000000000347e+02
1.904390999999999963e+02
1.915420999999999481e+02
1.923081999999999994e+02
1.927278000000000304e+02
1.936892000000000564e+02
1.933168000000000006e+02
1.939977000000000089e+02
1.948595000000000539e+02
1.952811999999999273e+02
1.960560999999999581e+02
1.963036999999999921e+02
1.970647000000000446e+02
1.964602999999999611e+02
1.970442000000000178e+02
1.972134999999999820e+02
1.975891999999999769e+02
1.975519999999999357e+02
1.977928999999999746e+02
1.979337000000000160e+02
1.982553000000000338e+02
1.984161000000000286e+02
1.984846000000000288e+02
1.987550000000000239e+02
1.989857000000000369e+02
1.986836999999999875e+02
1.990582999999999458e+02
1.991087999999999738e+02
1.990103000000000293e+02
1.991888000000000432e+02
1.991634999999999991e+02
1.991103999999999985e+02
1.993346000000000231e+02
1.994364999999999668e+02
1.994932000000000301e+02
1.993967999999999563e+02
1.994556000000000040e+02
1.996476999999999578e+02
1.995516000000000076e+02
1.997192999999999756e+02
1.997355000000000302e+02
1.996888000000000432e+02
1.997161000000000399e+02
1.996987999999999772e+02
1.996565999999999974e+02
1.997580999999999847e+02
1.998092000000000326e+02
1.998874999999999886e+02
1.998286000000000513e+02
1.997015999999999849e+02
1.997447999999999979e+02
1.999100999999999715e+02
