1.000000000000000000e+00
1.082300000000000040e+00
1.169599999999999973e+00
1.277600000000000069e+00
1.368999999999999773e+00
1.502400000000000180e+00
1.613400000000000389e+00
1.769600000000000062e+00
1.905700000000000172e+00
2.116000000000000103e+00
2.288899999999999935e+00
2.530400000000000205e+00
2.840999999999999748e+00
3.173899999999999721e+00
3.570799999999999752e+00
4.163999999999999702e+00
4.726600000000000357e+00
5.763999999999998458e+00
6.949499999999999567e+00
7.920099999999998808e+00
8.810299999999999798e+00
9.963100000000000733e+00
1.049239999999999995e+01
1.113630000000000031e+01
1.142259999999999920e+01
1.161200000000000188e+01
1.169239999999999746e+01
1.166249999999999964e+01
1.162470000000000248e+01
1.150420000000000087e+01
1.134749999999999837e+01
1.130030000000000179e+01
1.107420000000000115e+01
1.094779999999999909e+01
1.077389999999999937e+01
1.053309999999999924e+01
1.039320000000000022e+01
1.022630000000000017e+01
1.011900000000000155e+01
9.914999999999999147e+00
9.767000000000001236e+00
9.562400000000002009e+00
9.478400000000000603e+00
9.347800000000001219e+00
9.185899999999998400e+00
9.014999999999998792e+00
8.912100000000002353e+00
8.768400000000001526e+00
8.630000000000000782e+00
8.519499999999998963e+00
8.413500000000000867e+00
8.279800000000001603e+00
8.179499999999997328e+00
8.116699999999999804e+00
7.977499999999999147e+00
7.936200000000000365e+00
7.785499999999999865e+00
7.737299999999999400e+00
7.631600000000000605e+00
7.562099999999999156e+00
7.437799999999999301e+00
7.379999999999999893e+00
7.311099999999999710e+00
7.259500000000000064e+00
7.195599999999999774e+00
7.119500000000000384e+00
7.043099999999999028e+00
6.980099999999998417e+00
6.899100000000000676e+00
6.841700000000000337e+00
6.801100000000001700e+00
6.766900000000000581e+00
6.678100000000000591e+00
6.635099999999999554e+00
6.612499999999999822e+00
6.548600000000000421e+00
6.472700000000000564e+00
6.423700000000000188e+00
6.385499999999999510e+00
6.293199999999999683e+00
6.286099999999999355e+00
6.261099999999999888e+00
6.226999999999999424e+00
6.180399999999999672e+00
6.154600000000000293e+00
6.131600000000000605e+00
6.076399999999998691e+00
6.043200000000000571e+00
6.025499999999999190e+00
5.984500000000000597e+00
5.972300000000001496e+00
5.910000000000000142e+00
5.903099999999999348e+00
5.862499999999999822e+00
5.849599999999998801e+00
5.782299999999999329e+00
5.744800000000000573e+00
5.736999999999999211e+00
5.703700000000000436e+00
5.662099999999998801e+00
