1.000000000000000000e+00
1.082400000000000029e+00
1.170399999999999885e+00
1.281800000000000050e+00
1.374999999999999778e+00
1.515199999999999880e+00
1.637799999999999923e+00
1.817700000000000315e+00
1.982899999999999885e+00
2.247499999999999609e+00
2.502499999999999947e+00
2.872300000000000075e+00
3.422600000000000531e+00
4.095499999999999474e+00
4.958800000000000097e+00
6.783499999999999197e+00
8.908999999999998920e+00
1.360019999999999918e+01
2.063369999999999749e+01
2.801699999999999946e+01
3.648400000000000887e+01
4.962380000000000280e+01
6.008609999999999474e+01
7.285600000000000875e+01
8.364860000000000184e+01
9.609030000000001337e+01
1.055953000000000088e+02
1.158193999999999875e+02
1.231178000000000026e+02
1.319397000000000162e+02
1.383406999999999698e+02
1.442170000000000130e+02
1.499763000000000090e+02
1.556133000000000095e+02
1.581297999999999888e+02
1.634428999999999803e+02
1.669395000000000095e+02
1.708219000000000563e+02
1.731365000000000123e+02
1.756083999999999889e+02
1.773066999999999780e+02
1.787010999999999967e+02
1.810370999999999810e+02
1.832686999999999955e+02
1.847822000000000173e+02
1.860819000000000187e+02
1.878425000000000011e+02
1.890640999999999963e+02
1.894302000000000419e+02
1.903521999999999821e+02
1.916511000000000138e+02
1.916705999999999790e+02
1.929775000000000489e+02
1.933469000000000335e+02
1.932240000000000180e+02
1.942577999999999747e+02
1.950552999999999884e+02
1.951760999999999626e+02
1.954395999999999560e+02
1.962501999999999782e+02
1.963285999999999945e+02
1.963118000000000052e+02
1.969974999999999739e+02
1.973514999999999873e+02
1.976897000000000162e+02
1.980288000000000181e+02
1.978159999999999741e+02
1.980236000000000161e+02
1.983467000000000269e+02
1.982765000000000271e+02
1.983493000000000279e+02
1.985083999999999662e+02
1.987769000000000119e+02
1.989018000000000086e+02
1.989348000000000241e+02
1.991426000000000158e+02
1.991966999999999928e+02
1.987855999999999881e+02
1.994140999999999622e+02
1.994605000000000246e+02
1.993280999999999779e+02
1.993173999999999921e+02
1.994784999999999968e+02
1.995322999999999922e+02
1.995226999999999578e+02
1.995954999999999586e+02
1.996457999999999515e+02
1.996675000000000466e+02
1.996929000000000087e+02
1.997183000000000277e+02
1.997868000000000279e+02
1.995789000000000044e+02
1.998445000000000107e+02
1.998634000000000412e+02
1.996538000000000181e+02
1.998635000000000161e+02
1.998039000000000271e+02
1.997026999999999930e+02
1.998848000000000411e+02
1.999390000000000214e+02
