1.000000000000000000e+00
1.085999999999999854e+00
1.174099999999999921e+00
1.279500000000000082e+00
1.380799999999999805e+00
1.490900000000000114e+00
1.651499999999999746e+00
1.789999999999999813e+00
2.008900000000000130e+00
2.255300000000000082e+00
2.538499999999999979e+00
2.836399999999999810e+00
3.338399999999999590e+00
4.131199999999999761e+00
5.008899999999999686e+00
6.683500000000000441e+00
9.349700000000000344e+00
1.358919999999999817e+01
1.847830000000000084e+01
2.686490000000000222e+01
3.564400000000001256e+01
4.849789999999998713e+01
6.023949999999999960e+01
7.241939999999998179e+01
8.511399999999997590e+01
9.778810000000001423e+01
1.068794000000000182e+02
1.163986000000000018e+02
1.229852000000000061e+02
1.312382000000000062e+02
1.390020999999999844e+02
1.446673000000000116e+02
1.504399999999999977e+02
1.549832000000000107e+02
1.582882999999999925e+02
1.638580000000000041e+02
1.664290000000000020e+02
1.696593000000000302e+02
1.727468000000000075e+02
1.752664999999999793e+02
1.771534000000000049e+02
1.802200999999999738e+02
1.817516999999999712e+02
1.831998999999999853e+02
1.847888000000000090e+02
1.858434999999999775e+02
1.865720999999999492e+02
1.883193000000000268e+02
1.894149000000000171e+02
1.898101000000000340e+02
1.911579999999999870e+02
1.921970999999999776e+02
1.926956999999999880e+02
1.933154000000000394e+02
1.939088999999999885e+02
1.937700999999999851e+02
1.944557000000000357e+02
1.956257999999999697e+02
1.956886000000000365e+02
1.959745000000000061e+02
1.963698999999999728e+02
1.966534999999999798e+02
1.970216999999999814e+02
1.972127999999999872e+02
1.978470000000000368e+02
1.979477000000000544e+02
1.979430000000000405e+02
1.982087999999999681e+02
1.981965999999999610e+02
1.985678000000000338e+02
1.985295999999999879e+02
1.984792999999999950e+02
1.988205999999999847e+02
1.989050000000000011e+02
1.987990000000000066e+02
1.988791999999999689e+02
1.991060999999999694e+02
1.992740000000000009e+02
1.993214999999999861e+02
1.992897000000000105e+02
1.992006000000000085e+02
1.994693000000000040e+02
1.995586999999999875e+02
1.994887999999999977e+02
1.995512999999999977e+02
1.996543999999999528e+02
1.996813999999999965e+02
1.995701999999999998e+02
1.997391000000000076e+02
1.996066999999999894e+02
1.996501999999999555e+02
1.997303000000000281e+02
1.998657000000000323e+02
1.997571000000000652e+02
1.997998000000000047e+02
1.997304000000000030e+02
1.998526000000000522e+02
1.998679000000000485e+02
1.998161000000000058e+02
1.998377000000000123e+02
