1.000000000000000000e+00
1.085999999999999854e+00
1.173699999999999966e+00
1.277600000000000069e+00
1.371600000000000152e+00
1.480399999999999716e+00
1.623600000000000154e+00
1.744199999999999973e+00
1.929599999999999982e+00
2.122400000000000286e+00
2.324299999999999589e+00
2.520500000000000185e+00
2.820000000000000728e+00
3.203600000000000225e+00
3.541199999999999459e+00
4.122200000000000308e+00
4.889100000000000001e+00
5.767500000000000071e+00
6.624800000000000466e+00
7.765499999999999403e+00
8.693200000000000927e+00
9.761799999999999145e+00
1.053539999999999921e+01
1.103010000000000268e+01
1.137220000000000297e+01
1.169519999999999982e+01
1.174760000000000026e+01
1.175879999999999903e+01
1.154100000000000215e+01
1.161830000000000140e+01
1.147849999999999682e+01
1.128439999999999976e+01
1.119110000000000049e+01
1.095579999999999998e+01
1.073949999999999960e+01
1.067880000000000074e+01
1.041950000000000109e+01
1.018620000000000125e+01
1.011779999999999902e+01
9.903500000000001080e+00
9.779200000000001225e+00
9.638500000000000512e+00
9.489900000000000446e+00
9.273900000000001143e+00
9.183199999999999363e+00
9.017699999999999605e+00
8.896399999999999864e+00
8.735500000000000043e+00
8.630199999999998539e+00
8.514900000000000801e+00
8.385699999999999932e+00
8.300300000000000011e+00
8.243100000000000094e+00
8.070100000000000051e+00
7.968600000000000350e+00
7.884999999999999787e+00
7.766399999999999970e+00
7.725900000000000212e+00
7.619399999999999729e+00
7.561300000000001020e+00
7.480000000000000426e+00
7.413399999999999324e+00
7.345200000000000173e+00
7.262400000000000411e+00
7.204800000000000537e+00
7.142299999999998761e+00
7.052199999999999136e+00
6.983699999999999797e+00
6.882100000000000328e+00
6.835499999999999687e+00
6.761299999999998533e+00
6.745699999999998475e+00
6.664199999999999235e+00
6.618100000000001870e+00
6.565399999999998570e+00
6.553400000000001668e+00
6.482299999999998619e+00
6.414700000000001623e+00
6.371800000000000352e+00
6.321400000000002350e+00
6.293899999999999828e+00
6.272100000000000009e+00
6.222400000000000375e+00
6.185499999999999332e+00
6.153800000000000381e+00
6.118700000000001360e+00
6.070899999999999075e+00
6.050099999999999589e+00
6.015699999999998049e+00
6.005100000000001437e+00
5.967600000000000016e+00
5.911100000000000243e+00
5.892599999999999838e+00
5.871700000000000585e+00
5.850299999999998946e+00
5.788900000000000823e+00
5.730300000000000615e+00
5.730600000000000804e+00
5.716199999999999726e+00
5.671600000000000641e+00
