1.000000000000000000e+00
1.081700000000000106e+00
1.175200000000000022e+00
1.275500000000000078e+00
1.382800000000000029e+00
1.507400000000000073e+00
1.640099999999999891e+00
1.796499999999999764e+00
2.002899999999999903e+00
2.238100000000000200e+00
2.570400000000000240e+00
2.904600000000000293e+00
3.305099999999999927e+00
3.930299999999999905e+00
4.975699999999999790e+00
6.829800000000000537e+00
9.098899999999998656e+00
1.290290000000000248e+01
1.826279999999999859e+01
2.726590000000000202e+01
3.844180000000000064e+01
4.640999999999998948e+01
6.197879999999999256e+01
7.224659999999998661e+01
8.624870000000001369e+01
9.559669999999999845e+01
1.040826999999999884e+02
1.156831999999999852e+02
1.238819000000000017e+02
1.322629000000000019e+02
1.370558000000000050e+02
1.440047000000000423e+02
1.504971999999999923e+02
1.559104999999999848e+02
1.581565999999999974e+02
1.628592999999999904e+02
1.664234000000000151e+02
1.695922999999999945e+02
1.733222000000000094e+02
1.741008999999999958e+02
1.781077999999999975e+02
1.806627999999999759e+02
1.819525000000000432e+02
1.831062999999999761e+02
1.850556999999999732e+02
1.866268000000000029e+02
1.879653000000000134e+02
1.888614000000000317e+02
1.896606999999999914e+02
1.903783000000000243e+02
1.905200000000000102e+02
1.921771999999999707e+02
1.930694000000000301e+02
1.929938999999999965e+02
1.935121999999999787e+02
1.946408000000000129e+02
1.950004999999999882e+02
1.951677999999999997e+02
1.960890999999999735e+02
1.959827999999999975e+02
1.964095999999999833e+02
1.969193999999999960e+02
1.969823000000000661e+02
1.973312999999999988e+02
1.975523000000000309e+02
1.975322000000000173e+02
1.979457999999999913e+02
1.978057000000000016e+02
1.979341999999999757e+02
1.984335000000000093e+02
1.983200999999999965e+02
1.985944000000000358e+02
1.988465000000000487e+02
1.986498999999999739e+02
1.989652999999999849e+02
1.990363000000000397e+02
1.991462999999999965e+02
1.990763000000000602e+02
1.993427999999999827e+02
1.993312999999999988e+02
1.991616999999999962e+02
1.995079999999999814e+02
1.994602999999999895e+02
1.994801000000000215e+02
1.995072000000000401e+02
1.995456000000000358e+02
1.995381999999999607e+02
1.996536000000000115e+02
1.995076999999999998e+02
1.997630000000000337e+02
1.997291000000000736e+02
1.995909999999999798e+02
1.997026000000000181e+02
1.998285000000000196e+02
1.997323999999999842e+02
1.998936999999999955e+02
1.997374000000000080e+02
1.999600000000000080e+02
1.999048000000000229e+02
1.998610999999999933e+02
