1.000000000000000000e+00
1.081700000000000106e+00
1.174600000000000088e+00
1.272399999999999975e+00
1.375800000000000134e+00
1.493100000000000316e+00
1.614600000000000035e+00
1.753699999999999815e+00
1.928699999999999859e+00
2.112299999999999400e+00
2.347700000000000120e+00
2.557900000000000063e+00
2.798599999999999977e+00
3.115799999999999681e+00
3.547000000000000597e+00
4.192800000000000082e+00
4.800100000000000477e+00
5.574099999999998722e+00
6.634000000000001229e+00
7.848800000000000665e+00
8.961800000000000210e+00
9.601599999999999469e+00
1.069429999999999659e+01
1.104690000000000083e+01
1.155760000000000254e+01
1.152270000000000039e+01
1.159369999999999656e+01
1.169579999999999842e+01
1.167819999999999858e+01
1.155969999999999942e+01
1.139120000000000132e+01
1.116419999999999568e+01
1.108720000000000105e+01
1.092300000000000182e+01
1.079299999999999748e+01
1.064889999999999937e+01
1.040530000000000044e+01
1.021909999999999918e+01
1.008360000000000056e+01
9.865299999999999514e+00
9.837299999999999045e+00
9.633699999999999264e+00
9.440400000000000347e+00
9.347400000000000375e+00
9.144000000000000128e+00
9.019199999999999662e+00
8.887700000000000600e+00
8.784900000000000375e+00
8.631199999999999761e+00
8.547299999999999898e+00
8.409699999999999065e+00
8.292999999999999261e+00
8.190300000000000580e+00
8.099199999999999733e+00
7.998399999999999288e+00
7.891799999999999926e+00
7.821399999999998798e+00
7.733900000000000219e+00
7.611200000000001076e+00
7.555700000000000749e+00
7.470299999999999940e+00
7.378200000000000536e+00
7.311800000000000743e+00
7.251500000000000057e+00
7.169599999999999973e+00
7.077099999999998836e+00
7.069100000000000605e+00
6.976799999999999891e+00
6.933700000000000863e+00
6.867700000000000138e+00
6.792100000000000470e+00
6.737000000000000099e+00
6.680799999999999628e+00
6.624299999999999855e+00
6.570400000000001128e+00
6.548299999999999343e+00
6.482599999999999696e+00
6.435700000000000642e+00
6.383500000000000618e+00
6.329300000000000814e+00
6.311799999999999855e+00
6.258299999999999308e+00
6.218700000000001005e+00
6.201500000000001123e+00
6.167500000000000426e+00
6.110299999999998732e+00
6.092500000000000249e+00
6.054400000000000226e+00
6.038000000000002032e+00
6.000400000000000844e+00
5.968699999999999228e+00
5.912499999999998757e+00
5.911299999999999777e+00
5.870199999999998752e+00
5.839899999999999203e+00
5.783299999999999663e+00
5.740099999999999092e+00
5.717799999999999550e+00
5.704600000000000115e+00
5.670999999999999375e+00
