1.000000000000000000e+00
1.084900000000000198e+00
1.169399999999999995e+00
1.259500000000000064e+00
1.371400000000000174e+00
1.480299999999999949e+00
1.630700000000000038e+00
1.778100000000000236e+00
1.919999999999999707e+00
2.096800000000000441e+00
2.282899999999999707e+00
2.536000000000000032e+00
2.865699999999999470e+00
3.212900000000000311e+00
3.579299999999999926e+00
4.151800000000000601e+00
4.838899999999999757e+00
5.753800000000000026e+00
6.754299999999999748e+00
7.809099999999999930e+00
8.884800000000000253e+00
9.938900000000000290e+00
1.079210000000000313e+01
1.126200000000000045e+01
1.131929999999999836e+01
1.155700000000000038e+01
1.175839999999999641e+01
1.178419999999999845e+01
1.172849999999999859e+01
1.149550000000000161e+01
1.147080000000000233e+01
1.123150000000000048e+01
1.126270000000000060e+01
1.093359999999999843e+01
1.081340000000000146e+01
1.049740000000000073e+01
1.051700000000000124e+01
1.025479999999999947e+01
1.010160000000000124e+01
9.944700000000000983e+00
9.771399999999999864e+00
9.547399999999999665e+00
9.459199999999999164e+00
9.312500000000000000e+00
9.201900000000000190e+00
8.991400000000000503e+00
8.866899999999999338e+00
8.769700000000000273e+00
8.613799999999999457e+00
8.499500000000001165e+00
8.388200000000001211e+00
8.314799999999999969e+00
8.201899999999998414e+00
8.116200000000000969e+00
7.991499999999999382e+00
7.904700000000000060e+00
7.793499999999999872e+00
7.702499999999999680e+00
7.644699999999999385e+00
7.536400000000001320e+00
7.480799999999999450e+00
7.373400000000000176e+00
7.298899999999999721e+00
7.273600000000000065e+00
7.180900000000000283e+00
7.087699999999999001e+00
7.044800000000002171e+00
6.968599999999998573e+00
6.901399999999998869e+00
6.894099999999998118e+00
6.823900000000000965e+00
6.759500000000000064e+00
6.686200000000000365e+00
6.607600000000001472e+00
6.587299999999999045e+00
6.563599999999999213e+00
6.472899999999999210e+00
6.441399999999998904e+00
6.370300000000001184e+00
6.348200000000000287e+00
6.319400000000000794e+00
6.289900000000001157e+00
6.224499999999999034e+00
6.173699999999999299e+00
6.155199999999998894e+00
6.124600000000001820e+00
6.098799999999999777e+00
6.057199999999999918e+00
6.012199999999999989e+00
6.009999999999998899e+00
5.960100000000000620e+00
5.939599999999999547e+00
5.896199999999998553e+00
5.853600000000000136e+00
5.847599999999999909e+00
5.829500000000000348e+00
5.759699999999998710e+00
5.729599999999999582e+00
5.696700000000000763e+00
5.690600000000000769e+00
