1.000000000000000000e+00
1.084900000000000198e+00
1.169700000000000184e+00
1.262399999999999967e+00
1.378599999999999826e+00
1.495000000000000107e+00
1.655999999999999917e+00
1.822400000000000020e+00
1.996100000000000430e+00
2.222500000000000142e+00
2.482800000000000118e+00
2.853299999999999947e+00
3.446600000000000108e+00
4.096099999999999852e+00
5.008099999999999774e+00
6.654399999999998983e+00
9.274900000000000588e+00
1.363770000000000415e+01
1.934049999999999869e+01
2.724790000000000489e+01
3.704819999999999425e+01
5.011260000000001469e+01
6.292170000000000840e+01
7.429900000000000659e+01
8.321800000000001774e+01
9.521250000000000568e+01
1.059663999999999930e+02
1.155551999999999992e+02
1.248012999999999977e+02
1.326201000000000079e+02
1.386607999999999947e+02
1.434003000000000156e+02
1.507464999999999975e+02
1.535242000000000075e+02
1.596154999999999973e+02
1.623723999999999990e+02
1.677435999999999581e+02
1.689806999999999846e+02
1.732577000000000282e+02
1.746889000000000181e+02
1.778242999999999938e+02
1.803088000000000477e+02
1.816693999999999960e+02
1.833983999999999526e+02
1.842116000000000042e+02
1.863510000000000275e+02
1.886119999999999948e+02
1.883516000000000474e+02
1.900385000000000275e+02
1.910281999999999698e+02
1.909969000000000108e+02
1.917718000000000416e+02
1.928310999999999638e+02
1.932234000000000265e+02
1.938936000000000490e+02
1.947501999999999782e+02
1.946532999999999731e+02
1.954972999999999956e+02
1.958656999999999471e+02
1.960772000000000048e+02
1.965756000000000085e+02
1.964063999999999908e+02
1.968426999999999794e+02
1.971502000000000123e+02
1.975663000000000125e+02
1.975154000000000565e+02
1.979530000000000030e+02
1.981807000000000016e+02
1.980638000000000147e+02
1.984975999999999772e+02
1.984214000000000055e+02
1.986692999999999643e+02
1.986105999999999767e+02
1.987854999999999563e+02
1.986654000000000053e+02
1.988674000000000035e+02
1.989557000000000073e+02
1.990603999999999587e+02
1.991880999999999631e+02
1.992473000000000241e+02
1.993329999999999984e+02
1.992980000000000018e+02
1.994909000000000106e+02
1.994424000000000206e+02
1.996055000000000348e+02
1.994569000000000187e+02
1.995552000000000419e+02
1.997236999999999796e+02
1.997841999999999416e+02
1.995869999999999607e+02
1.997895000000000039e+02
1.998396000000000186e+02
1.997766000000000020e+02
1.998004000000000531e+02
1.997784999999999798e+02
1.998461999999999819e+02
1.998617000000000132e+02
1.998659999999999854e+02
1.999029999999999916e+02
1.998917999999999893e+02
