1.000000000000000000e+00
1.082200000000000051e+00
1.167399999999999993e+00
1.281900000000000261e+00
1.363599999999999923e+00
1.493600000000000039e+00
1.635400000000000409e+00
1.761799999999999811e+00
1.937900000000000178e+00
2.057700000000000529e+00
2.329399999999999693e+00
2.547100000000000364e+00
2.819999999999999840e+00
3.171599999999999753e+00
3.653099999999999348e+00
4.124399999999999622e+00
4.768299999999999983e+00
5.673399999999999110e+00
6.617100000000000648e+00
7.687400000000000233e+00
8.931399999999998229e+00
9.864700000000000912e+00
1.048230000000000040e+01
1.104760000000000275e+01
1.148799999999999777e+01
1.155189999999999984e+01
1.174540000000000006e+01
1.178529999999999944e+01
1.174949999999999761e+01
1.158589999999999698e+01
1.136659999999999648e+01
1.118149999999999622e+01
1.114719999999999978e+01
1.088629999999999853e+01
1.082079999999999842e+01
1.058830000000000204e+01
1.049379999999999846e+01
1.029209999999999958e+01
1.009350000000000058e+01
9.894499999999998963e+00
9.804999999999999716e+00
9.650000000000000355e+00
9.440100000000001046e+00
9.227300000000001390e+00
9.172299999999999898e+00
9.036999999999999034e+00
8.895299999999998875e+00
8.749299999999999855e+00
8.629599999999999937e+00
8.556699999999999307e+00
8.389200000000002433e+00
8.290700000000001069e+00
8.168599999999999639e+00
8.110900000000000887e+00
7.990199999999998859e+00
7.902599999999999625e+00
7.777699999999999392e+00
7.753600000000000492e+00
7.621400000000001285e+00
7.536199999999999122e+00
7.448599999999999888e+00
7.401399999999998869e+00
7.299000000000001265e+00
7.233200000000000074e+00
7.203099999999998282e+00
7.132399999999998741e+00
7.040699999999999292e+00
6.951800000000000423e+00
6.937400000000000233e+00
6.882699999999998930e+00
6.810200000000000919e+00
6.737200000000001410e+00
6.657700000000000173e+00
6.637900000000001022e+00
6.574399999999999800e+00
6.568200000000000927e+00
6.464100000000001067e+00
6.452700000000000102e+00
6.387299999999999756e+00
6.356799999999999784e+00
6.306000000000000050e+00
6.260799999999999699e+00
6.217400000000000482e+00
6.220400000000000595e+00
6.166899999999999160e+00
6.119200000000001083e+00
6.101300000000000168e+00
6.044300000000000672e+00
6.013700000000000045e+00
5.998899999999999899e+00
5.971500000000000696e+00
5.932400000000000340e+00
5.878999999999999559e+00
5.849100000000000854e+00
5.823400000000000354e+00
5.812400000000000233e+00
5.770199999999999996e+00
5.742200000000000415e+00
5.675099999999999589e+00
5.686300000000001020e+00
