1.000000000000000000e+00
1.082300000000000262e+00
1.167599999999999971e+00
1.284800000000000164e+00
1.370199999999999863e+00
1.508199999999999985e+00
1.664700000000000291e+00
1.808799999999999963e+00
2.016900000000000137e+00
2.176099999999999923e+00
2.541700000000000070e+00
2.871300000000000630e+00
3.312900000000000400e+00
4.120499999999999829e+00
5.206500000000000128e+00
6.638199999999999434e+00
8.930799999999999628e+00
1.318889999999999851e+01
1.837730000000000175e+01
2.616090000000000515e+01
3.793140000000000356e+01
4.792469999999999430e+01
5.983310000000000173e+01
7.263320000000000221e+01
8.474580000000000268e+01
9.597489999999999100e+01
1.064471999999999952e+02
1.180395999999999788e+02
1.244868000000000166e+02
1.318256000000000085e+02
1.383557999999999879e+02
1.448195000000000050e+02
1.503978999999999644e+02
1.557700000000000102e+02
1.586810000000000116e+02
1.626012999999999806e+02
1.667680999999999756e+02
1.697986999999999966e+02
1.723745000000000118e+02
1.764966999999999473e+02
1.772781000000000518e+02
1.788746999999999616e+02
1.813409000000000333e+02
1.830198000000000320e+02
1.845690000000000168e+02
1.856462999999999681e+02
1.878316999999999837e+02
1.890460000000000207e+02
1.898638000000000545e+02
1.903563000000000898e+02
1.915747999999999820e+02
1.913009999999999877e+02
1.922271000000000356e+02
1.935026999999999759e+02
1.937788000000000466e+02
1.944783000000000186e+02
1.948298000000000059e+02
1.954177999999999997e+02
1.955122999999999820e+02
1.965169000000000210e+02
1.960327000000000055e+02
1.968233999999999924e+02
1.968877999999999986e+02
1.973337999999999965e+02
1.974577999999999918e+02
1.976026999999999418e+02
1.978146999999999878e+02
1.982087000000000216e+02
1.981479000000000212e+02
1.982750999999999806e+02
1.986390999999999565e+02
1.985643999999999778e+02
1.987434999999999832e+02
1.985373000000000445e+02
1.989061999999999841e+02
1.989458000000000197e+02
1.990067999999999984e+02
1.991380999999999801e+02
1.992201000000000306e+02
1.994120999999999810e+02
1.994687999999999874e+02
1.991331000000000131e+02
1.993711000000000126e+02
1.995374999999999943e+02
1.995708000000000197e+02
1.995798999999999808e+02
1.996861999999999853e+02
1.995996000000000379e+02
1.996875999999999749e+02
1.997283999999999935e+02
1.998158999999999992e+02
1.997944999999999993e+02
1.997120999999999924e+02
1.997353000000000236e+02
1.997010000000000218e+02
1.997297999999999831e+02
1.998700999999999794e+02
1.997755999999999688e+02
1.997601999999999975e+02
1.999809999999999945e+02
