1.000000000000000000e+00
1.087700000000000111e+00
1.163999999999999702e+00
1.273500000000000298e+00
1.390600000000000058e+00
1.493000000000000105e+00
1.611099999999999755e+00
1.760999999999999899e+00
1.942800000000000082e+00
2.078600000000000225e+00
2.310700000000000198e+00
2.541399999999999881e+00
2.798399999999999554e+00
3.159899999999999487e+00
3.588200000000000056e+00
4.137500000000000178e+00
4.905699999999999505e+00
5.719399999999999373e+00
6.760900000000000354e+00
8.017499999999998295e+00
8.907500000000000639e+00
9.707100000000000506e+00
1.062240000000000073e+01
1.112850000000000072e+01
1.140529999999999688e+01
1.154180000000000028e+01
1.181850000000000200e+01
1.169210000000000349e+01
1.173010000000000197e+01
1.157379999999999853e+01
1.137659999999999627e+01
1.112720000000000020e+01
1.112170000000000059e+01
1.104300000000000104e+01
1.071119999999999806e+01
1.069370000000000154e+01
1.040609999999999857e+01
1.035640000000000072e+01
1.011209999999999987e+01
9.946099999999999497e+00
9.766499999999998849e+00
9.645900000000001029e+00
9.449999999999999289e+00
9.307500000000000995e+00
9.153800000000000381e+00
9.073599999999999000e+00
8.942399999999997462e+00
8.772500000000000853e+00
8.664999999999999147e+00
8.551000000000000156e+00
8.404700000000001836e+00
8.303399999999999892e+00
8.233900000000000219e+00
8.144800000000000040e+00
7.993599999999998929e+00
7.879599999999999049e+00
7.801800000000000956e+00
7.713199999999997836e+00
7.638400000000000745e+00
7.549099999999998367e+00
7.449300000000000921e+00
7.374199999999999200e+00
7.324000000000001620e+00
7.245699999999999363e+00
7.198699999999999655e+00
7.143199999999999328e+00
7.041300000000001447e+00
6.991200000000000081e+00
6.905299999999999550e+00
6.882000000000000561e+00
6.782000000000000028e+00
6.715700000000001779e+00
6.678399999999999004e+00
6.633300000000000196e+00
6.601400000000000823e+00
6.522599999999999731e+00
6.485700000000000465e+00
6.408999999999999808e+00
6.394500000000000739e+00
6.353799999999999670e+00
6.288599999999999746e+00
6.256099999999999994e+00
6.213999999999998636e+00
6.197700000000001097e+00
6.143299999999999983e+00
6.126999999999998892e+00
6.098400000000000709e+00
6.042099999999999582e+00
6.032100000000001572e+00
5.994699999999998141e+00
5.970900000000000318e+00
5.929299999999999571e+00
5.919699999999998852e+00
5.863000000000002210e+00
5.854700000000000237e+00
5.809500000000001663e+00
5.782499999999999751e+00
5.732499999999999041e+00
5.741900000000000226e+00
5.684499999999998998e+00
