1.000000000000000000e+00
1.087800000000000100e+00
1.164499999999999869e+00
1.276000000000000023e+00
1.395300000000000207e+00
1.506400000000000183e+00
1.637599999999999945e+00
1.810300000000000020e+00
2.018299999999999983e+00
2.195999999999999730e+00
2.514299999999999979e+00
2.848399999999999821e+00
3.321800000000000086e+00
4.039800000000000502e+00
5.083800000000000097e+00
6.630699999999999150e+00
9.409399999999999764e+00
1.363020000000000032e+01
1.944239999999999924e+01
2.861039999999999495e+01
3.691900000000000404e+01
4.686580000000000723e+01
6.087150000000000460e+01
7.377980000000000871e+01
8.544789999999998997e+01
9.399399999999999977e+01
1.084312999999999789e+02
1.162147000000000077e+02
1.254150999999999954e+02
1.316194000000000131e+02
1.372739000000000260e+02
1.434968000000000075e+02
1.503104999999999905e+02
1.556309999999999718e+02
1.585535000000000139e+02
1.643847999999999843e+02
1.662356000000000051e+02
1.703081000000000245e+02
1.724772999999999854e+02
1.748274999999999864e+02
1.782038999999999476e+02
1.804090000000000202e+02
1.816401999999999930e+02
1.835771000000000583e+02
1.854244999999999663e+02
1.864043999999999812e+02
1.866179000000000201e+02
1.886659999999999968e+02
1.888841999999999928e+02
1.906757999999999527e+02
1.914801000000000215e+02
1.919275999999999840e+02
1.928386000000000138e+02
1.936083999999999889e+02
1.941341999999999928e+02
1.943314999999999770e+02
1.946450000000000387e+02
1.953772999999999911e+02
1.954889000000000294e+02
1.958063999999999965e+02
1.966843999999999824e+02
1.970235000000000127e+02
1.970182000000000357e+02
1.972543000000000006e+02
1.974213000000000022e+02
1.976245999999999583e+02
1.982103999999999644e+02
1.981856000000000222e+02
1.981451999999999600e+02
1.980657999999999674e+02
1.986628999999999792e+02
1.987319999999999993e+02
1.985810000000000173e+02
1.988520000000000039e+02
1.989592999999999563e+02
1.989514999999999816e+02
1.990621000000000151e+02
1.992023000000000081e+02
1.992791999999999462e+02
1.991906000000000461e+02
1.994056000000000211e+02
1.993634000000000412e+02
1.994032999999999731e+02
1.994615000000000009e+02
1.995688000000000102e+02
1.995139000000000351e+02
1.997164000000000215e+02
1.997027999999999963e+02
1.996953000000000316e+02
1.997080000000000268e+02
1.997184999999999491e+02
1.998163000000000125e+02
1.998142000000000280e+02
1.997522999999999911e+02
1.998461000000000070e+02
1.998744000000000369e+02
1.997737000000000194e+02
1.998701000000000079e+02
1.999103000000000350e+02
1.998982000000000028e+02
