1.000000000000000000e+00
1.080600000000000005e+00
1.170900000000000052e+00
1.271600000000000064e+00
1.367499999999999938e+00
1.502199999999999758e+00
1.655399999999999983e+00
1.806499999999999773e+00
1.994199999999999973e+00
2.254100000000000215e+00
2.501599999999999824e+00
2.852500000000000036e+00
3.374900000000000233e+00
3.957399999999999363e+00
5.012000000000000455e+00
6.648300000000000765e+00
8.922599999999999199e+00
1.317930000000000135e+01
1.872540000000000049e+01
2.535679999999999978e+01
3.649539999999999651e+01
4.879070000000000817e+01
5.844070000000000675e+01
7.287579999999999814e+01
8.512260000000001980e+01
9.591370000000000573e+01
1.078370999999999924e+02
1.156465999999999781e+02
1.249850999999999885e+02
1.318432999999999993e+02
1.383942000000000121e+02
1.451564000000000192e+02
1.502763999999999953e+02
1.549377999999999815e+02
1.587293999999999983e+02
1.633435999999999808e+02
1.668136999999999830e+02
1.685747999999999820e+02
1.732204000000000121e+02
1.743832000000000448e+02
1.774645000000000152e+02
1.798378999999999621e+02
1.811215000000000543e+02
1.828816999999999382e+02
1.848896999999999764e+02
1.860717999999999961e+02
1.875772000000000048e+02
1.889491999999999905e+02
1.897349999999999568e+02
1.912616000000000440e+02
1.915344000000000335e+02
1.914429999999999552e+02
1.932205000000000155e+02
1.928997000000000241e+02
1.939092999999999734e+02
1.944408999999999992e+02
1.946968000000000529e+02
1.955726000000000511e+02
1.955670999999999822e+02
1.960195999999999970e+02
1.965535000000000139e+02
1.968786000000000342e+02
1.968963999999999714e+02
1.970554999999999950e+02
1.976659999999999968e+02
1.978627000000000749e+02
1.979381999999999664e+02
1.980035000000000309e+02
1.981044000000000267e+02
1.985855999999999995e+02
1.984614000000000260e+02
1.984790999999999883e+02
1.989929000000000201e+02
1.989050000000000864e+02
1.989492999999999654e+02
1.990157000000000096e+02
1.992415000000000020e+02
1.992075000000000387e+02
1.991837999999999624e+02
1.994088999999999885e+02
1.991040000000000134e+02
1.994136999999999773e+02
1.993756000000000199e+02
1.994553999999999689e+02
1.996332999999999913e+02
1.996161000000000456e+02
1.995885999999999569e+02
1.996039000000000669e+02
1.995359999999999729e+02
1.998180000000000405e+02
1.998104999999999905e+02
1.996624000000000194e+02
1.997131000000000256e+02
1.997350000000000421e+02
1.997396999999999707e+02
1.997973999999999819e+02
1.997904000000000053e+02
1.999330999999999676e+02
1.997258999999999958e+02
1.999175000000000466e+02
