1.000000000000000000e+00
1.080500000000000016e+00
1.170200000000000129e+00
1.270000000000000018e+00
1.361400000000000166e+00
1.490099999999999536e+00
1.628499999999999837e+00
1.760599999999999499e+00
1.911199999999999788e+00
2.121699999999999697e+00
2.295699999999999630e+00
2.532500000000000639e+00
2.841800000000000104e+00
3.122300000000000075e+00
3.611499999999999932e+00
4.123999999999999666e+00
4.735199999999999854e+00
5.685699999999997090e+00
6.652100000000000790e+00
7.517800000000001148e+00
8.828499999999998238e+00
9.799799999999999400e+00
1.039200000000000124e+01
1.118360000000000198e+01
1.155419999999999803e+01
1.162240000000000073e+01
1.178739999999999988e+01
1.174929999999999986e+01
1.175820000000000221e+01
1.160540000000000127e+01
1.146670000000000122e+01
1.129129999999999967e+01
1.118079999999999963e+01
1.098810000000000109e+01
1.081190000000000140e+01
1.060810000000000208e+01
1.039220000000000077e+01
1.023859999999999992e+01
1.012380000000000102e+01
9.908799999999999386e+00
9.755200000000000315e+00
9.625399999999999068e+00
9.470700000000000784e+00
9.336199999999999832e+00
9.185700000000000642e+00
9.081299999999998818e+00
8.874800000000000466e+00
8.790799999999997283e+00
8.691300000000000026e+00
8.549999999999998934e+00
8.397299999999999542e+00
8.291199999999999903e+00
8.256999999999999673e+00
8.082700000000000884e+00
8.012000000000000455e+00
7.929199999999999804e+00
7.778499999999999304e+00
7.730499999999999261e+00
7.647099999999998232e+00
7.583599999999998786e+00
7.476300000000000168e+00
7.395400000000002194e+00
7.343199999999999505e+00
7.228699999999999015e+00
7.177899999999999281e+00
7.109299999999999287e+00
7.063400000000001455e+00
6.964200000000000834e+00
6.932099999999999262e+00
6.896700000000000941e+00
6.804899999999999061e+00
6.749800000000000466e+00
6.661100000000000243e+00
6.617999999999999439e+00
6.574799999999998867e+00
6.523800000000001376e+00
6.459900000000000198e+00
6.431499999999998884e+00
6.396500000000000519e+00
6.323199999999999044e+00
6.282700000000000173e+00
6.251199999999999868e+00
6.243200000000000749e+00
6.203699999999998660e+00
6.155800000000000161e+00
6.129899999999999238e+00
6.112599999999998701e+00
6.051099999999999923e+00
6.029400000000000759e+00
5.985399999999999388e+00
5.950899999999998968e+00
5.965599999999999348e+00
5.885100000000001330e+00
5.856399999999999828e+00
5.850100000000000300e+00
5.812300000000000466e+00
5.782499999999998863e+00
5.740600000000000591e+00
5.720399999999999707e+00
5.690100000000000158e+00
