1.000000000000000000e+00
1.081799999999999873e+00
1.164400000000000102e+00
1.273000000000000131e+00
1.373500000000000609e+00
1.494400000000000173e+00
1.621299999999999963e+00
1.764600000000000168e+00
1.916999999999999815e+00
2.082199999999999829e+00
2.282200000000000006e+00
2.518199999999999772e+00
2.842300000000000715e+00
3.214499999999999247e+00
3.518699999999999495e+00
4.109600000000000364e+00
5.047000000000000597e+00
5.672699999999999854e+00
6.711699999999999555e+00
7.775999999999999801e+00
8.994399999999998840e+00
9.745899999999998897e+00
1.069250000000000078e+01
1.110600000000000165e+01
1.144050000000000011e+01
1.174319999999999986e+01
1.164889999999999937e+01
1.171910000000000274e+01
1.177549999999999919e+01
1.144819999999999993e+01
1.145439999999999969e+01
1.129560000000000386e+01
1.119309999999999938e+01
1.104570000000000007e+01
1.078410000000000046e+01
1.066920000000000002e+01
1.039879999999999960e+01
1.028969999999999985e+01
1.011689999999999934e+01
9.917800000000001504e+00
9.789499999999998536e+00
9.626200000000000756e+00
9.402899999999998926e+00
9.322000000000000952e+00
9.142599999999998062e+00
9.001400000000000290e+00
8.933499999999998664e+00
8.753699999999998482e+00
8.639800000000001035e+00
8.523599999999998289e+00
8.418000000000001037e+00
8.285200000000001452e+00
8.143800000000000594e+00
8.132799999999999585e+00
7.983100000000000307e+00
7.888200000000000323e+00
7.776900000000000368e+00
7.712600000000000122e+00
7.643699999999999051e+00
7.557199999999998141e+00
7.491500000000001158e+00
7.407499999999999751e+00
7.350100000000000300e+00
7.268000000000000682e+00
7.194700000000000095e+00
7.126899999999999125e+00
7.022999999999999687e+00
6.981900000000000439e+00
6.945799999999999308e+00
6.861299999999999955e+00
6.770900000000000141e+00
6.738599999999999923e+00
6.695600000000001550e+00
6.599900000000001654e+00
6.590499999999999581e+00
6.520199999999999996e+00
6.491699999999998028e+00
6.415600000000001302e+00
6.371199999999999974e+00
6.320000000000000284e+00
6.304700000000000415e+00
6.267600000000000726e+00
6.246100000000000207e+00
6.190199999999999925e+00
6.149299999999999322e+00
6.102699999999999569e+00
6.080900000000001526e+00
6.062900000000000844e+00
6.034400000000001540e+00
5.980700000000000571e+00
5.954500000000001236e+00
5.950200000000002376e+00
5.925399999999999778e+00
5.864199999999999413e+00
5.861499999999999488e+00
5.776200000000001111e+00
5.749999999999999112e+00
5.733000000000000540e+00
5.711400000000000254e+00
5.663200000000000678e+00
