1.000000000000000000e+00
1.081999999999999851e+00
1.165100000000000025e+00
1.274399999999999977e+00
1.379100000000000215e+00
1.510500000000000176e+00
1.649199999999999777e+00
1.810000000000000053e+00
1.993700000000000028e+00
2.213899999999999757e+00
2.475900000000000212e+00
2.823700000000000099e+00
3.360700000000000465e+00
4.164799999999999613e+00
4.862400000000000944e+00
6.602000000000000313e+00
9.886600000000001387e+00
1.323509999999999742e+01
1.910379999999999967e+01
2.716880000000000095e+01
3.796189999999999287e+01
4.825540000000000873e+01
6.368150000000000688e+01
7.535360000000000014e+01
8.444800000000000750e+01
9.743360000000001264e+01
1.050759000000000043e+02
1.143042999999999978e+02
1.255944000000000074e+02
1.321590000000000202e+02
1.397710000000000150e+02
1.449808000000000163e+02
1.500722999999999843e+02
1.554642000000000053e+02
1.590328999999999837e+02
1.644801000000000215e+02
1.664040999999999997e+02
1.704518999999999949e+02
1.732576999999999998e+02
1.753156999999999925e+02
1.777998000000000332e+02
1.799136000000000024e+02
1.806266999999999712e+02
1.824000000000000057e+02
1.844839000000000055e+02
1.861295999999999822e+02
1.875480000000000302e+02
1.883278999999999996e+02
1.896402999999999963e+02
1.906067999999999927e+02
1.908916999999999859e+02
1.917651999999999930e+02
1.927622999999999820e+02
1.934198000000000093e+02
1.937008999999999617e+02
1.944204999999999472e+02
1.947966999999999871e+02
1.954892000000000110e+02
1.956332999999999913e+02
1.958846999999999525e+02
1.964438000000000102e+02
1.964436000000000035e+02
1.971323000000000434e+02
1.971212000000000728e+02
1.973954999999999984e+02
1.977287999999999499e+02
1.979501999999999668e+02
1.977570999999999515e+02
1.984135000000000275e+02
1.983810000000000286e+02
1.984791999999999348e+02
1.987109999999999843e+02
1.987809000000000310e+02
1.987577000000000282e+02
1.989997000000000185e+02
1.989033000000000584e+02
1.991134999999999877e+02
1.992923999999999864e+02
1.992639000000000351e+02
1.993265000000000100e+02
1.993276999999999646e+02
1.993887000000000000e+02
1.994212999999999738e+02
1.995274000000000569e+02
1.995394000000000005e+02
1.996033999999999651e+02
1.996829000000000462e+02
1.995624000000000251e+02
1.996796999999999684e+02
1.997521999999999878e+02
1.997220000000000084e+02
1.996444000000000187e+02
1.997747000000000526e+02
1.998381999999999721e+02
1.997879999999999825e+02
1.997563000000000102e+02
1.998707999999999743e+02
1.998290000000000077e+02
1.997885000000000275e+02
1.999224000000000103e+02
