1.000000000000000000e+00
1.080899999999999972e+00
1.175200000000000022e+00
1.284299999999999997e+00
1.389900000000000135e+00
1.512899999999999912e+00
1.639400000000000190e+00
1.805900000000000061e+00
1.984900000000000109e+00
2.230799999999999894e+00
2.504700000000000149e+00
2.881200000000000649e+00
3.302900000000000169e+00
4.058300000000000018e+00
5.092500000000000249e+00
6.421600000000000641e+00
9.182800000000000296e+00
1.296200000000000507e+01
1.821290000000000120e+01
2.564600000000000435e+01
3.685759999999999792e+01
4.862179999999999325e+01
6.050930000000000319e+01
7.194120000000000914e+01
8.494819999999999993e+01
9.525299999999998590e+01
1.038783999999999850e+02
1.167616000000000014e+02
1.233891000000000133e+02
1.318649000000000058e+02
1.404420999999999822e+02
1.454803000000000281e+02
1.509750999999999976e+02
1.551861999999999853e+02
1.601698000000000093e+02
1.640896000000000186e+02
1.661933000000000220e+02
1.698576000000000192e+02
1.719041999999999746e+02
1.759351999999999805e+02
1.776089000000000340e+02
1.800738999999999805e+02
1.812447000000000514e+02
1.838663999999999703e+02
1.849239000000000317e+02
1.865694000000000301e+02
1.871611000000000047e+02
1.882977999999999383e+02
1.892760999999999569e+02
1.902206999999999653e+02
1.920203999999999951e+02
1.913218999999999994e+02
1.923585999999999956e+02
1.933372999999999990e+02
1.940355999999999881e+02
1.946902000000000044e+02
1.945543000000000404e+02
1.954193999999999960e+02
1.955475999999999885e+02
1.961676000000000215e+02
1.963105999999999653e+02
1.968823000000000434e+02
1.967774000000000569e+02
1.972838999999999885e+02
1.972113999999999976e+02
1.979584000000000117e+02
1.979611000000000445e+02
1.978950000000000102e+02
1.982840000000000202e+02
1.983336000000000183e+02
1.984242000000000417e+02
1.985726999999999975e+02
1.987326999999999657e+02
1.987269000000000005e+02
1.987505000000000166e+02
1.990361000000000047e+02
1.990259999999999820e+02
1.991294999999999789e+02
1.991416999999999859e+02
1.992664999999999793e+02
1.992856999999999914e+02
1.993413999999999646e+02
1.994097000000000151e+02
1.994052000000000078e+02
1.994128000000000327e+02
1.995907000000000835e+02
1.994824999999999591e+02
1.996417999999999893e+02
1.997059000000000424e+02
1.996035000000000252e+02
1.997482999999999720e+02
1.997624999999999886e+02
1.997377000000000180e+02
1.997554000000000087e+02
1.998146999999999878e+02
1.998288000000000011e+02
1.996481000000000563e+02
1.998727000000000373e+02
1.997413999999999987e+02
1.997551000000000272e+02
