1.000000000000000000e+00
1.080799999999999983e+00
1.174599999999999866e+00
1.281800000000000050e+00
1.384700000000000042e+00
1.497399999999999842e+00
1.613399999999999945e+00
1.762699999999999712e+00
1.905299999999999994e+00
2.097500000000000142e+00
2.301599999999999646e+00
2.553699999999999637e+00
2.799900000000000055e+00
3.153700000000001058e+00
3.611800000000000122e+00
4.049900000000000944e+00
4.798600000000000421e+00
5.650399999999999423e+00
6.516000000000000014e+00
7.612800000000000900e+00
8.871800000000002129e+00
9.860300000000000509e+00
1.057609999999999850e+01
1.106029999999999980e+01
1.150719999999999743e+01
1.159099999999999930e+01
1.166220000000000212e+01
1.179580000000000162e+01
1.170219999999999949e+01
1.161920000000000108e+01
1.144219999999999970e+01
1.135760000000000147e+01
1.111879999999999846e+01
1.100220000000000020e+01
1.075589999999999868e+01
1.065569999999999951e+01
1.040180000000000149e+01
1.018449999999999989e+01
1.012279999999999802e+01
9.909500000000001307e+00
9.722799999999999443e+00
9.600799999999999557e+00
9.431799999999999073e+00
9.373599999999999710e+00
9.205299999999999372e+00
9.059500000000001663e+00
8.839100000000000179e+00
8.799099999999999255e+00
8.649300000000000210e+00
8.544100000000000250e+00
8.435800000000000409e+00
8.264400000000000190e+00
8.242299999999998406e+00
8.109699999999998354e+00
8.018100000000000449e+00
7.919200000000000905e+00
7.813900000000000290e+00
7.709499999999999353e+00
7.618100000000000982e+00
7.569700000000000095e+00
7.449799999999999756e+00
7.403600000000000847e+00
7.313500000000001222e+00
7.218600000000002126e+00
7.184500000000000774e+00
7.079400000000000581e+00
7.071699999999999875e+00
6.969099999999998296e+00
6.915699999999999292e+00
6.846199999999999619e+00
6.801799999999998292e+00
6.737899999999999778e+00
6.689799999999999969e+00
6.616699999999999804e+00
6.605299999999999727e+00
6.496500000000000163e+00
6.505500000000000504e+00
6.432899999999998286e+00
6.396099999999998786e+00
6.340199999999998504e+00
6.293000000000001037e+00
6.262099999999999334e+00
6.231700000000000905e+00
6.184999999999998721e+00
6.196299999999999919e+00
6.136499999999999844e+00
6.105800000000000338e+00
6.060499999999999332e+00
6.016400000000000858e+00
5.986500000000001265e+00
5.962699999999999001e+00
5.934199999999999697e+00
5.905199999999999783e+00
5.892600000000000726e+00
5.828600000000001558e+00
5.821799999999999642e+00
5.806300000000001127e+00
5.725800000000000445e+00
5.733999999999999986e+00
5.711100000000000954e+00
