1.000000000000000000e+00
1.082100000000000062e+00
1.160699999999999843e+00
1.269999999999999796e+00
1.379399999999999959e+00
1.503600000000000048e+00
1.618500000000000050e+00
1.767800000000000038e+00
1.933900000000000174e+00
2.091400000000000148e+00
2.295399999999999885e+00
2.533300000000000107e+00
2.785400000000000098e+00
3.192000000000000615e+00
3.568200000000000038e+00
4.215399999999999814e+00
4.914699999999999847e+00
5.807999999999998053e+00
6.789300000000000779e+00
7.696699999999998099e+00
8.873099999999999099e+00
9.825699999999999434e+00
1.062109999999999665e+01
1.103270000000000017e+01
1.151650000000000063e+01
1.155729999999999791e+01
1.171770000000000067e+01
1.160140000000000171e+01
1.153529999999999944e+01
1.148610000000000042e+01
1.137030000000000030e+01
1.118089999999999939e+01
1.117939999999999756e+01
1.092629999999999946e+01
1.082770000000000188e+01
1.061999999999999922e+01
1.048129999999999917e+01
1.024960000000000093e+01
1.009569999999999901e+01
9.965099999999999625e+00
9.748400000000001953e+00
9.614600000000001145e+00
9.485599999999999810e+00
9.300099999999998701e+00
9.134199999999998099e+00
8.991600000000000037e+00
8.917199999999999349e+00
8.756399999999999295e+00
8.646499999999999631e+00
8.528699999999998838e+00
8.410800000000000054e+00
8.291199999999999903e+00
8.215499999999998693e+00
8.050100000000000477e+00
8.060799999999998633e+00
7.946600000000000108e+00
7.821999999999999176e+00
7.748300000000000409e+00
7.617699999999998361e+00
7.554199999999999804e+00
7.492499999999998828e+00
7.399799999999999045e+00
7.311099999999998822e+00
7.230899999999999217e+00
7.184199999999999697e+00
7.099999999999999645e+00
7.080000000000000959e+00
7.007200000000000095e+00
6.946099999999997721e+00
6.877500000000001279e+00
6.816899999999999515e+00
6.769699999999999385e+00
6.673199999999999577e+00
6.634499999999998288e+00
6.577100000000000612e+00
6.516899999999999693e+00
6.452999999999998515e+00
6.436800000000000743e+00
6.385099999999999554e+00
6.365800000000000125e+00
6.312199999999998923e+00
6.268999999999998352e+00
6.212500000000000355e+00
6.186800000000000743e+00
6.161100000000000243e+00
6.130399999999999849e+00
6.078899999999999970e+00
6.058699999999999974e+00
6.037900000000000489e+00
5.992900000000000560e+00
5.968100000000000627e+00
5.927200000000000024e+00
5.887200000000001765e+00
5.870199999999999640e+00
5.865399999999998393e+00
5.838099999999999845e+00
5.765699999999998937e+00
5.764999999999999680e+00
5.724400000000000155e+00
5.677400000000001334e+00
