1.000000000000000000e+00
1.082100000000000062e+00
1.161499999999999977e+00
1.272599999999999953e+00
1.385500000000000176e+00
1.518299999999999761e+00
1.643599999999999950e+00
1.813900000000000068e+00
2.015900000000000247e+00
2.210800000000000320e+00
2.495200000000000085e+00
2.857499999999999929e+00
3.289600000000000968e+00
4.094400000000001150e+00
4.968399999999999928e+00
6.924199999999999910e+00
9.470099999999998630e+00
1.373600000000000065e+01
1.924159999999999826e+01
2.600840000000000174e+01
3.733809999999999718e+01
4.795329999999999870e+01
6.154090000000000060e+01
7.114389999999998793e+01
8.617640000000000100e+01
9.443699999999998340e+01
1.043044999999999902e+02
1.153431000000000068e+02
1.227190000000000083e+02
1.313790999999999940e+02
1.384849000000000103e+02
1.434105999999999881e+02
1.497735000000000127e+02
1.550569000000000131e+02
1.597865999999999929e+02
1.637139000000000237e+02
1.677299000000000149e+02
1.700252999999999872e+02
1.735573000000000263e+02
1.740293999999999812e+02
1.776056999999999562e+02
1.796699999999999875e+02
1.805512999999999693e+02
1.831718999999999937e+02
1.847453999999999610e+02
1.861777999999999906e+02
1.876407000000000380e+02
1.884912999999999670e+02
1.890395999999999788e+02
1.900961000000000070e+02
1.908204000000000065e+02
1.920923000000000229e+02
1.925360999999999763e+02
1.931866999999999450e+02
1.940561000000000433e+02
1.945422999999999547e+02
1.945638999999999896e+02
1.953756999999999948e+02
1.954630000000000223e+02
1.964412999999999840e+02
1.963186999999999784e+02
1.963911999999999978e+02
1.969283999999999253e+02
1.971748000000000047e+02
1.974266000000000361e+02
1.978045999999999935e+02
1.978684999999999832e+02
1.979427000000000021e+02
1.980623999999999398e+02
1.982933000000000447e+02
1.985477999999999952e+02
1.986938999999999567e+02
1.988204000000000349e+02
1.987035999999999376e+02
1.991203000000000145e+02
1.990730999999999824e+02
1.993012999999999977e+02
1.992903999999999769e+02
1.991351999999999691e+02
1.991878000000000384e+02
1.993903999999999996e+02
1.992371000000000265e+02
1.992811999999999841e+02
1.995711999999999762e+02
1.994474000000000160e+02
1.995569000000000131e+02
1.997216999999999700e+02
1.996536000000000683e+02
1.995906999999999982e+02
1.995542000000000087e+02
1.996124000000000080e+02
1.998343000000000131e+02
1.997946000000000311e+02
1.998353000000000748e+02
1.997435000000000116e+02
1.997570000000000050e+02
1.998207999999999913e+02
1.998789999999999907e+02
1.998804000000000372e+02
1.998511999999999773e+02
