1.000000000000000000e+00
1.088600000000000012e+00
1.175800000000000178e+00
1.263499999999999845e+00
1.357600000000000140e+00
1.503100000000000103e+00
1.616999999999999993e+00
1.744600000000000151e+00
1.889900000000000357e+00
2.121599999999999930e+00
2.299800000000000288e+00
2.549700000000000077e+00
2.836400000000001143e+00
3.146799999999999375e+00
3.634500000000000064e+00
4.175399999999999778e+00
4.829900000000000304e+00
5.704600000000001891e+00
6.502299999999999969e+00
7.764199999999999768e+00
8.739700000000000912e+00
9.844900000000000873e+00
1.056829999999999892e+01
1.105360000000000120e+01
1.135729999999999862e+01
1.148110000000000142e+01
1.165639999999999787e+01
1.167819999999999681e+01
1.162260000000000026e+01
1.158669999999999867e+01
1.138159999999999883e+01
1.137220000000000297e+01
1.110470000000000113e+01
1.087299999999999756e+01
1.081080000000000219e+01
1.071710000000000029e+01
1.042819999999999858e+01
1.030980000000000096e+01
1.016199999999999903e+01
9.922299999999999898e+00
9.837000000000001521e+00
9.655700000000001282e+00
9.445000000000000284e+00
9.314900000000001512e+00
9.149399999999999977e+00
9.027699999999999392e+00
8.872899999999999565e+00
8.788800000000001944e+00
8.688800000000000523e+00
8.563099999999998602e+00
8.422100000000000364e+00
8.335599999999999454e+00
8.201799999999998647e+00
8.108600000000000918e+00
7.977200000000001623e+00
7.919100000000001138e+00
7.799600000000000755e+00
7.683800000000001518e+00
7.666100000000000136e+00
7.523300000000000765e+00
7.498599999999999710e+00
7.422000000000000597e+00
7.329799999999998761e+00
7.286699999999999733e+00
7.173600000000001309e+00
7.116800000000001347e+00
7.039600000000001856e+00
7.002200000000000202e+00
6.906299999999999883e+00
6.860399999999999388e+00
6.800600000000001977e+00
6.771900000000001363e+00
6.693699999999998873e+00
6.638499999999998735e+00
6.590900000000001313e+00
6.537399999999999878e+00
6.500000000000000000e+00
6.422299999999999898e+00
6.400999999999998913e+00
6.356200000000000294e+00
6.294999999999999041e+00
6.264199999999999768e+00
6.214499999999999247e+00
6.181399999999999118e+00
6.172700000000000742e+00
6.124499999999999389e+00
6.108300000000000729e+00
6.077600000000000335e+00
6.034800000000001496e+00
6.018299999999999095e+00
5.990099999999999092e+00
5.968500000000000583e+00
5.904900000000000482e+00
5.885200000000001097e+00
5.872899999999999565e+00
5.797399999999999665e+00
5.783800000000000274e+00
5.757600000000000051e+00
5.739199999999999413e+00
5.678900000000001391e+00
