1.000000000000000000e+00
1.088600000000000012e+00
1.176400000000000112e+00
1.265500000000000069e+00
1.363200000000000189e+00
1.516400000000000414e+00
1.640500000000000069e+00
1.789700000000000069e+00
1.961400000000000254e+00
2.248899999999999899e+00
2.493799999999999795e+00
2.865600000000000147e+00
3.382000000000000561e+00
3.979999999999999982e+00
5.158800000000000274e+00
6.826999999999999069e+00
9.033599999999999852e+00
1.339010000000000211e+01
1.786640000000000228e+01
2.710289999999999822e+01
3.649309999999999832e+01
4.838599999999998857e+01
5.993980000000000530e+01
7.177559999999999718e+01
8.356980000000001496e+01
9.427920000000001721e+01
1.057905999999999977e+02
1.154266999999999825e+02
1.246112999999999857e+02
1.310316999999999723e+02
1.391523000000000252e+02
1.456667999999999950e+02
1.513874999999999886e+02
1.532803000000000111e+02
1.587486000000000104e+02
1.629456999999999880e+02
1.667967999999999904e+02
1.702827999999999804e+02
1.723941000000000088e+02
1.750564000000000249e+02
1.772634000000000469e+02
1.798909000000000447e+02
1.815270999999999901e+02
1.836556000000000495e+02
1.846415000000000077e+02
1.865723000000000411e+02
1.874947999999999979e+02
1.887921999999999514e+02
1.899185999999999979e+02
1.903980999999999995e+02
1.913758999999999730e+02
1.922197999999999922e+02
1.925031000000000176e+02
1.935183999999999571e+02
1.935983000000000516e+02
1.945069000000000301e+02
1.952735000000000127e+02
1.949850000000000136e+02
1.958515000000000441e+02
1.962422000000000253e+02
1.958865000000000123e+02
1.964840000000000089e+02
1.969951000000000079e+02
1.971789000000000271e+02
1.977129999999999939e+02
1.979334999999999809e+02
1.975922000000000196e+02
1.979745999999999810e+02
1.982987000000000535e+02
1.982186000000000092e+02
1.985654999999999859e+02
1.986309999999999718e+02
1.987432000000000016e+02
1.987135000000000105e+02
1.990130999999999801e+02
1.992536999999999807e+02
1.990387000000000342e+02
1.991275999999999726e+02
1.993550999999999362e+02
1.993842000000000212e+02
1.993433999999999742e+02
1.993330999999999733e+02
1.993265999999999849e+02
1.995818999999999903e+02
1.995604999999999620e+02
1.995678000000000338e+02
1.995327000000000055e+02
1.996154999999999688e+02
1.996612999999999261e+02
1.998386999999999887e+02
1.998327000000000169e+02
1.997825000000000273e+02
1.997483000000000288e+02
1.998633000000000663e+02
1.998648000000000025e+02
1.998208999999999946e+02
1.998603000000000236e+02
1.998545000000000016e+02
1.999530000000000030e+02
1.999006000000000256e+02
