1.000000000000000000e+00
1.085199999999999942e+00
1.174699999999999855e+00
1.274500000000000188e+00
1.379899999999999460e+00
1.493500000000000050e+00
1.618800000000000239e+00
1.778999999999999693e+00
1.912200000000000344e+00
2.084399999999999586e+00
2.285200000000000120e+00
2.557799999999999851e+00
2.833999999999999631e+00
3.149799999999999489e+00
3.630799999999999805e+00
4.140100000000000335e+00
4.738000000000000433e+00
5.625399999999999956e+00
6.650899999999999146e+00
7.758700000000000152e+00
8.860700000000001353e+00
9.834699999999999775e+00
1.063099999999999845e+01
1.117269999999999719e+01
1.152009999999999934e+01
1.162910000000000110e+01
1.173150000000000048e+01
1.179980000000000295e+01
1.167119999999999891e+01
1.149329999999999785e+01
1.140660000000000274e+01
1.140219999999999878e+01
1.133689999999999642e+01
1.090330000000000155e+01
1.076880000000000059e+01
1.070120000000000360e+01
1.043320000000000114e+01
1.029860000000000042e+01
1.008360000000000056e+01
9.886499999999999844e+00
9.794200000000000017e+00
9.608900000000000219e+00
9.488299999999998846e+00
9.296800000000001063e+00
9.179800000000000182e+00
9.059599999999999653e+00
8.936299999999999244e+00
8.769600000000000506e+00
8.602899999999999991e+00
8.549699999999999633e+00
8.461500000000000909e+00
8.352199999999999847e+00
8.265000000000000568e+00
8.140200000000000102e+00
8.050399999999998002e+00
7.927000000000000490e+00
7.840800000000000658e+00
7.766599999999999504e+00
7.620700000000000252e+00
7.570599999999999774e+00
7.494900000000000340e+00
7.436600000000001209e+00
7.344200000000000728e+00
7.270299999999999763e+00
7.193799999999998640e+00
7.103800000000001447e+00
7.017699999999999605e+00
6.964699999999998781e+00
6.933200000000000252e+00
6.845399999999998819e+00
6.821899999999999409e+00
6.732399999999999274e+00
6.697200000000000486e+00
6.628399999999999181e+00
6.573099999999998388e+00
6.540400000000000880e+00
6.490199999999999747e+00
6.452700000000000990e+00
6.389100000000000890e+00
6.383100000000000662e+00
6.274400000000000865e+00
6.274000000000000021e+00
6.229000000000000981e+00
6.178799999999999848e+00
6.150400000000001199e+00
6.130099999999999660e+00
6.118100000000000982e+00
6.068900000000000183e+00
6.058899999999999508e+00
6.018299999999999983e+00
5.995099999999998985e+00
5.953500000000000014e+00
5.903699999999999726e+00
5.876500000000000945e+00
5.825699999999999434e+00
5.817700000000002092e+00
5.788200000000000678e+00
5.761999999999999567e+00
5.724699999999999456e+00
5.684999999999999609e+00
