1.000000000000000000e+00
1.085400000000000142e+00
1.175599999999999978e+00
1.276500000000000190e+00
1.386500000000000066e+00
1.504599999999999715e+00
1.645299999999999985e+00
1.823399999999999688e+00
1.985899999999999999e+00
2.204799999999999649e+00
2.492900000000000116e+00
2.911199999999999566e+00
3.365499999999999936e+00
4.061300000000000132e+00
5.110100000000000087e+00
6.584599999999999120e+00
8.775999999999999801e+00
1.282029999999999959e+01
1.855999999999999872e+01
2.619320000000000093e+01
3.567499999999999716e+01
4.917839999999998923e+01
6.073239999999999839e+01
7.265940000000000509e+01
8.538539999999998997e+01
9.563479999999999848e+01
1.047204000000000121e+02
1.153679999999999950e+02
1.227364000000000175e+02
1.313402999999999849e+02
1.375175000000000125e+02
1.438160000000000025e+02
1.525872999999999990e+02
1.534543999999999926e+02
1.612040999999999826e+02
1.636478999999999928e+02
1.676646000000000356e+02
1.699447999999999865e+02
1.726680999999999813e+02
1.755476999999999634e+02
1.778243000000000791e+02
1.799524999999999864e+02
1.826739000000000033e+02
1.832989999999999782e+02
1.852251999999999725e+02
1.858579000000000008e+02
1.878876999999999668e+02
1.875401999999999418e+02
1.894699000000000240e+02
1.901594000000000335e+02
1.910041999999999405e+02
1.921983000000000175e+02
1.931656999999999869e+02
1.935988999999999862e+02
1.933646999999999707e+02
1.940824000000000638e+02
1.948326000000000136e+02
1.957667999999999608e+02
1.957216999999999700e+02
1.961892999999999745e+02
1.961663999999999817e+02
1.968412999999999613e+02
1.970583999999999776e+02
1.972346000000000004e+02
1.974727000000000317e+02
1.974137999999999806e+02
1.978716999999999757e+02
1.980698999999999899e+02
1.983151999999999759e+02
1.983902000000000498e+02
1.984115999999999929e+02
1.986818000000000382e+02
1.987908999999999935e+02
1.987540999999999940e+02
1.989746999999999275e+02
1.989129999999999541e+02
1.990670999999999822e+02
1.990893000000000370e+02
1.991598999999999364e+02
1.994411000000000058e+02
1.992117000000000075e+02
1.995178999999999689e+02
1.991645000000000323e+02
1.995474000000000103e+02
1.995289000000000215e+02
1.994994000000000369e+02
1.996059999999999945e+02
1.997087000000000501e+02
1.997172999999999945e+02
1.995695000000000050e+02
1.998111000000000388e+02
1.998406000000000518e+02
1.998033000000000072e+02
1.998280000000000030e+02
1.998812999999999818e+02
1.997933000000000163e+02
1.998717000000000610e+02
1.999552999999999940e+02
1.998350000000000364e+02
1.999526999999999930e+02
