1.000000000000000000e+00
1.090500000000000025e+00
1.176499999999999879e+00
1.264600000000000168e+00
1.369099999999999984e+00
1.495399999999999618e+00
1.615499999999999936e+00
1.754699999999999926e+00
1.895800000000000374e+00
2.089100000000000179e+00
2.290999999999999481e+00
2.559900000000000286e+00
2.817999999999999616e+00
3.122600000000000264e+00
3.568899999999999739e+00
4.216000000000000192e+00
4.833499999999999019e+00
5.615699999999999470e+00
6.584199999999999164e+00
7.673199999999999577e+00
9.059300000000000352e+00
9.607599999999999696e+00
1.049500000000000277e+01
1.099700000000000344e+01
1.147789999999999822e+01
1.167620000000000147e+01
1.171799999999999997e+01
1.180350000000000144e+01
1.167209999999999859e+01
1.166799999999999926e+01
1.156020000000000003e+01
1.130119999999999969e+01
1.115959999999999752e+01
1.094429999999999836e+01
1.078229999999999933e+01
1.058290000000000219e+01
1.047819999999999929e+01
1.031479999999999997e+01
1.009710000000000107e+01
9.995800000000000907e+00
9.777400000000000091e+00
9.607499999999999929e+00
9.476000000000000867e+00
9.304000000000000270e+00
9.173499999999998877e+00
9.032199999999999562e+00
8.886200000000000543e+00
8.792999999999999261e+00
8.678300000000001901e+00
8.573800000000000310e+00
8.417899999999999494e+00
8.314699999999998425e+00
8.221099999999999852e+00
8.104100000000000747e+00
7.995200000000000529e+00
7.956799999999998541e+00
7.812000000000000277e+00
7.733599999999999142e+00
7.678499999999998771e+00
7.539999999999999147e+00
7.536400000000001320e+00
7.390100000000001224e+00
7.323800000000002086e+00
7.263500000000001400e+00
7.215599999999999348e+00
7.141099999999998005e+00
7.084800000000000431e+00
6.987899999999998890e+00
6.913400000000000212e+00
6.862300000000000288e+00
6.852500000000000924e+00
6.749399999999999622e+00
6.708300000000000374e+00
6.620900000000001562e+00
6.607899999999999885e+00
6.528900000000000148e+00
6.488599999999999035e+00
6.452399999999999913e+00
6.396300000000000097e+00
6.372199999999999420e+00
6.296799999999999287e+00
6.253899999999999793e+00
6.236399999999998833e+00
6.192099999999999049e+00
6.166599999999999859e+00
6.125500000000000611e+00
6.102299999999998725e+00
6.049600000000000755e+00
6.048099999999998033e+00
6.019700000000000273e+00
5.965700000000000891e+00
5.953400000000001135e+00
5.901699999999999946e+00
5.871100000000000207e+00
5.836000000000000298e+00
5.823599999999999888e+00
5.786499999999998423e+00
5.745599999999999596e+00
5.726100000000001522e+00
5.683399999999998897e+00
