1.000000000000000000e+00
1.090600000000000236e+00
1.177299999999999791e+00
1.266100000000000225e+00
1.375700000000000589e+00
1.508199999999999985e+00
1.640599999999999836e+00
1.800899999999999945e+00
1.964399999999999924e+00
2.219500000000000028e+00
2.501800000000000246e+00
2.882400000000000517e+00
3.349299999999999500e+00
3.965700000000000003e+00
4.969899999999999984e+00
6.862099999999998978e+00
9.385000000000001563e+00
1.276979999999999826e+01
1.852120000000000033e+01
2.645439999999999614e+01
3.901930000000000121e+01
4.663990000000000435e+01
5.996309999999999718e+01
7.092860000000000298e+01
8.278109999999998081e+01
9.606919999999998083e+01
1.061001999999999867e+02
1.153985000000000269e+02
1.244149999999999778e+02
1.309793999999999983e+02
1.403694000000000131e+02
1.452343999999999937e+02
1.501845999999999890e+02
1.553361000000000161e+02
1.598800999999999988e+02
1.638475999999999715e+02
1.672586000000000013e+02
1.699416999999999689e+02
1.727957000000000676e+02
1.744296999999999684e+02
1.771692000000000178e+02
1.799663999999999930e+02
1.807867999999999995e+02
1.834049000000000262e+02
1.854618000000000109e+02
1.858918999999999642e+02
1.872758999999999787e+02
1.888368000000000109e+02
1.902551999999999737e+02
1.908349000000000046e+02
1.910881000000000256e+02
1.924954999999999927e+02
1.925474999999999568e+02
1.933091000000000292e+02
1.941109000000000151e+02
1.942592999999999961e+02
1.941687000000000012e+02
1.957165000000000248e+02
1.957221000000000402e+02
1.960471000000000288e+02
1.967463000000000193e+02
1.960571000000000197e+02
1.972810000000000343e+02
1.970528999999999655e+02
1.972201999999999771e+02
1.975070000000000334e+02
1.978858000000000175e+02
1.977788000000000181e+02
1.981511000000000138e+02
1.980712999999999795e+02
1.983562999999999761e+02
1.987408000000000072e+02
1.986850000000000023e+02
1.987315999999999576e+02
1.988910000000000196e+02
1.990713000000000363e+02
1.989678999999999860e+02
1.990570000000000164e+02
1.991156000000000006e+02
1.994445999999999799e+02
1.993727000000000373e+02
1.991254000000000133e+02
1.992729000000000212e+02
1.994746000000000379e+02
1.995772000000000048e+02
1.996862000000000137e+02
1.996927000000000021e+02
1.995732999999999890e+02
1.997227999999999781e+02
1.996328000000000316e+02
1.998345999999999947e+02
1.998242000000000189e+02
1.997041000000000679e+02
1.997369000000000199e+02
1.998737000000000137e+02
1.997861999999999796e+02
1.999049000000000262e+02
1.998474000000000217e+02
1.998853000000000009e+02
1.997013000000000034e+02
