1.000000000000000000e+00
1.082500000000000240e+00
1.172099999999999698e+00
1.270199999999999996e+00
1.379800000000000137e+00
1.491800000000000459e+00
1.627199999999999758e+00
1.775599999999999845e+00
1.917000000000000259e+00
2.097100000000000186e+00
2.278000000000000025e+00
2.507900000000000240e+00
2.827200000000000379e+00
3.237600000000000033e+00
3.577400000000000801e+00
4.179999999999999716e+00
4.854499999999999815e+00
5.668099999999999028e+00
6.401899999999999480e+00
7.660000000000000142e+00
8.681000000000000938e+00
9.866899999999999338e+00
1.046040000000000170e+01
1.113310000000000244e+01
1.136839999999999939e+01
1.167870000000000097e+01
1.167650000000000254e+01
1.168720000000000248e+01
1.175070000000000192e+01
1.161440000000000339e+01
1.146460000000000079e+01
1.129509999999999792e+01
1.117530000000000001e+01
1.103809999999999647e+01
1.087820000000000142e+01
1.064959999999999773e+01
1.043900000000000006e+01
1.029429999999999978e+01
1.008809999999999896e+01
1.000660000000000061e+01
9.741600000000000037e+00
9.644000000000000128e+00
9.506800000000000139e+00
9.308200000000001140e+00
9.177599999999998204e+00
9.014900000000000801e+00
8.938499999999999446e+00
8.817499999999999005e+00
8.685900000000001953e+00
8.513899999999999579e+00
8.429899999999999949e+00
8.323100000000000165e+00
8.224399999999999267e+00
8.109100000000001529e+00
8.019799999999998263e+00
7.938300000000000800e+00
7.778500000000000192e+00
7.743700000000000472e+00
7.628300000000000303e+00
7.529100000000000570e+00
7.497099999999999653e+00
7.410699999999998511e+00
7.302200000000000024e+00
7.249300000000001631e+00
7.196799999999998754e+00
7.125700000000000145e+00
7.048199999999999577e+00
7.024399999999999089e+00
6.928200000000000358e+00
6.878199999999999648e+00
6.826200000000000045e+00
6.765899999999999359e+00
6.694799999999999862e+00
6.674399999999999444e+00
6.586599999999999788e+00
6.528400000000000425e+00
6.501899999999999125e+00
6.435200000000000919e+00
6.416100000000000136e+00
6.364299999999998292e+00
6.308200000000000252e+00
6.281500000000001194e+00
6.230799999999998562e+00
6.189199999999999591e+00
6.176700000000000301e+00
6.137599999999999056e+00
6.107599999999999696e+00
6.081299999999998818e+00
6.036400000000001320e+00
5.997599999999998488e+00
5.960099999999999731e+00
5.960099999999998843e+00
5.912000000000000810e+00
5.893700000000000827e+00
5.861499999999999488e+00
5.825499999999999901e+00
5.806200000000001360e+00
5.758699999999999264e+00
5.737899999999998890e+00
5.679199999999999804e+00
