1.000000000000000000e+00
1.082600000000000229e+00
1.172399999999999887e+00
1.272900000000000142e+00
1.385299999999999976e+00
1.506699999999999484e+00
1.652399999999999869e+00
1.825699999999999878e+00
1.989200000000000079e+00
2.217700000000000227e+00
2.467599999999999572e+00
2.803299999999999681e+00
3.332400000000000251e+00
4.159399999999999764e+00
5.023900000000000254e+00
6.770400000000000418e+00
9.174399999999998556e+00
1.313850000000000051e+01
1.762270000000000181e+01
2.631479999999999109e+01
3.509680000000000177e+01
4.854789999999999850e+01
5.851760000000000161e+01
7.405120000000000857e+01
8.461870000000000402e+01
9.529190000000002669e+01
1.048648999999999774e+02
1.136242999999999910e+02
1.258949999999999960e+02
1.325444999999999709e+02
1.387244000000000028e+02
1.439431000000000154e+02
1.506871999999999900e+02
1.565032999999999959e+02
1.593973000000000013e+02
1.645812999999999988e+02
1.650990000000000180e+02
1.695165999999999542e+02
1.726642999999999688e+02
1.759949000000000296e+02
1.774690000000000225e+02
1.788993000000000109e+02
1.820758999999999901e+02
1.829838999999999487e+02
1.857501999999999782e+02
1.852310999999999979e+02
1.876868000000000336e+02
1.884654000000000167e+02
1.893804000000000087e+02
1.898314999999999770e+02
1.911194000000000131e+02
1.912613999999999805e+02
1.926370000000000573e+02
1.929339999999999407e+02
1.941770000000000493e+02
1.944508999999999901e+02
1.948877999999999986e+02
1.954249000000000649e+02
1.954361000000000104e+02
1.958727000000000373e+02
1.963076000000000079e+02
1.965855999999999995e+02
1.967502000000000351e+02
1.971708999999999605e+02
1.973610000000000184e+02
1.976962999999999795e+02
1.980128000000000270e+02
1.977329000000000008e+02
1.982057999999999822e+02
1.982256000000000142e+02
1.985606000000000222e+02
1.985941999999999439e+02
1.987714000000000283e+02
1.988243000000000507e+02
1.988480999999999881e+02
1.991403999999999712e+02
1.993808000000000220e+02
1.991569000000000358e+02
1.992530000000000427e+02
1.992737999999999658e+02
1.994683000000000277e+02
1.993687000000000182e+02
1.992954000000000008e+02
1.994196000000000026e+02
1.995706000000000415e+02
1.993950999999999851e+02
1.996705999999999790e+02
1.996236000000000388e+02
1.995961999999999819e+02
1.996657999999999902e+02
1.997649000000000115e+02
1.995385999999999740e+02
1.997975000000000136e+02
1.997751000000000090e+02
1.997601000000000226e+02
1.997652999999999963e+02
1.998903999999999996e+02
1.998706999999999709e+02
1.998718999999999824e+02
1.998686000000000433e+02
