1.000000000000000000e+00
1.085099999999999953e+00
1.169399999999999995e+00
1.274200000000000221e+00
1.370300000000000074e+00
1.500099999999999545e+00
1.607800000000000340e+00
1.760699999999999932e+00
1.926099999999999923e+00
2.113599999999999923e+00
2.288800000000000168e+00
2.536200000000000454e+00
2.853100000000000414e+00
3.109000000000000430e+00
3.565400000000001235e+00
4.166599999999999859e+00
4.831600000000000783e+00
5.837800000000002321e+00
6.540300000000001113e+00
7.711899999999999089e+00
8.780099999999999127e+00
9.821500000000000341e+00
1.058510000000000062e+01
1.111950000000000216e+01
1.135089999999999932e+01
1.162450000000000117e+01
1.178479999999999706e+01
1.172440000000000104e+01
1.154550000000000232e+01
1.160389999999999944e+01
1.146699999999999875e+01
1.130229999999999713e+01
1.106509999999999927e+01
1.094380000000000308e+01
1.087570000000000192e+01
1.069650000000000389e+01
1.043469999999999942e+01
1.031409999999999805e+01
1.012880000000000180e+01
9.925100000000000477e+00
9.820299999999999585e+00
9.590199999999999392e+00
9.504399999999998627e+00
9.340400000000000702e+00
9.160899999999999821e+00
9.093099999999997962e+00
8.895400000000000418e+00
8.812099999999999156e+00
8.717200000000000060e+00
8.560000000000000497e+00
8.440899999999999181e+00
8.296699999999999520e+00
8.199500000000000455e+00
8.066699999999999093e+00
8.039600000000000080e+00
7.980000000000000426e+00
7.864499999999999602e+00
7.799999999999999822e+00
7.637199999999999989e+00
7.569600000000001216e+00
7.497099999999999653e+00
7.402299999999999436e+00
7.341599999999999682e+00
7.259300000000000530e+00
7.166699999999999626e+00
7.107000000000001982e+00
7.056800000000000850e+00
6.975500000000000256e+00
6.913200000000000678e+00
6.887000000000000455e+00
6.797799999999999621e+00
6.723100000000000520e+00
6.690199999999999925e+00
6.679199999999999804e+00
6.572800000000000864e+00
6.544100000000001138e+00
6.489299999999999180e+00
6.457099999999999618e+00
6.394599999999999618e+00
6.330500000000000682e+00
6.305600000000000982e+00
6.257500000000001172e+00
6.229599999999999582e+00
6.192200000000000593e+00
6.157599999999999518e+00
6.141000000000000014e+00
6.085399999999998144e+00
6.074200000000001154e+00
6.058899999999999508e+00
6.010800000000000587e+00
5.981100000000000527e+00
5.955600000000000449e+00
5.907399999999999096e+00
5.888500000000001400e+00
5.857499999999999929e+00
5.802200000000000024e+00
5.785199999999998788e+00
5.737899999999999778e+00
5.715700000000000891e+00
5.693499999999999339e+00
