1.000000000000000000e+00
1.085199999999999942e+00
1.170199999999999907e+00
1.276700000000000168e+00
1.374700000000000255e+00
1.515599999999999836e+00
1.630399999999999849e+00
1.807799999999999407e+00
2.000599999999999934e+00
2.247000000000000330e+00
2.481199999999999406e+00
2.863400000000000389e+00
3.394299999999999429e+00
3.932200000000000806e+00
5.044599999999999973e+00
6.807199999999999918e+00
9.219699999999999562e+00
1.385259999999999714e+01
1.792149999999999821e+01
2.605199999999999960e+01
3.615100000000000335e+01
4.775520000000000209e+01
5.994859999999998479e+01
7.178110000000000923e+01
8.430170000000002517e+01
9.444020000000000437e+01
1.058329999999999984e+02
1.157029000000000138e+02
1.236076000000000192e+02
1.321045000000000016e+02
1.382246999999999844e+02
1.452697000000000003e+02
1.503876999999999953e+02
1.550105000000000359e+02
1.587382000000000062e+02
1.630212000000000216e+02
1.672754000000000190e+02
1.696074999999999875e+02
1.721505999999999403e+02
1.741743999999999915e+02
1.774638999999999953e+02
1.792137999999999636e+02
1.820061999999999784e+02
1.819334000000000060e+02
1.846983999999999924e+02
1.861645999999999788e+02
1.875275999999999783e+02
1.880821000000000254e+02
1.895334000000000003e+02
1.911912999999999840e+02
1.910234000000000094e+02
1.918895999999999447e+02
1.921691999999999894e+02
1.928986000000000161e+02
1.941545000000000414e+02
1.945132999999999868e+02
1.951843999999999824e+02
1.953194000000000585e+02
1.958163000000000125e+02
1.962249999999999943e+02
1.963571000000000026e+02
1.963865000000000123e+02
1.972187999999999874e+02
1.972489000000000203e+02
1.975600999999999772e+02
1.976825999999999794e+02
1.976432999999999822e+02
1.981451000000000136e+02
1.983887000000000285e+02
1.980937999999999874e+02
1.982222999999999615e+02
1.982504000000000133e+02
1.988636000000000479e+02
1.987919000000000267e+02
1.989078000000000657e+02
1.989210999999999956e+02
1.990873999999999739e+02
1.989481000000000108e+02
1.991557999999999709e+02
1.995495999999999981e+02
1.992548000000000457e+02
1.993798000000000457e+02
1.994657999999999731e+02
1.996293000000000006e+02
1.995167999999999893e+02
1.994428999999999803e+02
1.995174999999999557e+02
1.995814000000000021e+02
1.997213999999999885e+02
1.997068000000000154e+02
1.997661000000000513e+02
1.997677000000000476e+02
1.998542999999999665e+02
1.998643000000000143e+02
1.998216999999999928e+02
1.996401000000000465e+02
1.998541999999999916e+02
1.998326000000000704e+02
1.997472000000000207e+02
1.998484999999999729e+02
