1.000000000000000000e+00
1.079199999999999937e+00
1.171199999999999797e+00
1.273299999999999876e+00
1.378499999999999837e+00
1.501599999999999602e+00
1.622100000000000097e+00
1.743099999999999428e+00
1.904200000000000115e+00
2.076899999999999302e+00
2.291599999999999859e+00
2.573499999999999677e+00
2.848500000000000032e+00
3.157900000000000595e+00
3.636400000000000077e+00
4.085700000000000109e+00
4.811599999999999433e+00
5.679899999999999061e+00
6.779900000000000482e+00
7.656200000000001005e+00
8.638600000000002055e+00
9.892699999999999605e+00
1.044910000000000139e+01
1.109700000000000131e+01
1.154950000000000010e+01
1.171939999999999671e+01
1.179739999999999966e+01
1.166550000000000153e+01
1.168249999999999922e+01
1.157460000000000022e+01
1.141529999999999667e+01
1.127360000000000362e+01
1.114320000000000022e+01
1.100950000000000095e+01
1.087299999999999933e+01
1.054570000000000007e+01
1.045730000000000004e+01
1.033709999999999951e+01
1.006719999999999970e+01
9.980300000000001504e+00
9.768800000000000594e+00
9.634100000000000108e+00
9.544200000000000017e+00
9.347699999999999676e+00
9.195599999999998886e+00
9.052399999999998670e+00
8.951400000000001356e+00
8.788499999999999091e+00
8.669800000000000395e+00
8.584200000000000941e+00
8.471400000000000929e+00
8.363300000000000622e+00
8.215500000000000469e+00
8.138199999999999434e+00
8.047699999999998965e+00
7.937000000000000277e+00
7.832799999999999763e+00
7.731900000000001327e+00
7.628899999999999793e+00
7.578500000000000014e+00
7.462699999999999889e+00
7.395299999999998875e+00
7.309199999999998809e+00
7.233400000000000496e+00
7.173500000000001542e+00
7.185399999999999565e+00
7.071600000000000108e+00
7.013300000000000090e+00
6.938999999999998280e+00
6.873400000000000176e+00
6.799200000000001687e+00
6.807400000000000340e+00
6.698699999999999655e+00
6.622999999999999332e+00
6.564899999999998847e+00
6.533700000000001396e+00
6.488500000000000156e+00
6.434500000000000774e+00
6.396100000000000563e+00
6.389800000000000146e+00
6.344900000000000873e+00
6.280600000000000627e+00
6.255199999999998539e+00
6.208300000000001262e+00
6.184999999999999609e+00
6.147599999999999731e+00
6.092999999999999972e+00
6.051400000000000112e+00
6.058600000000000207e+00
6.012299999999998867e+00
5.993900000000000006e+00
5.949500000000000455e+00
5.932000000000000384e+00
5.885500000000000398e+00
5.860199999999998965e+00
5.821600000000000996e+00
5.825600000000000556e+00
5.769999999999998685e+00
5.736100000000001309e+00
5.671600000000000641e+00
