1.000000000000000000e+00
1.079300000000000148e+00
1.171799999999999953e+00
1.275500000000000078e+00
1.385099999999999554e+00
1.516199999999999992e+00
1.645399999999999974e+00
1.785399999999999876e+00
1.975700000000000012e+00
2.191299999999999581e+00
2.485100000000000087e+00
2.905200000000000227e+00
3.414400000000000102e+00
3.988099999999999312e+00
5.143799999999999706e+00
6.472800000000001219e+00
9.079800000000000537e+00
1.346219999999999750e+01
1.964779999999999660e+01
2.673590000000000444e+01
3.551239999999999952e+01
4.957930000000000348e+01
5.971309999999999718e+01
7.331459999999998445e+01
8.476000000000000512e+01
9.651610000000000866e+01
1.065575000000000045e+02
1.147368000000000023e+02
1.224391999999999996e+02
1.321841000000000008e+02
1.393250999999999920e+02
1.440973000000000184e+02
1.481801000000000101e+02
1.550756999999999834e+02
1.601652000000000271e+02
1.621141000000000076e+02
1.658770000000000380e+02
1.717789000000000215e+02
1.721604999999999563e+02
1.748813999999999851e+02
1.778691000000000315e+02
1.801922999999999604e+02
1.816979999999999791e+02
1.833015000000000612e+02
1.844654000000000167e+02
1.854932999999999765e+02
1.881301000000000272e+02
1.886447999999999467e+02
1.893694000000000131e+02
1.906718000000000472e+02
1.913950000000000387e+02
1.922560999999999751e+02
1.925192999999999586e+02
1.931300999999999704e+02
1.942073000000000036e+02
1.946995000000000573e+02
1.953633000000000095e+02
1.958020999999999958e+02
1.957838000000000136e+02
1.958562999999999761e+02
1.968677000000000419e+02
1.969219999999999970e+02
1.967489999999999668e+02
1.973825999999999397e+02
1.973984000000000378e+02
1.979404000000000110e+02
1.979429999999999836e+02
1.980561999999999614e+02
1.982718000000000131e+02
1.983603999999999985e+02
1.985500999999999578e+02
1.985994999999999777e+02
1.987524000000000228e+02
1.987328000000000259e+02
1.989965000000000259e+02
1.989311999999999898e+02
1.990654999999999859e+02
1.990202999999999633e+02
1.993235000000000241e+02
1.991654000000000337e+02
1.993490000000000180e+02
1.991833999999999776e+02
1.994692000000000291e+02
1.995450999999999908e+02
1.994383999999999730e+02
1.994101000000000283e+02
1.996545999999999879e+02
1.997349000000000103e+02
1.996818999999999846e+02
1.997371000000000265e+02
1.997090999999999497e+02
1.997512000000000398e+02
1.997468999999999824e+02
1.998584000000000458e+02
1.998039999999999736e+02
1.998217000000000496e+02
1.998244999999999720e+02
1.998484000000000265e+02
1.998379999999999939e+02
1.999155999999999835e+02
