1.000000000000000000e+00
1.088500000000000023e+00
1.177899999999999947e+00
1.263199999999999878e+00
1.376100000000000101e+00
1.521099999999999897e+00
1.627399999999999736e+00
1.806699999999999973e+00
1.995200000000000085e+00
2.201199999999999601e+00
2.479500000000000259e+00
2.912300000000000111e+00
3.351099999999998857e+00
3.977500000000000480e+00
5.027800000000000047e+00
6.695299999999999585e+00
8.800700000000000855e+00
1.264179999999999815e+01
1.835490000000000066e+01
2.693639999999999901e+01
3.598580000000000467e+01
4.819480000000001496e+01
6.091859999999999786e+01
7.041779999999999973e+01
8.574789999999997292e+01
9.641349999999999909e+01
1.062728000000000037e+02
1.169915000000000020e+02
1.237003000000000270e+02
1.318978000000000179e+02
1.376601000000000283e+02
1.454619000000000142e+02
1.529610000000000412e+02
1.553305999999999756e+02
1.595416999999999916e+02
1.625169999999999675e+02
1.678068000000000382e+02
1.707495000000000118e+02
1.717839999999999918e+02
1.754778000000000020e+02
1.767787999999999613e+02
1.796513000000000204e+02
1.815112000000000307e+02
1.836317000000000235e+02
1.847420999999999651e+02
1.863993000000000393e+02
1.879336999999999875e+02
1.889276000000000693e+02
1.894501999999999668e+02
1.911996999999999787e+02
1.907510000000000616e+02
1.921890000000000214e+02
1.918804999999999836e+02
1.930518000000000427e+02
1.938676999999999566e+02
1.947361999999999398e+02
1.944099999999999966e+02
1.953304999999999438e+02
1.957625999999999920e+02
1.960534999999999854e+02
1.966099000000000103e+02
1.963632000000000062e+02
1.971657999999999902e+02
1.972738000000000227e+02
1.970892999999999802e+02
1.977724000000000046e+02
1.979307000000000301e+02
1.978587999999999738e+02
1.983318999999999903e+02
1.981509999999999820e+02
1.983700000000000045e+02
1.984779000000000053e+02
1.989621999999999673e+02
1.986813000000000216e+02
1.988522999999999570e+02
1.989959999999999809e+02
1.990465999999999553e+02
1.992271000000000356e+02
1.992197000000000173e+02
1.992685000000000173e+02
1.992612000000000023e+02
1.992777999999999849e+02
1.995851999999999293e+02
1.995007999999999697e+02
1.995045000000000073e+02
1.996152999999999906e+02
1.997261999999999773e+02
1.997001999999999668e+02
1.997739000000000260e+02
1.996197000000000514e+02
1.996503000000000156e+02
1.997493999999999801e+02
1.997735000000000127e+02
1.997505000000000166e+02
1.998051000000000101e+02
1.998274000000000115e+02
1.998319000000000187e+02
1.998434000000000310e+02
1.998923000000000343e+02
1.996899999999999977e+02
