1.000000000000000000e+00
1.088300000000000045e+00
1.177100000000000035e+00
1.261100000000000110e+00
1.369500000000000162e+00
1.507099999999999884e+00
1.604000000000000092e+00
1.756400000000000183e+00
1.919199999999999573e+00
2.079699999999999882e+00
2.287699999999999623e+00
2.547499999999999876e+00
2.813800000000000079e+00
3.168099999999999916e+00
3.578899999999999970e+00
4.122900000000000453e+00
4.741799999999999571e+00
5.563600000000000101e+00
6.682400000000000340e+00
7.911500000000001087e+00
8.766999999999999460e+00
9.938800000000000523e+00
1.052029999999999887e+01
1.117450000000000188e+01
1.153949999999999854e+01
1.167950000000000088e+01
1.169099999999999895e+01
1.180649999999999800e+01
1.167819999999999858e+01
1.160679999999999801e+01
1.148799999999999955e+01
1.127680000000000327e+01
1.116869999999999941e+01
1.098139999999999894e+01
1.085070000000000157e+01
1.065479999999999805e+01
1.041970000000000063e+01
1.024070000000000213e+01
1.017259999999999920e+01
1.000159999999999982e+01
9.792800000000001504e+00
9.652400000000000091e+00
9.469600000000001572e+00
9.379500000000000171e+00
9.180199999999999250e+00
9.097399999999998599e+00
8.953200000000000713e+00
8.826000000000000512e+00
8.719099999999999184e+00
8.563099999999998602e+00
8.434400000000000119e+00
8.288800000000001944e+00
8.220699999999999008e+00
8.104400000000000048e+00
7.976999999999999424e+00
7.919399999999999551e+00
7.838700000000000223e+00
7.700499999999999901e+00
7.624200000000000976e+00
7.576000000000000512e+00
7.532200000000000450e+00
7.426400000000001000e+00
7.352799999999998448e+00
7.293399999999999217e+00
7.197600000000001330e+00
7.149700000000000166e+00
7.103099999999999525e+00
7.020900000000000141e+00
6.920800000000000729e+00
6.876199999999998980e+00
6.797400000000001441e+00
6.772400000000001086e+00
6.730000000000000426e+00
6.626099999999999213e+00
6.594599999999998907e+00
6.543400000000001882e+00
6.523900000000000254e+00
6.463799999999999102e+00
6.402599999999999625e+00
6.364499999999999602e+00
6.316700000000000870e+00
6.292100000000000470e+00
6.232699999999999463e+00
6.206199999999999939e+00
6.173299999999999343e+00
6.164499999999999424e+00
6.111100000000000421e+00
6.065600000000000769e+00
6.022300000000000431e+00
6.022499999999999964e+00
6.002399999999999736e+00
5.943400000000000460e+00
5.908000000000000362e+00
5.895299999999999763e+00
5.876999999999998892e+00
5.837699999999999001e+00
5.762299999999999756e+00
5.758299999999998420e+00
5.710000000000000853e+00
5.689400000000001789e+00
