1.000000000000000000e+00
1.080600000000000227e+00
1.168699999999999850e+00
1.264100000000000001e+00
1.380399999999999849e+00
1.501299999999999857e+00
1.645999999999999908e+00
1.823099999999999943e+00
2.025999999999999801e+00
2.201200000000000045e+00
2.523800000000000043e+00
2.864200000000000301e+00
3.362699999999999356e+00
4.012299999999999756e+00
5.084699999999999775e+00
6.502899999999999459e+00
9.086999999999999744e+00
1.290049999999999919e+01
1.896370000000000289e+01
2.721800000000000708e+01
3.636110000000000042e+01
4.771480000000000388e+01
6.030250000000000909e+01
7.476180000000000803e+01
8.419589999999999463e+01
9.632189999999998520e+01
1.062323000000000093e+02
1.141484999999999985e+02
1.222228999999999672e+02
1.312064000000000021e+02
1.393426000000000045e+02
1.423329999999999984e+02
1.510895000000000152e+02
1.558530999999999835e+02
1.587105999999999995e+02
1.634154000000000053e+02
1.672908999999999935e+02
1.708222999999999558e+02
1.733123000000000218e+02
1.758080000000000211e+02
1.774124000000000194e+02
1.806198999999999728e+02
1.815419000000000267e+02
1.821552000000000078e+02
1.850738000000000056e+02
1.864690000000000225e+02
1.877249999999999375e+02
1.879828000000000259e+02
1.895475999999999885e+02
1.902609999999999957e+02
1.911134999999999877e+02
1.917691000000000088e+02
1.928944999999999936e+02
1.936331999999999880e+02
1.935997999999999877e+02
1.942440000000000566e+02
1.950329000000000121e+02
1.952991999999999848e+02
1.959095999999999549e+02
1.959673999999999694e+02
1.965410999999999717e+02
1.968842999999999961e+02
1.971657999999999333e+02
1.972927999999999997e+02
1.976816000000000031e+02
1.977445999999999913e+02
1.977219999999999800e+02
1.981870999999999583e+02
1.984379000000000133e+02
1.984171999999999798e+02
1.985105999999999824e+02
1.986212000000000160e+02
1.989627999999999588e+02
1.989872999999999479e+02
1.989418000000000006e+02
1.991574999999999989e+02
1.989910000000000139e+02
1.991702999999999406e+02
1.993247000000000071e+02
1.993452999999999804e+02
1.993436000000000092e+02
1.993267999999999915e+02
1.994288000000000238e+02
1.995399000000000171e+02
1.995381000000000142e+02
1.996143000000000143e+02
1.997684000000000424e+02
1.995475000000000421e+02
1.996648000000000422e+02
1.996296000000000390e+02
1.995749999999999886e+02
1.998775000000000261e+02
1.997942000000000178e+02
1.997366000000000099e+02
1.997167000000000314e+02
1.997930999999999813e+02
1.998461000000000354e+02
1.999229000000000553e+02
1.998862000000000023e+02
1.998297000000000025e+02
