1.000000000000000000e+00
1.080400000000000027e+00
1.168299999999999894e+00
1.261899999999999800e+00
1.373499999999999943e+00
1.485099999999999865e+00
1.620800000000000018e+00
1.773599999999999843e+00
1.945000000000000062e+00
2.077900000000000080e+00
2.312899999999999512e+00
2.539800000000000058e+00
2.811199999999999921e+00
3.156100000000000794e+00
3.608700000000000241e+00
4.112099999999999866e+00
4.795300000000000118e+00
5.642599999999999838e+00
6.669599999999999085e+00
7.810700000000000642e+00
8.839100000000000179e+00
9.863300000000000622e+00
1.061910000000000132e+01
1.127150000000000141e+01
1.146120000000000339e+01
1.177710000000000079e+01
1.177829999999999977e+01
1.179460000000000086e+01
1.173879999999999946e+01
1.163259999999999827e+01
1.146729999999999983e+01
1.133859999999999957e+01
1.113529999999999909e+01
1.101430000000000042e+01
1.082049999999999912e+01
1.068929999999999758e+01
1.043480000000000096e+01
1.032690000000000019e+01
1.014780000000000015e+01
9.968400000000000816e+00
9.796400000000000219e+00
9.631299999999999528e+00
9.529199999999999449e+00
9.321699999999999875e+00
9.205599999999998673e+00
9.114599999999999369e+00
8.867399999999998172e+00
8.768900000000000361e+00
8.711299999999999599e+00
8.524699999999999278e+00
8.483000000000000540e+00
8.278199999999998226e+00
8.247700000000001808e+00
8.134600000000000719e+00
7.971599999999999575e+00
7.942300000000000360e+00
7.827199999999999491e+00
7.764000000000001123e+00
7.654900000000001370e+00
7.578999999999997073e+00
7.487100000000000755e+00
7.413599999999999746e+00
7.307599999999999874e+00
7.247700000000000031e+00
7.227599999999999802e+00
7.139300000000000423e+00
7.061800000000000743e+00
7.006500000000000838e+00
6.942099999999999937e+00
6.872900000000000453e+00
6.842500000000001137e+00
6.746599999999999930e+00
6.702899999999999636e+00
6.658099999999999241e+00
6.581099999999997507e+00
6.565900000000000070e+00
6.497499999999999609e+00
6.446100000000000385e+00
6.436400000000000787e+00
6.359800000000001674e+00
6.322400000000000020e+00
6.274500000000000632e+00
6.237400000000000055e+00
6.215499999999998693e+00
6.180700000000000749e+00
6.153899999999998371e+00
6.105900000000001882e+00
6.062800000000001077e+00
6.041399999999999437e+00
6.012000000000000455e+00
5.976600000000001245e+00
5.943299999999998917e+00
5.943100000000000271e+00
5.875299999999998413e+00
5.846800000000000885e+00
5.817799999999998306e+00
5.791499999999998316e+00
5.780299999999999550e+00
5.704600000000000115e+00
5.664200000000001900e+00
