1.000000000000000000e+00
1.084999999999999964e+00
1.167500000000000204e+00
1.263300000000000090e+00
1.382499999999999618e+00
1.497700000000000475e+00
1.611900000000000333e+00
1.750299999999999967e+00
1.900399999999999867e+00
2.078000000000000291e+00
2.311999999999999833e+00
2.548299999999999788e+00
2.803200000000000358e+00
3.207800000000000207e+00
3.647900000000000365e+00
4.135099999999999554e+00
4.696699999999999875e+00
5.833299999999999486e+00
6.736899999999999444e+00
7.741899999999999338e+00
8.805699999999999861e+00
9.812599999999997991e+00
1.041690000000000005e+01
1.119150000000000134e+01
1.159729999999999706e+01
1.167530000000000001e+01
1.172070000000000078e+01
1.176719999999999722e+01
1.167469999999999963e+01
1.160470000000000113e+01
1.151210000000000200e+01
1.127090000000000103e+01
1.133780000000000143e+01
1.095559999999999867e+01
1.077840000000000131e+01
1.069349999999999845e+01
1.050330000000000119e+01
1.034149999999999814e+01
1.015399999999999814e+01
9.988400000000000389e+00
9.804800000000000182e+00
9.619099999999999540e+00
9.475600000000000023e+00
9.339700000000000557e+00
9.198399999999999466e+00
8.977300000000001390e+00
8.860500000000000043e+00
8.823000000000000398e+00
8.704900000000000304e+00
8.497099999999997877e+00
8.436999999999999389e+00
8.323800000000000310e+00
8.189699999999998425e+00
8.115499999999999048e+00
8.044900000000001938e+00
7.952999999999999403e+00
7.858200000000000074e+00
7.757599999999999163e+00
7.677100000000000257e+00
7.566099999999997827e+00
7.488999999999999879e+00
7.410600000000000520e+00
7.343799999999999883e+00
7.277900000000000702e+00
7.220300000000001717e+00
7.131199999999999761e+00
7.069500000000000561e+00
7.024900000000001477e+00
6.952300000000000146e+00
6.897800000000001042e+00
6.846800000000000885e+00
6.759099999999998332e+00
6.702399999999999913e+00
6.662799999999999834e+00
6.598799999999999777e+00
6.541399999999999437e+00
6.492700000000001026e+00
6.477100000000001856e+00
6.403800000000001269e+00
6.334600000000001785e+00
6.322799999999999976e+00
6.262000000000000455e+00
6.241300000000000736e+00
6.200099999999999945e+00
6.190399999999999459e+00
6.124899999999999345e+00
6.114000000000000767e+00
6.077499999999998792e+00
6.019999999999998685e+00
6.030200000000000671e+00
5.983000000000000540e+00
5.966899999999998983e+00
5.936699999999999200e+00
5.877799999999999692e+00
5.850099999999998523e+00
5.821099999999998609e+00
5.799400000000000333e+00
5.796999999999999709e+00
5.744500000000001272e+00
5.688700000000000756e+00
