1.000000000000000000e+00
1.084999999999999964e+00
1.167900000000000160e+00
1.265900000000000025e+00
1.388899999999999579e+00
1.509699999999999598e+00
1.640300000000000091e+00
1.789099999999999913e+00
1.974899999999999878e+00
2.209899999999999753e+00
2.524199999999999999e+00
2.868300000000000516e+00
3.319199999999999484e+00
4.150999999999998913e+00
5.086199999999999832e+00
6.615100000000000868e+00
8.956699999999999662e+00
1.381960000000000122e+01
1.884469999999999956e+01
2.627229999999999421e+01
3.613490000000000180e+01
4.707039999999999935e+01
5.905390000000000583e+01
7.346260000000000900e+01
8.681569999999999254e+01
9.585479999999999734e+01
1.051548999999999836e+02
1.147558999999999969e+02
1.243887999999999892e+02
1.319147000000000105e+02
1.384760999999999740e+02
1.440911999999999864e+02
1.502210000000000321e+02
1.540706000000000131e+02
1.580572000000000230e+02
1.629316000000000031e+02
1.666211999999999875e+02
1.703862999999999772e+02
1.717441000000000031e+02
1.752574999999999932e+02
1.763744999999999834e+02
1.790379999999999825e+02
1.816238000000000170e+02
1.826587999999999852e+02
1.847850000000000250e+02
1.859961999999999875e+02
1.875345999999999833e+02
1.887530999999999892e+02
1.894420999999999822e+02
1.902231000000000165e+02
1.913759999999999764e+02
1.924583000000000652e+02
1.922330999999999790e+02
1.930532999999999788e+02
1.940511000000000195e+02
1.942973000000000070e+02
1.949492000000000473e+02
1.949766999999999939e+02
1.960794999999999675e+02
1.962321999999999775e+02
1.962393999999999892e+02
1.966178000000000168e+02
1.967785000000000082e+02
1.970146999999999764e+02
1.973010999999999626e+02
1.975507000000000062e+02
1.983455999999999904e+02
1.979764000000000408e+02
1.980516999999999825e+02
1.986065000000000111e+02
1.984427000000000021e+02
1.988332999999999799e+02
1.987273999999999887e+02
1.988305000000000007e+02
1.989309999999999548e+02
1.989731999999999914e+02
1.991887999999999863e+02
1.990429000000000315e+02
1.993255999999999801e+02
1.991279999999999859e+02
1.993438000000000159e+02
1.994503999999999735e+02
1.993414999999999679e+02
1.996311999999999784e+02
1.994392000000000564e+02
1.997062999999999988e+02
1.995308000000000277e+02
1.995921000000000163e+02
1.997112000000000194e+02
1.997843000000000018e+02
1.997404000000000224e+02
1.997801000000000329e+02
1.997667000000000144e+02
1.998025000000000375e+02
1.998391000000000304e+02
1.998885000000000218e+02
1.998583000000000141e+02
1.999029000000000167e+02
1.997892000000000507e+02
1.998231000000000108e+02
