1.000000000000000000e+00
1.084799999999999986e+00
1.170499999999999874e+00
1.277999999999999803e+00
1.372800000000000020e+00
1.504199999999999982e+00
1.649600000000000177e+00
1.817800000000000304e+00
1.991099999999999870e+00
2.221100000000000296e+00
2.496299999999999741e+00
2.867099999999999760e+00
3.330000000000000071e+00
3.949800000000000200e+00
5.155499999999999972e+00
6.557999999999999829e+00
9.472199999999999065e+00
1.243879999999999875e+01
1.764750000000000085e+01
2.448750000000000426e+01
3.691980000000000217e+01
4.816810000000000258e+01
6.080900000000000460e+01
7.400359999999999161e+01
8.192289999999998429e+01
9.493540000000001555e+01
1.046457999999999799e+02
1.151574999999999989e+02
1.237338999999999913e+02
1.304840000000000089e+02
1.390887000000000171e+02
1.445945999999999856e+02
1.493280000000000030e+02
1.552637000000000285e+02
1.600305999999999926e+02
1.639772999999999854e+02
1.659366999999999734e+02
1.687651999999999930e+02
1.727345999999999435e+02
1.758357999999999777e+02
1.771192000000000064e+02
1.800715999999999610e+02
1.807258999999999958e+02
1.836804000000000201e+02
1.848513999999999839e+02
1.867508000000000550e+02
1.874718000000000870e+02
1.885823999999999785e+02
1.888336999999999932e+02
1.904356999999999971e+02
1.908147000000000162e+02
1.922464000000000226e+02
1.932023999999999830e+02
1.930700000000000500e+02
1.939268000000000143e+02
1.948299000000000092e+02
1.946740999999999531e+02
1.953481000000000165e+02
1.955372000000000128e+02
1.959671000000000163e+02
1.965327000000000055e+02
1.968446000000000140e+02
1.968798999999999353e+02
1.972126999999999555e+02
1.974117999999999995e+02
1.976195000000000164e+02
1.979538000000000011e+02
1.979745000000000061e+02
1.982682000000000073e+02
1.984315999999999747e+02
1.982626999999999668e+02
1.984471000000000345e+02
1.985836000000000183e+02
1.988980999999999995e+02
1.987872999999999593e+02
1.991814999999999714e+02
1.990101999999999975e+02
1.992651999999999646e+02
1.992999000000000080e+02
1.992099000000000046e+02
1.994630000000000223e+02
1.992919999999999732e+02
1.994309000000000367e+02
1.996967999999999961e+02
1.995597999999999956e+02
1.996804000000000201e+02
1.996129999999999427e+02
1.997522999999999911e+02
1.997073999999999785e+02
1.996064000000000362e+02
1.996473000000000013e+02
1.997221000000000686e+02
1.997951000000000477e+02
1.998498999999999910e+02
1.998161000000000058e+02
1.997732999999999777e+02
1.997943999999999960e+02
1.997584999999999980e+02
1.998497000000000412e+02
1.999081000000000188e+02
