1.000000000000000000e+00
1.084699999999999998e+00
1.169799999999999951e+00
1.274999999999999911e+00
1.367599999999999927e+00
1.492199999999999971e+00
1.621800000000000130e+00
1.768500000000000183e+00
1.917700000000000182e+00
2.100000000000000089e+00
2.285200000000000120e+00
2.531999999999999584e+00
2.835400000000000365e+00
3.123500000000000387e+00
3.659800000000000164e+00
4.128600000000000492e+00
4.926999999999999602e+00
5.514800000000001035e+00
6.469299999999999606e+00
7.455499999999999794e+00
8.847899999999999210e+00
9.927999999999999048e+00
1.064179999999999993e+01
1.124899999999999878e+01
1.143100000000000449e+01
1.176410000000000089e+01
1.179519999999999946e+01
1.172330000000000005e+01
1.162900000000000134e+01
1.169580000000000197e+01
1.146520000000000294e+01
1.126989999999999981e+01
1.118099999999999916e+01
1.106359999999999921e+01
1.077539999999999942e+01
1.062209999999999788e+01
1.039859999999999829e+01
1.028950000000000209e+01
1.013030000000000008e+01
1.002689999999999948e+01
9.829000000000000625e+00
9.678699999999999193e+00
9.431400000000000006e+00
9.382899999999999352e+00
9.167300000000000892e+00
9.080999999999999517e+00
8.969900000000000873e+00
8.770699999999999719e+00
8.609000000000001762e+00
8.512800000000000367e+00
8.398200000000000998e+00
8.341100000000000847e+00
8.207399999999999807e+00
8.122099999999999653e+00
7.984099999999998865e+00
7.913199999999999790e+00
7.875499999999999723e+00
7.735700000000000465e+00
7.693500000000000227e+00
7.590800000000000658e+00
7.516299999999998427e+00
7.408900000000000041e+00
7.332499999999998685e+00
7.276200000000000223e+00
7.246500000000001052e+00
7.156600000000000072e+00
7.065400000000000347e+00
7.015800000000000480e+00
6.943999999999999950e+00
6.903699999999999726e+00
6.817900000000000738e+00
6.760200000000000209e+00
6.714499999999999247e+00
6.644899999999998919e+00
6.616900000000000226e+00
6.525199999999999889e+00
6.500699999999999257e+00
6.456099999999999284e+00
6.381499999999999062e+00
6.357700000000001239e+00
6.304600000000000648e+00
6.294299999999999784e+00
6.262500000000000178e+00
6.209300000000001596e+00
6.165399999999999991e+00
6.151699999999999946e+00
6.117899999999999672e+00
6.073400000000000354e+00
6.055399999999998784e+00
6.011600000000000499e+00
6.000600000000002154e+00
5.962499999999998579e+00
5.930399999999999672e+00
5.902599999999999625e+00
5.840500000000002245e+00
5.847500000000000142e+00
5.802699999999999747e+00
5.790900000000001491e+00
5.759200000000000763e+00
5.713700000000000223e+00
