1.000000000000000000e+00
1.078900000000000192e+00
1.163000000000000034e+00
1.273699999999999832e+00
1.377400000000000180e+00
1.499699999999999811e+00
1.632900000000000018e+00
1.814599999999999769e+00
2.008100000000000218e+00
2.185099999999999820e+00
2.473000000000000309e+00
2.898700000000000720e+00
3.399599999999999955e+00
3.999699999999998923e+00
5.153599999999999071e+00
6.594200000000000728e+00
9.177500000000001990e+00
1.273389999999999667e+01
1.893420000000000059e+01
2.585580000000000211e+01
3.537870000000000203e+01
4.916750000000001108e+01
6.074529999999998608e+01
7.118969999999998777e+01
8.753649999999997533e+01
9.483450000000001978e+01
1.049105000000000132e+02
1.168789000000000158e+02
1.230669000000000040e+02
1.296171000000000220e+02
1.395055000000000121e+02
1.439154999999999802e+02
1.508621000000000265e+02
1.554127000000000010e+02
1.605601999999999805e+02
1.631115000000000066e+02
1.670740000000000123e+02
1.695043000000000291e+02
1.734850999999999885e+02
1.751890999999999963e+02
1.770384999999999991e+02
1.803710999999999558e+02
1.820215000000000032e+02
1.839884000000000412e+02
1.849548999999999808e+02
1.860078999999999780e+02
1.873609999999999900e+02
1.879464000000000397e+02
1.890854999999999961e+02
1.900760000000000218e+02
1.913908000000000129e+02
1.919518999999999949e+02
1.930336000000000070e+02
1.935194000000000187e+02
1.938420000000000414e+02
1.945983999999999980e+02
1.948013999999999157e+02
1.958234999999999957e+02
1.960937999999999874e+02
1.959899000000000058e+02
1.963816999999999950e+02
1.965934999999999775e+02
1.970756999999999550e+02
1.972548999999999921e+02
1.973482000000000767e+02
1.974979999999999905e+02
1.975975000000000250e+02
1.982168000000000063e+02
1.982540000000000191e+02
1.985850000000000080e+02
1.984411999999999807e+02
1.986642000000000507e+02
1.989966999999999473e+02
1.985845999999999947e+02
1.991041999999999916e+02
1.989187000000000296e+02
1.992472999999999956e+02
1.992951999999999657e+02
1.992480000000000189e+02
1.993459999999999752e+02
1.994059000000000026e+02
1.993661000000000456e+02
1.992980999999999483e+02
1.996044000000000267e+02
1.993660999999999603e+02
1.996111000000000502e+02
1.994586000000000752e+02
1.997224000000000217e+02
1.997057999999999822e+02
1.997212000000000387e+02
1.997913000000000352e+02
1.996535000000000650e+02
1.997944999999999993e+02
1.996849000000000274e+02
1.998284999999999911e+02
1.998105000000000189e+02
1.997879000000000076e+02
1.999075999999999738e+02
1.999076000000000306e+02
1.998537000000000035e+02
