1.000000000000000000e+00
1.078900000000000192e+00
1.162200000000000122e+00
1.270699999999999941e+00
1.370300000000000074e+00
1.486199999999999743e+00
1.609300000000000397e+00
1.766899999999999915e+00
1.929100000000000037e+00
2.072400000000000020e+00
2.279399999999999871e+00
2.559199999999999697e+00
2.841499999999999027e+00
3.157100000000001128e+00
3.641300000000000647e+00
4.088499999999999801e+00
4.809600000000000541e+00
5.626200000000000756e+00
6.681799999999998185e+00
7.727400000000000269e+00
8.718599999999998573e+00
9.861700000000000799e+00
1.060190000000000055e+01
1.112130000000000329e+01
1.167509999999999692e+01
1.160100000000000442e+01
1.178580000000000005e+01
1.177579999999999849e+01
1.170609999999999928e+01
1.161649999999999849e+01
1.143210000000000015e+01
1.137549999999999883e+01
1.115239999999999831e+01
1.100070000000000192e+01
1.083200000000000074e+01
1.065359999999999907e+01
1.049779999999999980e+01
1.031560000000000166e+01
1.015080000000000027e+01
9.954999999999998295e+00
9.795799999999999841e+00
9.663599999999997081e+00
9.454800000000000537e+00
9.352199999999999847e+00
9.159299999999999997e+00
9.075699999999999434e+00
8.900600000000000733e+00
8.773699999999998056e+00
8.738999999999998991e+00
8.567600000000000549e+00
8.494300000000000850e+00
8.336800000000000210e+00
8.257200000000000983e+00
8.117000000000000881e+00
8.043300000000000338e+00
7.909099999999998687e+00
7.849299999999999500e+00
7.753999999999998671e+00
7.646499999999999631e+00
7.571900000000000297e+00
7.506999999999999673e+00
7.400000000000000355e+00
7.356399999999999828e+00
7.277900000000000702e+00
7.187199999999998035e+00
7.150399999999999423e+00
7.087799999999999656e+00
7.025799999999999379e+00
6.931300000000000239e+00
6.885499999999999510e+00
6.824599999999999334e+00
6.783599999999999852e+00
6.725900000000000212e+00
6.654799999999999827e+00
6.591600000000000570e+00
6.557699999999999640e+00
6.501799999999999358e+00
6.456199999999999051e+00
6.429999999999998828e+00
6.372300000000000075e+00
6.355399999999999494e+00
6.292000000000000703e+00
6.251100000000000989e+00
6.212999999999999190e+00
6.182699999999998752e+00
6.126699999999998703e+00
6.148899999999998478e+00
6.098300000000000054e+00
6.063800000000001411e+00
6.046600000000000641e+00
5.980499999999999261e+00
5.964300000000000601e+00
5.932400000000000340e+00
5.880899999999999572e+00
5.890399999999999636e+00
5.817600000000001437e+00
5.793899999999999828e+00
5.779799999999999827e+00
5.749299999999999855e+00
5.713400000000001810e+00
