1.000000000000000000e+00
1.082200000000000051e+00
1.171499999999999986e+00
1.262699999999999934e+00
1.382900000000000240e+00
1.490700000000000136e+00
1.597000000000000197e+00
1.759300000000000086e+00
1.905300000000000216e+00
2.111299999999999955e+00
2.291799999999999393e+00
2.499800000000000022e+00
2.777600000000000513e+00
3.231999999999999762e+00
3.536700000000000177e+00
4.103300000000000836e+00
4.707099999999999618e+00
5.571100000000000385e+00
6.644800000000000040e+00
7.690200000000000813e+00
8.964800000000000324e+00
9.673000000000000043e+00
1.053140000000000143e+01
1.116159999999999997e+01
1.163079999999999892e+01
1.166149999999999842e+01
1.178439999999999621e+01
1.187369999999999948e+01
1.175079999999999991e+01
1.161150000000000126e+01
1.144890000000000185e+01
1.139809999999999768e+01
1.113570000000000171e+01
1.105050000000000132e+01
1.088340000000000174e+01
1.063230000000000253e+01
1.044419999999999860e+01
1.027569999999999872e+01
1.012519999999999953e+01
9.953199999999998937e+00
9.842399999999999594e+00
9.670199999999999463e+00
9.492300000000001958e+00
9.398400000000000531e+00
9.206300000000000594e+00
9.076200000000000045e+00
8.971100000000001629e+00
8.769399999999997419e+00
8.699400000000000688e+00
8.532800000000001717e+00
8.434699999999999420e+00
8.358399999999999608e+00
8.219999999999998863e+00
8.097000000000001307e+00
8.020500000000000185e+00
7.906500000000001194e+00
7.803999999999999382e+00
7.805900000000001171e+00
7.645900000000001029e+00
7.585700000000000109e+00
7.494699999999999029e+00
7.442000000000000171e+00
7.360499999999999154e+00
7.277300000000000324e+00
7.182799999999999407e+00
7.172599999999999199e+00
7.076800000000000423e+00
7.002399999999999736e+00
6.924300000000000566e+00
6.893699999999999939e+00
6.835900000000000531e+00
6.799399999999999444e+00
6.726700000000001012e+00
6.642900000000000915e+00
6.596300000000000274e+00
6.563300000000000800e+00
6.525300000000000544e+00
6.442200000000000593e+00
6.393600000000000172e+00
6.364199999999999413e+00
6.345200000000001062e+00
6.280299999999999550e+00
6.260800000000000587e+00
6.202699999999998326e+00
6.173899999999999721e+00
6.149500000000000632e+00
6.122399999999999842e+00
6.061600000000001209e+00
6.076200000000000045e+00
6.025299999999999656e+00
5.969299999999999606e+00
5.967999999999999972e+00
5.937300000000000466e+00
5.899899999999999700e+00
5.876199999999999868e+00
5.839400000000000368e+00
5.832499999999999574e+00
5.780399999999998428e+00
5.745500000000000718e+00
5.689699999999999314e+00
