1.000000000000000000e+00
1.082300000000000040e+00
1.172800000000000065e+00
1.265500000000000069e+00
1.390399999999999858e+00
1.503400000000000292e+00
1.621800000000000130e+00
1.804400000000000004e+00
1.974900000000000100e+00
2.243900000000000006e+00
2.487499999999999822e+00
2.823299999999999699e+00
3.249500000000000277e+00
4.122300000000000963e+00
4.900400000000001199e+00
6.547599999999999199e+00
8.757400000000000517e+00
1.279129999999999612e+01
1.846679999999999922e+01
2.626989999999999625e+01
3.765899999999999892e+01
4.623139999999999361e+01
6.024840000000000373e+01
7.311390000000000100e+01
8.669249999999998124e+01
9.476980000000001780e+01
1.059311000000000007e+02
1.170365999999999786e+02
1.252626999999999811e+02
1.333220999999999776e+02
1.377359999999999900e+02
1.450306000000000211e+02
1.507598999999999876e+02
1.542967999999999904e+02
1.596285000000000025e+02
1.623299000000000092e+02
1.657042999999999893e+02
1.704147999999999854e+02
1.719186999999999443e+02
1.748316000000000088e+02
1.783696999999999662e+02
1.796295000000000073e+02
1.823352999999999895e+02
1.829327000000000396e+02
1.850857999999999777e+02
1.856870000000000118e+02
1.876419999999999959e+02
1.879338000000000193e+02
1.894558000000000106e+02
1.901301999999999452e+02
1.915260000000000105e+02
1.923188999999999851e+02
1.923800999999999704e+02
1.934966000000000008e+02
1.940489000000000317e+02
1.951305000000000689e+02
1.948020999999999958e+02
1.952619000000000256e+02
1.957170999999999879e+02
1.962082000000000050e+02
1.966845000000000141e+02
1.968928000000000225e+02
1.972701999999999600e+02
1.972702000000000169e+02
1.974582000000000050e+02
1.974823999999999842e+02
1.978298000000000059e+02
1.980504999999999995e+02
1.981675999999999931e+02
1.983177999999999770e+02
1.984686999999999841e+02
1.986058999999999912e+02
1.986190000000000282e+02
1.988964999999999748e+02
1.989521000000000299e+02
1.988360000000000127e+02
1.990620999999999867e+02
1.990979000000000099e+02
1.992114000000000260e+02
1.990833000000000652e+02
1.993943999999999903e+02
1.992633999999999901e+02
1.995008000000000266e+02
1.995966999999999700e+02
1.995612000000000137e+02
1.995345000000000368e+02
1.995056000000000154e+02
1.995478000000000520e+02
1.996593000000000870e+02
1.993955999999999733e+02
1.997387999999999977e+02
1.998350999999999829e+02
1.997555000000000405e+02
1.998073000000000548e+02
1.998567000000000178e+02
1.998877999999999986e+02
1.998777000000000044e+02
1.999180000000000348e+02
1.998241999999999905e+02
1.998131999999999948e+02
