1.000000000000000000e+00
1.080300000000000038e+00
1.176000000000000156e+00
1.276299999999999990e+00
1.366099999999999870e+00
1.477599999999999802e+00
1.619799999999999907e+00
1.765500000000000291e+00
1.950600000000000112e+00
2.084600000000000009e+00
2.274099999999999788e+00
2.528400000000000425e+00
2.857899999999999441e+00
3.148800000000000043e+00
3.565099999999999714e+00
4.157500000000000639e+00
4.728999999999999204e+00
5.626099999999999213e+00
6.826900000000000190e+00
7.833800000000000985e+00
8.989200000000000301e+00
9.652599999999999625e+00
1.073440000000000083e+01
1.117889999999999873e+01
1.156029999999999447e+01
1.180279999999999951e+01
1.178620000000000090e+01
1.169350000000000200e+01
1.177540000000000120e+01
1.169149999999999778e+01
1.145910000000000117e+01
1.132289999999999708e+01
1.119289999999999985e+01
1.097230000000000061e+01
1.076329999999999920e+01
1.065870000000000140e+01
1.044449999999999790e+01
1.027579999999999849e+01
1.009050000000000047e+01
9.940900000000000958e+00
9.802099999999999369e+00
9.602499999999999147e+00
9.515100000000000335e+00
9.341100000000000847e+00
9.228400000000000603e+00
9.059599999999999653e+00
8.965600000000000236e+00
8.813499999999999446e+00
8.682499999999999218e+00
8.598000000000000753e+00
8.470600000000001017e+00
8.314000000000000057e+00
8.228400000000000603e+00
8.125600000000000378e+00
8.052500000000000213e+00
7.923999999999999488e+00
7.826699999999999768e+00
7.778600000000000847e+00
7.668199999999997907e+00
7.583199999999999719e+00
7.503000000000001002e+00
7.424800000000000288e+00
7.325900000000000745e+00
7.259100000000000996e+00
7.179799999999999294e+00
7.145999999999999019e+00
7.081099999999999284e+00
7.024099999999999788e+00
6.970099999999997742e+00
6.898199999999998333e+00
6.840099999999999625e+00
6.788599999999999746e+00
6.674999999999999822e+00
6.663000000000000256e+00
6.583899999999999864e+00
6.555799999999999628e+00
6.526799999999999713e+00
6.465700000000001779e+00
6.423999999999998600e+00
6.382000000000000561e+00
6.326899999999999302e+00
6.297600000000000087e+00
6.243700000000000472e+00
6.198900000000000077e+00
6.175900000000000389e+00
6.146099999999998786e+00
6.101399999999999935e+00
6.073299999999997922e+00
6.066300000000000026e+00
6.029400000000000759e+00
5.989499999999997826e+00
5.983999999999999986e+00
5.946100000000000385e+00
5.927299999999999791e+00
5.876699999999998703e+00
5.837299999999999045e+00
5.804899999999999949e+00
5.778999999999999915e+00
5.769800000000000928e+00
5.725100000000001188e+00
