1.000000000000000000e+00
1.080300000000000038e+00
1.176800000000000068e+00
1.279500000000000082e+00
1.372500000000000053e+00
1.491999999999999549e+00
1.645199999999999996e+00
1.817400000000000126e+00
2.037399999999999878e+00
2.212500000000000355e+00
2.465899999999999537e+00
2.857900000000000773e+00
3.395200000000000884e+00
4.040900000000000603e+00
4.950199999999998823e+00
6.847099999999999298e+00
8.743100000000000094e+00
1.272470000000000034e+01
1.951470000000000127e+01
2.730700000000000216e+01
3.740709999999999980e+01
4.668729999999999336e+01
6.171580000000000865e+01
7.317609999999999104e+01
8.484319999999999595e+01
9.579090000000000771e+01
1.071846999999999923e+02
1.145021000000000129e+02
1.239300999999999817e+02
1.323755000000000166e+02
1.386879999999999882e+02
1.438426000000000329e+02
1.488804999999999836e+02
1.546134999999999877e+02
1.581930999999999869e+02
1.638182999999999936e+02
1.660202000000000169e+02
1.697064000000000306e+02
1.712340000000000089e+02
1.755570000000000164e+02
1.779946999999999662e+02
1.789137000000000342e+02
1.812626000000000488e+02
1.827342999999999904e+02
1.846077999999999975e+02
1.859723000000000184e+02
1.862086999999999932e+02
1.880617000000000303e+02
1.896821000000000197e+02
1.907585000000000264e+02
1.910764000000000351e+02
1.920554000000000201e+02
1.926526000000000067e+02
1.931338999999999828e+02
1.939396000000000697e+02
1.946667000000000201e+02
1.944646999999999650e+02
1.956423000000000059e+02
1.955001000000000602e+02
1.959796000000000333e+02
1.964087000000000387e+02
1.964111999999999796e+02
1.969268999999999892e+02
1.970374999999999943e+02
1.974469000000000278e+02
1.977483999999999753e+02
1.981063000000000045e+02
1.979986999999999853e+02
1.980529000000000224e+02
1.984472999999999843e+02
1.985911999999999580e+02
1.986758000000000663e+02
1.986864000000000203e+02
1.987714000000000283e+02
1.989362000000000137e+02
1.989243999999999915e+02
1.992313999999999510e+02
1.992014999999999816e+02
1.991040000000000134e+02
1.994047000000000196e+02
1.992904999999999802e+02
1.994374999999999716e+02
1.994203999999999724e+02
1.994445000000000050e+02
1.996496999999999673e+02
1.995993999999999744e+02
1.997184999999999775e+02
1.995892999999999802e+02
1.996899999999999977e+02
1.996756000000000029e+02
1.997934999999999945e+02
1.997172000000000196e+02
1.997774000000000285e+02
1.997246000000000379e+02
1.998311000000000490e+02
1.998460000000000321e+02
1.997062000000000239e+02
1.998237000000000023e+02
1.998961999999999932e+02
1.999085000000000321e+02
