1.000000000000000000e+00
1.081599999999999895e+00
1.167000000000000259e+00
1.272400000000000198e+00
1.380499999999999838e+00
1.500200000000000422e+00
1.653300000000000436e+00
1.788800000000000168e+00
1.969600000000000017e+00
2.229000000000000092e+00
2.475500000000000256e+00
2.875899999999999679e+00
3.309100000000000374e+00
3.962899999999999423e+00
5.084399999999999586e+00
6.639500000000000846e+00
9.302600000000001756e+00
1.243730000000000047e+01
1.834980000000000189e+01
2.636870000000000047e+01
3.712879999999999825e+01
4.903679999999999950e+01
5.941919999999998936e+01
6.986719999999999686e+01
8.582799999999997453e+01
9.650009999999998911e+01
1.058566000000000003e+02
1.142295000000000300e+02
1.234500999999999777e+02
1.324140999999999906e+02
1.376839999999999691e+02
1.452377999999999929e+02
1.490352999999999781e+02
1.558618999999999915e+02
1.609804999999999779e+02
1.628038999999999987e+02
1.669830999999999790e+02
1.699181000000000381e+02
1.723768000000000029e+02
1.751231000000000222e+02
1.771236000000000388e+02
1.800986000000000047e+02
1.818141999999999712e+02
1.832407000000000039e+02
1.851137999999999977e+02
1.861967999999999677e+02
1.871103999999999701e+02
1.884427000000000021e+02
1.899947000000000230e+02
1.905897999999999968e+02
1.912557999999999367e+02
1.920147000000000048e+02
1.929205000000000325e+02
1.934491999999999905e+02
1.937500999999999749e+02
1.944640000000000271e+02
1.947703999999999951e+02
1.957484000000000037e+02
1.958412999999999613e+02
1.964070000000000107e+02
1.962730999999999710e+02
1.967174000000000262e+02
1.969211999999999989e+02
1.971850000000000023e+02
1.977183000000000277e+02
1.977190999999999974e+02
1.978067000000000064e+02
1.981308999999999685e+02
1.978679999999999950e+02
1.984190000000000111e+02
1.985042000000000257e+02
1.987081000000000586e+02
1.984211999999999989e+02
1.985847000000000548e+02
1.989521000000000015e+02
1.989313000000000216e+02
1.991576000000000306e+02
1.989984999999999786e+02
1.991565999999999690e+02
1.992653999999999996e+02
1.993657000000000039e+02
1.994300000000000068e+02
1.994879999999999427e+02
1.994414999999999907e+02
1.995729000000000042e+02
1.996276000000000295e+02
1.996646000000000356e+02
1.996491999999999507e+02
1.997154000000000451e+02
1.998446000000000140e+02
1.997170000000000130e+02
1.998261000000000536e+02
1.997361000000000502e+02
1.997628000000000270e+02
1.997073000000000320e+02
1.998368000000000109e+02
1.998716000000000008e+02
1.998101000000000624e+02
1.998575999999999908e+02
1.998988000000000227e+02
