1.000000000000000000e+00
1.081599999999999895e+00
1.166800000000000059e+00
1.269100000000000117e+00
1.374700000000000033e+00
1.485800000000000232e+00
1.627899999999999903e+00
1.744799999999999907e+00
1.894500000000000073e+00
2.108200000000000074e+00
2.286200000000000454e+00
2.536200000000000010e+00
2.795400000000000773e+00
3.160499999999999421e+00
3.571299999999999919e+00
4.117399999999999949e+00
4.848599999999999355e+00
5.566399999999999793e+00
6.658799999999998498e+00
7.738800000000002122e+00
8.881399999999999295e+00
1.002210000000000178e+01
1.053389999999999915e+01
1.110519999999999996e+01
1.160429999999999673e+01
1.166150000000000020e+01
1.186639999999999873e+01
1.180149999999999721e+01
1.185670000000000357e+01
1.172119999999999962e+01
1.147090000000000209e+01
1.144920000000000115e+01
1.119219999999999970e+01
1.096249999999999858e+01
1.088130000000000130e+01
1.067150000000000176e+01
1.052859999999999907e+01
1.027490000000000059e+01
1.013520000000000110e+01
9.966499999999999915e+00
9.835399999999999920e+00
9.660499999999998977e+00
9.493299999999999628e+00
9.387799999999998590e+00
9.219799999999999329e+00
9.069800000000000750e+00
8.966300000000000381e+00
8.806100000000000705e+00
8.695599999999998886e+00
8.578300000000000480e+00
8.421599999999997976e+00
8.359999999999999432e+00
8.268399999999999750e+00
8.131800000000003692e+00
8.020500000000000185e+00
7.948500000000001009e+00
7.806099999999999817e+00
7.779999999999998472e+00
7.682699999999998752e+00
7.596700000000001118e+00
7.500700000000000145e+00
7.426899999999999835e+00
7.338099999999999845e+00
7.325500000000000789e+00
7.242799999999999017e+00
7.138700000000000045e+00
7.130799999999998917e+00
7.035000000000000142e+00
6.960200000000001275e+00
6.916999999999998927e+00
6.826000000000001400e+00
6.769700000000000273e+00
6.712299999999999933e+00
6.678299999999999237e+00
6.611100000000000421e+00
6.560999999999999943e+00
6.473900000000001320e+00
6.473100000000000520e+00
6.426599999999999646e+00
6.360599999999999810e+00
6.331599999999997230e+00
6.266200000000000436e+00
6.262699999999998823e+00
6.227399999999999380e+00
6.180299999999999905e+00
6.138300000000000090e+00
6.123000000000001108e+00
6.108600000000000030e+00
6.045399999999998109e+00
6.030300000000000438e+00
5.992799999999999905e+00
5.960600000000002119e+00
5.941900000000000404e+00
5.882299999999999862e+00
5.903400000000000425e+00
5.832000000000001627e+00
5.808300000000000018e+00
5.780600000000000627e+00
5.752700000000000813e+00
5.711100000000000065e+00
