1.000000000000000000e+00
1.086000000000000076e+00
1.174500000000000099e+00
1.273199999999999887e+00
1.373199999999999976e+00
1.500699999999999923e+00
1.620900000000000230e+00
1.818700000000000427e+00
1.986999999999999877e+00
2.202099999999999724e+00
2.504999999999999893e+00
2.865800000000000569e+00
3.268299999999999983e+00
4.080100000000000726e+00
5.101300000000000168e+00
6.538099999999999135e+00
9.146899999999998698e+00
1.227399999999999913e+01
1.848659999999999926e+01
2.748889999999999390e+01
3.626279999999999859e+01
4.873719999999999430e+01
6.009690000000000509e+01
7.049909999999998433e+01
8.517540000000001044e+01
9.766390000000001237e+01
1.064575000000000244e+02
1.167419999999999902e+02
1.241866999999999877e+02
1.304736999999999796e+02
1.374901999999999873e+02
1.469215999999999838e+02
1.494104000000000099e+02
1.537343999999999937e+02
1.594426999999999737e+02
1.619327000000000112e+02
1.662770000000000152e+02
1.707676000000000158e+02
1.734566000000000088e+02
1.756136000000000195e+02
1.777725999999999829e+02
1.781298999999999921e+02
1.810467999999999904e+02
1.837083000000000652e+02
1.852264999999999873e+02
1.873832000000000448e+02
1.872192999999999756e+02
1.885519999999999641e+02
1.894754999999999541e+02
1.901036000000000001e+02
1.913128000000000384e+02
1.920139000000000067e+02
1.926549000000000262e+02
1.932083999999999548e+02
1.937185000000000343e+02
1.943075999999999794e+02
1.951082000000000392e+02
1.952162999999999613e+02
1.955129999999999484e+02
1.962202999999999804e+02
1.965838000000000534e+02
1.966272000000000162e+02
1.971930999999999869e+02
1.973165000000000191e+02
1.976716000000000122e+02
1.975103000000000009e+02
1.977599999999999909e+02
1.979264000000000010e+02
1.982182999999999709e+02
1.984268000000000143e+02
1.983840999999999610e+02
1.983791999999999689e+02
1.986575999999999738e+02
1.987450000000000045e+02
1.988398000000000252e+02
1.990002000000000066e+02
1.990043000000000006e+02
1.990430999999999813e+02
1.992290999999999883e+02
1.993461999999999534e+02
1.992150999999999783e+02
1.992758000000000038e+02
1.995390000000000157e+02
1.994852000000000487e+02
1.994747000000000128e+02
1.994747000000000128e+02
1.996962000000000330e+02
1.996447000000000003e+02
1.997052000000000476e+02
1.995889000000000237e+02
1.997202999999999804e+02
1.997359000000000435e+02
1.997021000000000299e+02
1.998711000000000411e+02
1.997533999999999992e+02
1.998199000000000183e+02
1.996911000000000058e+02
1.997964000000000055e+02
1.998591000000000122e+02
1.999395000000000095e+02
