1.000000000000000000e+00
1.086000000000000076e+00
1.173799999999999955e+00
1.270000000000000018e+00
1.368400000000000061e+00
1.487200000000000299e+00
1.597600000000000131e+00
1.768499999999999961e+00
1.918899999999999828e+00
2.081399999999999917e+00
2.297400000000000109e+00
2.539200000000000124e+00
2.764600000000000168e+00
3.173099999999999810e+00
3.613100000000000200e+00
4.108399999999999608e+00
4.839999999999999858e+00
5.497600000000001153e+00
6.609399999999999054e+00
7.822300000000000253e+00
8.878199999999999648e+00
9.982399999999998386e+00
1.068339999999999890e+01
1.101879999999999704e+01
1.156920000000000037e+01
1.170389999999999731e+01
1.172360000000000113e+01
1.181540000000000035e+01
1.176989999999999981e+01
1.151479999999999748e+01
1.153020000000000245e+01
1.145509999999999984e+01
1.114120000000000132e+01
1.098810000000000109e+01
1.092150000000000176e+01
1.061999999999999744e+01
1.050870000000000104e+01
1.036079999999999934e+01
1.015990000000000038e+01
9.977000000000000313e+00
9.838499999999999801e+00
9.628000000000001890e+00
9.474200000000001509e+00
9.364600000000001145e+00
9.222200000000000841e+00
9.119499999999998607e+00
8.941200000000000259e+00
8.785500000000000753e+00
8.695000000000000284e+00
8.544799999999998619e+00
8.448199999999999932e+00
8.329700000000000770e+00
8.279500000000002302e+00
8.152600000000001401e+00
8.043300000000000338e+00
7.929099999999998261e+00
7.812799999999999301e+00
7.779400000000000759e+00
7.663399999999998435e+00
7.608400000000000496e+00
7.519099999999999895e+00
7.472799999999998555e+00
7.335300000000000153e+00
7.307199999999999918e+00
7.221400000000000041e+00
7.140099999999998559e+00
7.097500000000000142e+00
7.043600000000000527e+00
6.970999999999999197e+00
6.903200000000000891e+00
6.803899999999998727e+00
6.792200000000000237e+00
6.705599999999999561e+00
6.692599999999998772e+00
6.623999999999998778e+00
6.579600000000001891e+00
6.533699999999998731e+00
6.452399999999999913e+00
6.432000000000000384e+00
6.389899999999999913e+00
6.326299999999999812e+00
6.309000000000001052e+00
6.237499999999999822e+00
6.207499999999998685e+00
6.189300000000000246e+00
6.170800000000000729e+00
6.116000000000000547e+00
6.078900000000000858e+00
6.057200000000001694e+00
6.033799999999998498e+00
6.018999999999998352e+00
5.964700000000000557e+00
5.942900000000000738e+00
5.925899999999999501e+00
5.865600000000000591e+00
5.851199999999998624e+00
5.799200000000000799e+00
5.804500000000000881e+00
5.774899999999999700e+00
5.722000000000001307e+00
