1.000000000000000000e+00
1.081099999999999950e+00
1.174400000000000110e+00
1.272700000000000164e+00
1.382599999999999829e+00
1.485899999999999999e+00
1.641000000000000236e+00
1.810699999999999310e+00
1.988600000000000145e+00
2.276400000000000645e+00
2.505599999999999827e+00
2.869200000000000195e+00
3.418699999999999850e+00
4.074799999999999756e+00
5.112899999999999778e+00
6.620199999999999640e+00
8.707599999999999341e+00
1.257460000000000022e+01
1.881840000000000046e+01
2.592960000000000065e+01
3.533220000000000027e+01
4.654390000000000072e+01
5.916309999999999292e+01
7.175659999999999172e+01
8.426520000000002142e+01
9.628800000000001091e+01
1.052930999999999955e+02
1.159479000000000042e+02
1.235364999999999753e+02
1.330181000000000324e+02
1.385627999999999815e+02
1.455088000000000079e+02
1.485326999999999771e+02
1.548641000000000076e+02
1.605851999999999862e+02
1.614573999999999501e+02
1.671491999999999791e+02
1.705615999999999701e+02
1.730681999999999903e+02
1.737824999999999704e+02
1.776057999999999311e+02
1.793751999999999782e+02
1.806961999999999477e+02
1.833674000000000035e+02
1.845229999999999961e+02
1.850859999999999843e+02
1.878143000000000029e+02
1.890529000000000224e+02
1.892391000000000361e+02
1.896467000000000098e+02
1.916288000000000125e+02
1.921098000000000070e+02
1.927441000000000031e+02
1.935008999999999730e+02
1.943297999999999490e+02
1.946546000000000163e+02
1.949401999999999759e+02
1.954578000000000202e+02
1.956102999999999952e+02
1.956957999999999913e+02
1.966048000000000400e+02
1.964449000000000183e+02
1.968449000000000240e+02
1.972293999999999983e+02
1.974313000000000216e+02
1.977031000000000063e+02
1.979244000000000199e+02
1.980148000000000366e+02
1.983563000000000045e+02
1.983921999999999457e+02
1.984832000000000107e+02
1.987249999999999943e+02
1.987802000000000078e+02
1.988186000000000035e+02
1.987154000000000167e+02
1.990289000000000215e+02
1.989381000000000199e+02
1.988939000000000021e+02
1.992999000000000080e+02
1.991622000000000412e+02
1.992540999999999940e+02
1.991372000000000071e+02
1.993485999999999763e+02
1.995181000000000040e+02
1.996827999999999861e+02
1.996842000000000610e+02
1.995311000000000092e+02
1.995993999999999744e+02
1.997641999999999882e+02
1.997261999999999773e+02
1.996717999999999620e+02
1.996947999999999865e+02
1.998574999999999875e+02
1.997563999999999851e+02
1.998110000000000355e+02
1.998396000000000186e+02
1.996487000000000194e+02
1.996673999999999864e+02
1.998670999999999935e+02
1.998894000000000233e+02
