1.000000000000000000e+00
1.081099999999999950e+00
1.173699999999999966e+00
1.269900000000000029e+00
1.375699999999999923e+00
1.475999999999999979e+00
1.616900000000000226e+00
1.766100000000000225e+00
1.911700000000000177e+00
2.147699999999999942e+00
2.309800000000000075e+00
2.541899999999999604e+00
2.859100000000000197e+00
3.189600000000000435e+00
3.642900000000000027e+00
4.173799999999999955e+00
4.733399999999999608e+00
5.534199999999999342e+00
6.649400000000000865e+00
7.635899999999999466e+00
8.756700000000000372e+00
9.675400000000001555e+00
1.054739999999999966e+01
1.109269999999999712e+01
1.150980000000000025e+01
1.175860000000000127e+01
1.188719999999999999e+01
1.178680000000000128e+01
1.165070000000000228e+01
1.165289999999999893e+01
1.150229999999999997e+01
1.145600000000000307e+01
1.116099999999999959e+01
1.108019999999999960e+01
1.087739999999999974e+01
1.063430000000000142e+01
1.055440000000000111e+01
1.036229999999999940e+01
1.023620000000000019e+01
9.914899999999999380e+00
9.845100000000000406e+00
9.691300000000000026e+00
9.459300000000000708e+00
9.339800000000002100e+00
9.257299999999998974e+00
9.098900000000000432e+00
8.950099999999999056e+00
8.838000000000000966e+00
8.697599999999999554e+00
8.590600000000000236e+00
8.467900000000000205e+00
8.375700000000000145e+00
8.245699999999999363e+00
8.147899999999999920e+00
8.042300000000000892e+00
7.952800000000000757e+00
7.856499999999999595e+00
7.769000000000001016e+00
7.674700000000000522e+00
7.604899999999998883e+00
7.435700000000001531e+00
7.435100000000000264e+00
7.370199999999998752e+00
7.267300000000000537e+00
7.220800000000000551e+00
7.173799999999999955e+00
7.090900000000000425e+00
7.047199999999999243e+00
6.959500000000000242e+00
6.903099999999999348e+00
6.861599999999999255e+00
6.768799999999998818e+00
6.713000000000000966e+00
6.677599999999999980e+00
6.601200000000001289e+00
6.566999999999999282e+00
6.501599999999999824e+00
6.459399999999999586e+00
6.425400000000000666e+00
6.391399999999999970e+00
6.330099999999999838e+00
6.294799999999998619e+00
6.258199999999999541e+00
6.232700000000001239e+00
6.161500000000001087e+00
6.193200000000000927e+00
6.116399999999999615e+00
6.106999999999999318e+00
6.059800000000000075e+00
6.043299999999999450e+00
6.026200000000001111e+00
5.990999999999998771e+00
5.938799999999999635e+00
5.916000000000000369e+00
5.879099999999999326e+00
5.830499999999999794e+00
5.836099999999999177e+00
5.795099999999999696e+00
5.806499999999999773e+00
5.731299999999999173e+00
