114 9.5275
709 8.968
1200 8.9295
766 8.824
877 8.754
389 8.4115
500 8.3655
1068 8.2405
711 8.209
1016 8.0385
435 7.8505
391 7.7705
215 7.7245
1252 7.61
875 7.502
982 7.3295
240 6.8915
1437 6.7925
526 6.6965
206 6.5755
685 6.5525
246 6.4955
311 6.4555
317 6.379
1022 6.3325
1837 6.3055
1264 6.2655
1433 6.225
994 6.184
1353 6.1505
1176 6.1485
1255 6.132
731 6.095
383 6.0775
902 6.0465
1470 5.943
1517 5.919
978 5.9005
321 5.8965
1072 5.828
88 5.753
123 5.7385
1405 5.6755
989 5.673
1426 5.654
145 5.573
1613 5.5465
1185 5.5355
169 5.4895
356 5.4245
1628 5.2935
1573 5.289
1240 5.2525
239 5.2405
719 5.1735
1645 5.1155
432 5.1135
918 5.0985
1403 5.0745
1372 5.006
75 4.971
1359 4.9635
1201 4.903
1162 4.8835
1320 4.8465
381 4.768
1456 4.768
760 4.764
1630 4.7435
1066 4.739
716 4.7305
32 4.7155
1485 4.659
1664 4.654
505 4.6
1189 4.5675
613 4.5535
899 4.5375
1480 4.5105
759 4.506
334 4.502
478 4.4965
683 4.4955
1549 4.49
379 4.4515
296 4.412
1231 4.3795
988 4.358
211 4.331
691 4.3105
619 4.288
1011 4.2825
1406 4.2805
1752 4.274
1391 4.2585
1820 4.226
618 4.212
585 4.1835
1029 4.1745
258 4.1655
1376 4.162
609 4.138
1101 4.138
1822 4.1285
548 4.1185
41 4.116
256 4.114
1411 4.113
506 4.1065
1596 4.104
29 4.1025
1462 4.0955
1328 4.083
300 4.043
610 4.04
164 4.0245
727 3.873
674 3.8665
534 3.8585
1831 3.8535
117 3.8425
560 3.8425
251 3.8375
997 3.8305
872 3.829
353 3.826
970 3.8255
1109 3.8195
1374 3.816
879 3.8115
1435 3.811
403 3.803
686 3.796
375 3.788
126 3.7855
749 3.7765
1457 3.775
1304 3.7695
452 3.7675
1339 3.765
1504 3.763
910 3.7555
1277 3.733
1799 3.7235
579 3.7155
266 3.713
149 3.7055
82 3.7045
903 3.7025
543 3.7
1631 3.697
1460 3.693
1322 3.6895
1438 3.681
1258 3.6795
237 3.6775
234 3.6705
1773 3.6635
86 3.6495
998 3.6485
964 3.6455
1823 3.644
507 3.636
1316 3.6215
758 3.615
1522 3.6125
127 3.605
293 3.604
496 3.5965
179 3.5885
576 3.587
1027 3.5805
176 3.5795
119 3.5735
1081 3.572
1700 3.564
1256 3.5615
1139 3.5585
156 3.5565
926 3.5535
508 3.5475
226 3.5465
204 3.543
343 3.5355
1067 3.5355
972 3.535
625 3.533
1540 3.5325
1847 3.526
1043 3.524
940 3.5215
60 3.5195
510 3.513
373 3.5115
1308 3.506
485 3.5055
1270 3.4945
1450 3.49
1021 3.483
595 3.474
1297 3.466
622 3.4645
588 3.464
1004 3.46
1543 3.4585
462 3.452
1047 3.4475
1783 3.444
133 3.4405
1082 3.4405
512 3.436
1617 3.4305
1408 3.4285
1390 3.426
1171 3.4145
591 3.41
134 3.389
1251 3.3695
290 3.368
189 3.3665
344 3.359
36 3.3555
615 3.3485
1402 3.347
669 3.344
545 3.3335
52 3.333
1430 3.3325
648 3.3095
612 3.3065
144 3.3055
142 3.3015
1417 3.2985
1161 3.296
665 3.29
1803 3.29
1611 3.2775
812 3.275
914 3.273
502 3.272
152 3.261
108 3.253
476 3.2395
489 3.2365
631 3.2355
963 3.2345
1312 3.229
594 3.227
605 3.224
158 3.2175
1454 3.209
1828 3.2045
1106 3.2
494 3.1995
1075 3.199
752 3.188
718 3.186
1061 3.1855
361 3.17
916 3.1605
322 3.159
1525 3.157
162 3.1545
1463 3.1525
1243 3.1505
345 3.1495
1488 3.1455
1000 3.135
1843 3.1305
262 3.1155
250 3.108
209 3.093
966 3.063
539 3.0435
828 3.043
1534 3.0395
307 3.038
1313 3.034
1244 3.0265
715 3.0155
49 3.0075
693 2.9915
778 2.98
499 2.978
1404 2.975
313 2.973
1698 2.9525
901 2.9485
1782 2.946
503 2.943
1826 2.943
337 2.9345
112 2.9275
439 2.917
39 2.9095
536 2.909
1602 2.908
436 2.903
1352 2.89
1033 2.873
944 2.872
371 2.8645
882 2.8585
1053 2.846
1321 2.8455
956 2.841
1785 2.8395
908 2.828
1671 2.812
163 2.7965
335 2.767
1094 2.7625
874 2.7455
38 2.7405
428 2.727
597 2.7195
1008 2.7155
504 2.711
735 2.71
1500 2.7065
93 2.704
1227 2.7
1523 2.6825
1807 2.6825
1497 2.6725
1520 2.6695
911 2.6615
801 2.658
30 2.6545
70 2.6515
1112 2.6445
1524 2.6395
936 2.6385
947 2.6235
1186 2.617
1421 2.616
1614 2.6
1579 2.599
1269 2.598
196 2.5885
181 2.5725
1626 2.565
1280 2.558
354 2.5525
203 2.552
1413 2.54
1834 2.5385
187 2.536
1038 2.5305
626 2.5265
1001 2.5225
1629 2.5075
444 2.502
1515 2.4975
1780 2.4915
532 2.4885
549 2.486
977 2.485
1324 2.4825
623 2.482
1682 2.4805
1281 2.4745
844 2.4705
1482 2.47
336 2.465
1250 2.456
1610 2.4555
1293 2.4535
1679 2.452
1541 2.446
1518 2.444
813 2.4395
402 2.434
567 2.4335
750 2.429
1356 2.428
37 2.4165
1221 2.4125
1567 2.4075
1214 2.381
184 2.3805
1644 2.3715
858 2.3675
1217 2.367
218 2.363
870 2.3605
984 2.3605
1835 2.358
1350 2.3505
876 2.341
1660 2.34
1090 2.332
1795 2.329
105 2.3135
173 2.3115
628 2.3085
310 2.307
406 2.306
1642 2.294
1246 2.2915
1230 2.2705
953 2.265
188 2.262
1461 2.259
460 2.2515
700 2.2465
1656 2.2415
1677 2.2415
710 2.24
525 2.237
1568 2.231
325 2.2305
1844 2.225
482 2.22
1211 2.2175
1527 2.215
1191 2.209
1484 2.205
349 2.204
91 2.2025
213 2.198
1031 2.1905
47 2.177
917 2.173
40 2.171
509 2.171
649 2.168
1318 2.1655
1548 2.161
63 2.153
726 2.153
748 2.1485
1474 2.1345
1521 2.1325
1302 2.132
78 2.13
684 2.1275
702 2.1275
1365 2.1275
1636 2.125
655 2.1225
1481 2.1215
851 2.1175
1694 2.117
238 2.114
1245 2.1
129 2.099
692 2.0975
396 2.0955
577 2.0865
1242 2.084
1423 2.084
214 2.068
632 2.066
836 2.065
85 2.061
388 2.0565
1594 2.0515
1720 2.038
1037 2.0365
1810 2.029
1054 2.0255
139 2.0245
574 2.0225
575 2.0175
1190 2.016
890 2.0125
860 2.0095
1836 2.0095
565 2.0015
925 2.0015
1048 2.0005
635 1.9975
1257 1.996
611 1.987
143 1.9775
1742 1.9715
1035 1.967
930 1.9665
775 1.963
1030 1.963
802 1.961
1310 1.9585
1440 1.956
161 1.9545
1117 1.95
791 1.9475
817 1.946
1609 1.946
315 1.9445
818 1.942
456 1.941
921 1.9355
224 1.9325
1401 1.932
1428 1.932
216 1.919
587 1.9175
137 1.914
763 1.9105
1821 1.9105
806 1.9055
1224 1.9035
1145 1.902
1254 1.899
679 1.894
814 1.894
1394 1.891
1266 1.889
1387 1.889
450 1.887
774 1.8865
1267 1.8815
713 1.88
847 1.8785
959 1.878
527 1.876
1392 1.8745
122 1.8715
89 1.8635
993 1.859
604 1.8565
830 1.8545
1542 1.85
647 1.8485
1746 1.845
1422 1.8395
1455 1.8385
34 1.8375
981 1.8365
1528 1.836
725 1.8325
732 1.8315
1536 1.8285
1104 1.8275
483 1.827
590 1.8255
1130 1.825
217 1.822
1361 1.8215
458 1.8205
99 1.819
816 1.813
1202 1.81
69 1.809
1557 1.806
227 1.8055
859 1.805
1044 1.8035
880 1.802
331 1.8005
1259 1.799
236 1.798
369 1.798
862 1.798
1737 1.7925
128 1.787
1420 1.7865
757 1.784
1451 1.7835
787 1.783
1466 1.782
382 1.78
530 1.78
1290 1.779
1228 1.7735
1447 1.7715
1225 1.771
257 1.77
689 1.7675
537 1.7665
1207 1.766
1091 1.7655
1159 1.7625
355 1.761
1018 1.7555
67 1.7535
1023 1.7535
1134 1.7525
888 1.752
94 1.749
600 1.744
688 1.7425
883 1.741
1733 1.7405
115 1.738
1476 1.738
185 1.736
1335 1.736
1375 1.736
71 1.7325
265 1.732
308 1.7315
907 1.7285
1149 1.7265
1724 1.7265
1705 1.726
1418 1.722
155 1.721
98 1.7205
1146 1.7195
1575 1.7185
1608 1.718
271 1.7175
1601 1.716
551 1.7145
1279 1.714
1368 1.7135
399 1.711
464 1.7065
1237 1.7045
1576 1.6975
1260 1.695
841 1.6945
351 1.692
1204 1.692
671 1.6915
563 1.6885
285 1.688
245 1.6875
1414 1.6865
1092 1.683
642 1.6815
53 1.68
552 1.676
943 1.675
1818 1.6725
1699 1.6715
672 1.6705
894 1.6675
1544 1.6675
513 1.664
62 1.6625
1156 1.662
1307 1.6595
1446 1.656
414 1.655
968 1.654
598 1.6515
1080 1.651
35 1.6495
1364 1.6485
1719 1.6485
1729 1.6475
1743 1.6475
1841 1.6465
603 1.646
564 1.6405
1788 1.6405
869 1.6395
1208 1.6385
468 1.635
1295 1.6345
229 1.631
228 1.63
826 1.6285
694 1.6255
1289 1.6255
1686 1.625
1298 1.624
1688 1.6235
827 1.622
201 1.6195
1346 1.6195
983 1.6165
299 1.6105
720 1.6105
1007 1.608
796 1.6065
1065 1.606
927 1.6055
1473 1.6055
522 1.6045
167 1.604
440 1.604
1292 1.604
1641 1.6025
1566 1.601
243 1.598
1633 1.595
849 1.5945
1858 1.594
819 1.5935
272 1.5925
231 1.59
1025 1.589
221 1.5855
1102 1.5835
474 1.583
592 1.583
1132 1.582
1382 1.5805
1057 1.5775
1121 1.576
1483 1.575
1170 1.574
1833 1.574
1718 1.573
1127 1.572
1582 1.5715
1593 1.571
1165 1.57
721 1.569
1704 1.5665
1400 1.5645
620 1.563
1806 1.563
855 1.561
1732 1.559
287 1.557
992 1.553
1300 1.551
51 1.5505
1040 1.549
1691 1.5485
65 1.5455
794 1.5415
1695 1.5395
535 1.5385
703 1.5385
320 1.5355
427 1.5335
475 1.533
1689 1.533
31 1.5325
657 1.532
1236 1.532
1574 1.5315
1144 1.531
1416 1.5305
138 1.53
1432 1.5295
568 1.529
1131 1.529
191 1.527
491 1.527
263 1.5235
871 1.522
59 1.5205
1303 1.5205
712 1.5185
1519 1.518
1615 1.518
891 1.5175
743 1.516
269 1.5155
540 1.514
1349 1.514
1706 1.514
1721 1.514
746 1.5135
1449 1.5135
417 1.513
1041 1.5125
937 1.512
1111 1.512
1696 1.5105
865 1.5045
823 1.504
107 1.502
193 1.5015
1354 1.5015
1499 1.501
56 1.5
697 1.494
1603 1.494
1286 1.492
1508 1.4915
225 1.4905
264 1.4875
1262 1.487
1118 1.486
1032 1.4855
1555 1.4855
1429 1.485
805 1.4845
808 1.484
160 1.4785
1263 1.478
1219 1.477
1410 1.4765
303 1.475
747 1.475
484 1.4745
803 1.4725
544 1.471
854 1.471
104 1.47
33 1.4685
254 1.4685
793 1.4685
154 1.464
1319 1.464
297 1.461
1738 1.4605
208 1.459
459 1.459
1475 1.4585
1618 1.4575
1362 1.4555
729 1.455
368 1.454
1370 1.4535
1790 1.4535
909 1.45
1662 1.449
1659 1.4485
1329 1.448
572 1.446
838 1.446
881 1.4455
1006 1.444
1163 1.4435
1383 1.44
1265 1.4395
1348 1.4375
782 1.437
101 1.433
1736 1.431
957 1.4305
1716 1.429
667 1.428
1489 1.428
1220 1.4275
975 1.427
820 1.426
1360 1.4255
447 1.4245
314 1.424
976 1.4225
72 1.4215
1024 1.4185
553 1.4165
471 1.415
1570 1.4145
470 1.4135
1537 1.4125
386 1.412
892 1.4115
1683 1.411
739 1.4105
1505 1.41
582 1.4095
352 1.4075
1397 1.4075
233 1.407
593 1.407
967 1.4055
1351 1.4055
696 1.404
1180 1.404
1317 1.404
207 1.403
1684 1.4025
121 1.4015
397 1.401
1533 1.4005
1060 1.4
949 1.3995
1287 1.3995
350 1.399
701 1.399
481 1.3965
1141 1.3965
1168 1.3965
151 1.3955
393 1.395
420 1.394
1157 1.3935
223 1.393
656 1.393
1622 1.392
1143 1.3915
387 1.391
653 1.391
1129 1.3905
1395 1.39
1789 1.3885
259 1.3875
1136 1.386
1347 1.3855
157 1.3845
596 1.383
113 1.3825
120 1.382
1445 1.382
1597 1.382
268 1.3805
1305 1.3795
1512 1.379
1248 1.3775
687 1.374
466 1.3735
1299 1.3735
1739 1.372
573 1.3715
960 1.3705
1709 1.3705
753 1.37
1711 1.37
962 1.369
1808 1.3685
1685 1.3675
80 1.367
1229 1.367
1034 1.362
832 1.36
1479 1.3595
174 1.359
365 1.358
1327 1.3565
1358 1.3565
102 1.356
390 1.356
1107 1.356
608 1.355
1282 1.3545
771 1.353
55 1.3525
278 1.3525
1222 1.351
364 1.3505
706 1.3505
1085 1.349
1452 1.3485
50 1.348
182 1.348
941 1.348
1181 1.348
170 1.3475
788 1.347
20 1.3465
455 1.3465
110 1.3455
637 1.345
347 1.344
1563 1.344
68 1.3435
210 1.3435
1028 1.342
284 1.3415
738 1.3415
780 1.3415
915 1.339
1015 1.339
1341 1.3375
1681 1.3375
1166 1.337
1632 1.337
1723 1.337
64 1.336
1074 1.336
441 1.3355
1309 1.3355
1809 1.3355
887 1.335
1652 1.3315
1775 1.331
1802 1.3305
219 1.33
1749 1.33
1764 1.33
283 1.3275
938 1.3275
1830 1.3275
895 1.327
517 1.326
1829 1.326
448 1.3255
1514 1.323
1336 1.3225
1655 1.3215
638 1.321
1355 1.321
1816 1.321
384 1.3165
1762 1.311
1377 1.3105
302 1.31
644 1.3095
79 1.3055
651 1.3055
118 1.3035
327 1.303
680 1.303
1113 1.303
1600 1.303
1786 1.3025
634 1.302
449 1.301
1120 1.298
1073 1.297
372 1.296
676 1.2955
1787 1.2955
1442 1.2945
159 1.294
1506 1.293
1552 1.293
1272 1.2925
846 1.292
487 1.2905
1848 1.2905
1133 1.2895
733 1.2885
1701 1.286
140 1.2855
498 1.284
1478 1.284
662 1.283
741 1.283
330 1.282
951 1.282
1735 1.282
681 1.2815
1813 1.281
424 1.2785
1128 1.2785
1824 1.277
445 1.2765
673 1.2765
1097 1.2765
1827 1.2745
630 1.274
1284 1.2735
1569 1.2725
1774 1.2725
1634 1.2715
1409 1.271
294 1.27
1590 1.27
1526 1.2695
524 1.269
135 1.2685
933 1.2685
557 1.268
1019 1.268
843 1.267
493 1.266
773 1.2655
986 1.265
416 1.2645
1366 1.2645
1561 1.264
979 1.2635
87 1.263
520 1.263
1182 1.263
945 1.2625
1558 1.261
1635 1.2605
1088 1.2595
737 1.259
165 1.258
1495 1.258
1654 1.255
995 1.2535
1819 1.2535
1769 1.253
1710 1.252
1811 1.252
928 1.251
12 1.2505
326 1.2495
528 1.249
96 1.2485
324 1.2485
150 1.248
736 1.2475
323 1.2465
1153 1.246
1580 1.245
607 1.244
765 1.244
1588 1.243
339 1.2415
561 1.241
306 1.2405
973 1.2405
1363 1.2405
678 1.24
1009 1.24
538 1.2395
1084 1.239
1086 1.238
1378 1.2375
100 1.237
437 1.237
555 1.237
1604 1.237
809 1.2345
1323 1.234
955 1.2335
1338 1.2335
1510 1.2335
965 1.233
939 1.232
1702 1.232
1412 1.2315
1175 1.231
950 1.2305
730 1.23
1152 1.23
66 1.2295
480 1.2285
829 1.2285
1722 1.2285
769 1.2275
45 1.226
705 1.2255
852 1.225
1271 1.225
461 1.224
332 1.2235
873 1.2235
1427 1.2235
83 1.222
253 1.2195
467 1.2195
1453 1.2185
398 1.217
1578 1.217
1193 1.2165
43 1.2155
57 1.2155
1741 1.2155
1441 1.2145
333 1.214
429 1.214
1212 1.214
281 1.2135
848 1.2135
1605 1.213
1326 1.2125
11 1.212
1616 1.212
1672 1.211
242 1.21
1314 1.21
1776 1.21
273 1.2095
1493 1.2095
1516 1.2095
1494 1.2085
935 1.208
948 1.2075
1337 1.2075
742 1.206
1123 1.206
1562 1.2055
1665 1.2055
1546 1.2045
1424 1.204
682 1.2035
845 1.2035
423 1.203
1800 1.203
677 1.2025
1063 1.2025
1110 1.202
1814 1.2015
178 1.201
1388 1.201
724 1.2005
1340 1.2
1425 1.2
1486 1.2
131 1.1985
1649 1.1985
241 1.198
81 1.1975
492 1.197
627 1.197
810 1.197
835 1.1965
602 1.1955
1012 1.1955
850 1.1945
366 1.1935
1585 1.1935
74 1.193
660 1.193
232 1.1925
255 1.1925
1122 1.1925
1345 1.1925
411 1.1915
717 1.191
1216 1.191
1343 1.191
1203 1.19
1619 1.19
1734 1.19
130 1.189
1771 1.189
640 1.1885
357 1.188
562 1.1875
1051 1.1875
1591 1.187
1592 1.187
1651 1.187
1730 1.187
202 1.1865
580 1.1865
58 1.185
1419 1.185
1607 1.185
755 1.1845
1234 1.1835
1241 1.1835
1330 1.1835
1188 1.183
1577 1.183
1599 1.183
868 1.1825
48 1.1815
761 1.1815
220 1.181
519 1.181
1838 1.181
177 1.18
346 1.18
446 1.18
1238 1.18
1210 1.179
1845 1.179
1108 1.1785
1501 1.1785
842 1.178
76 1.177
559 1.177
106 1.1765
856 1.1765
912 1.1765
1005 1.1765
267 1.176
116 1.175
521 1.174
1315 1.174
1239 1.1735
1434 1.1735
1564 1.1735
341 1.173
1384 1.173
442 1.1725
465 1.172
898 1.172
556 1.1715
1283 1.1715
378 1.1705
589 1.1705
1268 1.1705
1556 1.1705
1275 1.17
443 1.169
529 1.169
714 1.167
1825 1.166
183 1.1655
279 1.165
1728 1.165
1399 1.1635
1539 1.163
4 1.1625
1288 1.1625
374 1.1615
1058 1.1615
804 1.1605
1581 1.16
1770 1.16
1855 1.16
511 1.1595
1071 1.1595
1673 1.1595
312 1.159
1477 1.1585
27 1.158
1765 1.1575
1798 1.157
1650 1.1565
546 1.156
1503 1.156
690 1.1555
454 1.155
309 1.154
867 1.1535
744 1.153
834 1.1525
1839 1.1525
633 1.151
1443 1.151
1621 1.151
1226 1.1505
617 1.15
1794 1.1495
786 1.1485
1768 1.1485
722 1.148
1076 1.147
230 1.1455
473 1.1455
1727 1.1455
1612 1.145
864 1.1445
1285 1.1445
282 1.144
136 1.1435
584 1.1435
913 1.1435
1069 1.143
1748 1.143
900 1.1425
1703 1.142
1535 1.1415
1154 1.1405
772 1.14
1232 1.1385
624 1.138
1779 1.138
1087 1.137
1206 1.137
1550 1.137
1595 1.137
1095 1.1365
1772 1.1355
614 1.135
13 1.1345
1050 1.1345
404 1.134
606 1.134
367 1.1325
1529 1.131
421 1.1305
897 1.1305
316 1.13
479 1.1295
663 1.1295
919 1.1295
198 1.129
463 1.1285
768 1.1285
923 1.1285
1173 1.1285
426 1.127
1793 1.127
1079 1.1265
1386 1.1265
1707 1.126
274 1.1255
501 1.125
566 1.125
1179 1.125
863 1.1245
1744 1.1245
675 1.124
1046 1.124
658 1.1235
1049 1.1235
358 1.123
704 1.1225
141 1.121
779 1.1205
1464 1.12
1663 1.12
922 1.1185
328 1.118
252 1.1155
824 1.1155
784 1.115
971 1.115
1678 1.115
1747 1.115
1661 1.1135
1690 1.1135
822 1.1125
1778 1.1125
825 1.111
1306 1.11
8 1.1095
800 1.1095
558 1.109
1385 1.109
1148 1.1085
1273 1.1085
1784 1.1085
392 1.1075
654 1.1075
16 1.107
418 1.107
431 1.1065
1767 1.1065
893 1.106
1791 1.105
833 1.1045
601 1.1025
990 1.1025
1172 1.1025
698 1.102
792 1.1015
878 1.1015
1164 1.1
734 1.0995
1781 1.099
857 1.0975
1249 1.0975
1675 1.0975
1713 1.097
1465 1.0945
1725 1.0945
132 1.0935
1637 1.0925
1042 1.092
1194 1.092
1325 1.0915
795 1.091
1714 1.0895
1458 1.089
1646 1.089
148 1.088
289 1.088
840 1.088
1126 1.088
1247 1.088
1796 1.088
1439 1.087
1178 1.0855
1846 1.0855
1804 1.085
821 1.0845
1137 1.0845
1223 1.0845
664 1.084
831 1.084
764 1.0835
920 1.0835
1 1.083
1726 1.083
1731 1.083
405 1.0815
1586 1.0805
798 1.08
146 1.0795
348 1.0795
646 1.079
1150 1.079
1115 1.0785
1759 1.0785
10 1.078
6 1.0775
969 1.0755
974 1.0755
1098 1.0755
1274 1.0745
153 1.074
1192 1.074
415 1.0735
1167 1.0735
1398 1.0735
338 1.073
861 1.0725
1763 1.072
1235 1.0705
3 1.07
1643 1.0695
318 1.069
319 1.069
1842 1.069
97 1.0685
1195 1.0685
645 1.068
360 1.067
1815 1.065
1379 1.064
1083 1.0635
1507 1.0635
1653 1.0635
569 1.063
1583 1.063
9 1.0625
999 1.0625
1197 1.0625
1715 1.0625
14 1.0615
866 1.0615
839 1.061
1099 1.061
756 1.0605
961 1.06
1177 1.06
1708 1.06
73 1.059
21 1.0585
929 1.0585
1547 1.0575
1777 1.057
286 1.0565
340 1.0565
533 1.0565
789 1.056
837 1.056
1174 1.056
171 1.0555
172 1.0555
815 1.0555
1036 1.055
643 1.0545
15 1.054
23 1.054
24 1.054
542 1.054
550 1.054
1817 1.0535
92 1.053
19 1.0525
249 1.0525
1100 1.052
1648 1.0515
7 1.051
410 1.051
1584 1.051
1589 1.051
1849 1.051
2 1.05
205 1.05
783 1.05
1545 1.05
541 1.049
1801 1.0485
1431 1.048
22 1.0475
1151 1.0475
168 1.047
342 1.0465
1511 1.0465
425 1.046
329 1.0455
17 1.045
1856 1.045
413 1.0445
1089 1.0445
1587 1.0445
433 1.044
1854 1.044
1415 1.0435
370 1.0425
781 1.0425
1687 1.042
1805 1.042
670 1.0395
1467 1.039
1753 1.0385
434 1.037
277 1.0365
1138 1.0365
1077 1.036
531 1.0345
1078 1.0335
1832 1.033
180 1.0315
377 1.0305
661 1.0305
1155 1.03
516 1.0295
1357 1.0295
1119 1.029
1676 1.029
1745 1.0285
1373 1.028
889 1.0275
1740 1.026
457 1.025
518 1.0235
1496 1.022
5 1.0
18 1.0
25 1.0
26 1.0
28 1.0
42 1.0
44 1.0
46 1.0
54 1.0
61 1.0
77 1.0
84 1.0
90 1.0
95 1.0
103 1.0
109 1.0
111 1.0
124 1.0
125 1.0
147 1.0
166 1.0
175 1.0
186 1.0
190 1.0
192 1.0
194 1.0
195 1.0
197 1.0
199 1.0
200 1.0
212 1.0
222 1.0
235 1.0
244 1.0
247 1.0
248 1.0
260 1.0
261 1.0
270 1.0
275 1.0
276 1.0
280 1.0
288 1.0
291 1.0
292 1.0
295 1.0
298 1.0
301 1.0
304 1.0
305 1.0
359 1.0
362 1.0
363 1.0
376 1.0
380 1.0
385 1.0
394 1.0
395 1.0
400 1.0
401 1.0
407 1.0
408 1.0
409 1.0
412 1.0
419 1.0
422 1.0
430 1.0
438 1.0
451 1.0
453 1.0
469 1.0
472 1.0
477 1.0
486 1.0
488 1.0
490 1.0
495 1.0
497 1.0
514 1.0
515 1.0
523 1.0
547 1.0
554 1.0
570 1.0
571 1.0
578 1.0
581 1.0
583 1.0
586 1.0
599 1.0
616 1.0
621 1.0
629 1.0
636 1.0
639 1.0
641 1.0
650 1.0
652 1.0
659 1.0
666 1.0
668 1.0
695 1.0
699 1.0
707 1.0
708 1.0
723 1.0
728 1.0
740 1.0
745 1.0
751 1.0
754 1.0
762 1.0
767 1.0
770 1.0
776 1.0
777 1.0
785 1.0
790 1.0
797 1.0
799 1.0
807 1.0
811 1.0
853 1.0
884 1.0
885 1.0
886 1.0
896 1.0
904 1.0
905 1.0
906 1.0
924 1.0
931 1.0
932 1.0
934 1.0
942 1.0
946 1.0
952 1.0
954 1.0
958 1.0
980 1.0
985 1.0
987 1.0
991 1.0
996 1.0
1002 1.0
1003 1.0
1010 1.0
1013 1.0
1014 1.0
1017 1.0
1020 1.0
1026 1.0
1039 1.0
1045 1.0
1052 1.0
1055 1.0
1056 1.0
1059 1.0
1062 1.0
1064 1.0
1070 1.0
1093 1.0
1096 1.0
1103 1.0
1105 1.0
1114 1.0
1116 1.0
1124 1.0
1125 1.0
1135 1.0
1140 1.0
1142 1.0
1147 1.0
1158 1.0
1160 1.0
1169 1.0
1183 1.0
1184 1.0
1187 1.0
1196 1.0
1198 1.0
1199 1.0
1205 1.0
1209 1.0
1213 1.0
1215 1.0
1218 1.0
1233 1.0
1253 1.0
1261 1.0
1276 1.0
1278 1.0
1291 1.0
1294 1.0
1296 1.0
1301 1.0
1311 1.0
1331 1.0
1332 1.0
1333 1.0
1334 1.0
1342 1.0
1344 1.0
1367 1.0
1369 1.0
1371 1.0
1380 1.0
1381 1.0
1389 1.0
1393 1.0
1396 1.0
1407 1.0
1436 1.0
1444 1.0
1448 1.0
1459 1.0
1468 1.0
1469 1.0
1471 1.0
1472 1.0
1487 1.0
1490 1.0
1491 1.0
1492 1.0
1498 1.0
1502 1.0
1509 1.0
1513 1.0
1530 1.0
1531 1.0
1532 1.0
1538 1.0
1551 1.0
1553 1.0
1554 1.0
1559 1.0
1560 1.0
1565 1.0
1571 1.0
1572 1.0
1598 1.0
1606 1.0
1620 1.0
1623 1.0
1624 1.0
1625 1.0
1627 1.0
1638 1.0
1639 1.0
1640 1.0
1647 1.0
1657 1.0
1658 1.0
1666 1.0
1667 1.0
1668 1.0
1669 1.0
1670 1.0
1674 1.0
1680 1.0
1692 1.0
1693 1.0
1697 1.0
1712 1.0
1717 1.0
1750 1.0
1751 1.0
1754 1.0
1755 1.0
1756 1.0
1757 1.0
1758 1.0
1760 1.0
1761 1.0
1766 1.0
1792 1.0
1797 1.0
1812 1.0
1840 1.0
1850 1.0
1851 1.0
1852 1.0
1853 1.0
1857 1.0
