   0.42545
   0.42433
   0.42453
   0.42685
   0.42776
   0.42719
   0.42035
   0.42400
   0.42299
   0.42546
   0.42270
   0.43505
   0.42788
   0.42687
   0.42334
   0.42267
   0.42319
   0.43555
   0.42487
   0.42636
   0.43052
   0.42536
   0.42712
   0.43678
   0.42959
   0.42541
   0.42501
   0.42261
   0.42790
   0.42804
   0.42497
   0.42884
   0.42525
   0.42145
   0.42917
   0.42547
   0.42097
   0.42829
   0.43282
   0.42042
   0.43134
   0.42606
   0.42024
   0.43087
   0.42302
   0.42338
   0.41844
   0.42250
   0.42169
   0.42738
   0.43646
   0.43041
   0.42913
   0.43955
   0.43816
   0.42978
   0.42059
   0.43577
   0.43573
   0.42610
   0.42469
   0.44191
   0.41934
   0.43681
   0.43170
   0.42429
   0.43322
   0.43445
   0.42332
   0.41726
   0.42943
   0.43840
   0.44122
   0.43743
   0.43901
   0.43592
   0.44217
   0.42860
   0.42817
   0.41560
   0.44537
   0.44530
   0.42246
   0.44463
   0.43171
   0.43835
   0.41315
   0.42148
   0.42951
   0.43317
   0.42838
   0.42845
   0.43042
   0.43643
   0.42238
   0.43179
   0.44436
   0.42857
   0.42850
   0.42615
   0.42144
   0.42754
   0.43843
   0.43160
   0.44367
   0.42730
   0.42565
   0.43382
   0.43858
   0.42809
   0.44040
   0.44002
   0.43632
   0.43706
   0.44239
   0.43625
   0.43866
   0.42625
   0.43346
   0.41825
   0.42645
   0.45648
   0.42241
   0.42850
   0.41863
   0.42797
   0.43164
   0.44393
   0.44078
   0.43071
   0.41782
   0.42939
   0.43373
   0.43247
   0.41111
   0.42285
   0.43372
   0.44111
   0.43474
   0.44824
   0.42953
   0.43890
   0.41197
   0.42742
   0.45223
   0.42240
   0.43849
   0.43204
   0.44097
   0.42467
   0.42119
   0.43569
   0.42533
   0.42813
   0.42488
   0.44308
   0.41764
   0.42344
   0.40878
   0.43086
   0.43480
   0.44664
   0.43109
   0.40118
   0.42354
   0.40372
   0.42775
   0.42223
   0.42518
   0.40719
   0.41904
   0.41051
   0.41243
   0.38760
   0.41321
   0.41691
   0.41626
   0.41997
   0.41953
   0.41939
   0.42013
   0.41987
   0.42499
   0.41319
   0.40994
   0.41503
   0.42076
   0.40295
   0.41166
   0.40914
   0.41373
   0.40839
   0.40738
   0.41375
   0.41462
   0.41520
   0.42198
   0.40803
   0.41229
   0.41841
   0.41749
   0.41444
   0.41332
   0.41207
   0.42010
   0.42861
   0.42139
   0.41907
   0.41955
   0.41975
   0.42139
   0.42030
   0.42020
   0.42149
   0.41922
   0.41437
   0.41617
   0.41280
   0.41425
   0.42348
   0.43165
   0.42729
   0.42958
   0.42922
   0.42608
   0.42717
   0.42655
   0.42688
   0.42993
   0.43231
   0.43313
   0.43324
   0.43971
   0.43602
   0.44308
   0.44046
   0.44347
   0.44632
   0.44706
   0.45041
   0.45202
   0.44842
   0.44768
   0.44960
   0.44933
   0.45169
   0.45865
   0.45441
   0.46156
   0.46279
   0.46648
   0.47327
   0.47537
   0.47801
   0.48123
   0.47773
   0.48187
   0.48668
   0.49069
   0.48703
   0.48484
   0.49415
   0.49171
   0.49393
   0.49936
   0.50029
   0.50160
   0.50082
   0.50529
   0.50994
   0.51136
   0.50929
   0.50945
   0.50843
   0.51501
   0.51805
   0.51940
   0.52137
   0.52016
   0.52180
   0.52377
   0.52655
   0.53038
   0.52737
   0.52986
   0.53606
   0.53621
   0.54571
   0.56176
   0.55705
   0.56643
   0.56980
   0.56728
   0.57097
   0.56860
   0.56771
   0.57679
   0.57719
   0.57853
   0.58353
   0.58492
   0.58738
   0.58858
   0.59108
   0.59449
   0.59461
   0.59749
   0.60846
   0.60734
   0.60580
   0.60868
   0.61396
   0.61404
   0.61988
   0.62249
   0.62362
   0.62331
   0.62655
   0.62516
   0.62517
   0.62607
   0.62826
   0.62898
   0.62501
   0.61784
   0.61744
   0.62069
   0.61818
   0.61307
   0.61451
   0.61328
   0.61288
   0.60876
   0.61053
   0.61155
   0.61244
   0.61008
   0.60435
   0.59711
   0.59450
   0.58757
   0.58848
   0.59605
   0.60001
   0.59781
   0.59247
   0.58858
   0.58544
   0.59442
   0.59127
   0.59058
   0.58988
   0.60017
   0.60513
   0.62339
   0.61233
   0.61918
   0.65283
   0.65275
   0.63270
   0.63347
   0.62793
   0.60299
   0.60271
   0.64322
   0.63720
   0.66989
   0.66440
   0.66422
   0.64451
   0.61963
   0.68492
   0.67350
   0.67265
   0.68715
   0.67448
   0.68524
   0.68925
   0.69330
   0.62504
   0.57417
   0.57522
   0.55200
   0.59241
   0.60437
   0.63178
   0.42990
   0.42990
   0.42809
   0.27639
   0.40363
   0.00000
