5.012600614457314308e-01
5.020721208495129151e-01
5.115835649381084149e-01
5.204054273669187491e-01
5.302707811839186824e-01
5.447103247110989255e-01
5.568217045233403439e-01
5.741264247400138521e-01
5.905257603410017930e-01
6.033220297673168586e-01
6.189278343168667096e-01
6.378745142386700318e-01
6.504090484960233232e-01
6.719266909260632747e-01
6.867852552706023017e-01
6.994013083158765465e-01
7.155359564744748768e-01
7.282125264529927255e-01
7.394758126623172112e-01
7.513468974405039802e-01
7.590420072511928629e-01
7.730001642416228780e-01
7.842804041091444578e-01
7.929604777665646420e-01
7.985236216758646588e-01
8.122032580319545891e-01
8.201690830842981450e-01
8.252213252867989235e-01
8.328328957709631997e-01
8.387387970678705784e-01
8.455808693856570191e-01
8.513330784870991597e-01
8.561856486709368275e-01
8.599345028684796111e-01
8.663722240754084813e-01
8.694976284278542744e-01
8.741374867550378847e-01
8.777760958990248330e-01
8.799964831682416389e-01
8.843141054115835065e-01
8.865437072445399025e-01
8.914149681891314625e-01
8.942404838549664614e-01
8.973824000257433209e-01
8.999864898450514739e-01
9.022314034539220540e-01
9.042529347511175652e-01
9.049982674359799972e-01
9.076082916140982837e-01
9.094998022977950347e-01
9.105518190151290492e-01
9.138362247607096922e-01
9.141475754764833983e-01
9.165480358513761194e-01
9.178084955314280702e-01
9.187119650627384448e-01
9.191629527497070518e-01
9.205323146104884557e-01
9.221846675639561175e-01
9.225424746492484340e-01
9.246784749535263970e-01
9.251571953226236378e-01
9.269610606392246765e-01
9.278018374095500231e-01
9.286009370671592933e-01
9.285804228826668449e-01
9.293636336583126489e-01
9.304589916183733100e-01
9.309142971442782022e-01
9.317014951576310100e-01
9.320505860282775057e-01
9.321648490214042848e-01
9.335345779696881952e-01
9.338531756601888834e-01
9.344232683356781255e-01
9.347331676097150321e-01
9.350266013406942633e-01
9.360508382107175507e-01
9.360409517656098632e-01
9.369000197275048070e-01
9.371306543533624023e-01
9.372281167526560486e-01
9.372883235525799606e-01
9.375078552275948329e-01
9.379837679334925848e-01
9.379386054917997484e-01
9.383448098383511127e-01
9.389909056451811731e-01
9.392630087000718442e-01
9.391308798919238976e-01
9.394140636499296315e-01
9.392608288677397610e-01
9.395662777063851223e-01
9.394953857679400056e-01
9.394624853836880396e-01
9.398618334256051421e-01
9.398222427047654426e-01
9.399428952452050234e-01
9.399992674268317083e-01
