5.001631660163614601e-01
5.076486322422842923e-01
5.244159666665338948e-01
5.513509160235225970e-01
5.881371248562068388e-01
6.271957626604773850e-01
6.702500872249004260e-01
7.156501282265814723e-01
7.590229300439447213e-01
8.013493357877496948e-01
8.393559238536938416e-01
8.726649603639072827e-01
9.036396213852756487e-01
9.276307860062071864e-01
9.466193435265428668e-01
9.639583117898961051e-01
9.752515047421534966e-01
9.844616921019941902e-01
9.907843067366777223e-01
9.956983865793023192e-01
