4.999855577044609589e-01
5.108202014091081100e-01
5.396267069902455082e-01
5.764350002395751682e-01
6.178563778606043222e-01
6.629823086122211828e-01
7.062332116126421866e-01
7.421319953233235234e-01
7.728901844235654961e-01
8.046765462759206677e-01
8.295677569571188181e-01
8.506392253857190111e-01
8.689952277470550657e-01
8.830912859644054480e-01
8.964018975784359133e-01
9.072910100827488167e-01
9.171414604456450403e-01
9.252431824721266684e-01
9.322704847678747742e-01
9.387210335505044023e-01
