5.248143259844980646e-01
6.377079859997236699e-01
6.787842480931718381e-01
7.002105754542734539e-01
7.074045210664878791e-01
7.100681715887479095e-01
7.124675207755235551e-01
7.117475222235616350e-01
7.103482975646671083e-01
7.078966539682287618e-01
7.060061044761006821e-01
7.050300207002559993e-01
7.035729797444453260e-01
7.037104184571367771e-01
7.029439715223860796e-01
7.020343445480802247e-01
7.021972180726432367e-01
7.023361335569874297e-01
7.026135335080404554e-01
7.026976407543237269e-01
