6.081989188866903095e-01
7.304883770021658451e-01
7.442970155668963139e-01
7.482695971174038174e-01
7.494478998153174532e-01
7.518200014437839140e-01
7.517622172910062295e-01
7.532995160156679137e-01
7.540266025156868723e-01
7.542925565618606720e-01
7.568754100638511728e-01
7.561555030526456722e-01
7.564356905576329337e-01
7.575563575931139049e-01
7.584557688975905876e-01
7.593121904819355450e-01
7.605101271187778567e-01
7.610616820356367329e-01
7.623382398404214833e-01
7.632009177864941263e-01
