5.354725766146768429e-01
5.894866958056128592e-01
6.197980501700135481e-01
6.459780335906512017e-01
6.639815749483044538e-01
6.782827171430699797e-01
6.906388192871208975e-01
6.985820873686410248e-01
7.036375692852075980e-01
7.102397194408508474e-01
7.142834169853816695e-01
7.188738364127095215e-01
7.227465054426662761e-01
7.245221708748630363e-01
7.259191986745907599e-01
7.293312592103367020e-01
7.332993883441201177e-01
7.343992456845727101e-01
7.362083850474341329e-01
7.364829589349313199e-01
7.376804637757696792e-01
7.398127104434784052e-01
7.411073751145179633e-01
7.431867402690308655e-01
7.409658679993564867e-01
7.442648237586648730e-01
7.450048654889942501e-01
7.457983782972955611e-01
7.467885227498318734e-01
7.469151830665820002e-01
7.478377171204663165e-01
7.495021594890098893e-01
7.496068466153038568e-01
7.503613360198146953e-01
7.508246075669966491e-01
7.512206309085293077e-01
7.518315303656383231e-01
7.520898487286242773e-01
7.520611117840801940e-01
7.525807799853890812e-01
7.528347831791659672e-01
7.543209202464535856e-01
7.542954239058843324e-01
7.543248985850693478e-01
7.553369170031976054e-01
7.546766769811876774e-01
7.554759955564346319e-01
7.555789233324446963e-01
7.558406549417703291e-01
7.563056756052815022e-01
7.569182285134919974e-01
7.570231501308326560e-01
7.573660267662586376e-01
7.577367406481322343e-01
7.574720674442881885e-01
7.577372345476807158e-01
7.578502089524356000e-01
7.581427225174089957e-01
7.586011885554700962e-01
7.584146693932531935e-01
7.588672344440953177e-01
7.591680628747119464e-01
7.593997680612123435e-01
7.594234641156792920e-01
7.597713309163640627e-01
7.598278485981281305e-01
7.602823625498913440e-01
7.603158155676923435e-01
7.604133380358500949e-01
7.605163970734520884e-01
7.605584337094433156e-01
7.606564140358313963e-01
7.608552673381254738e-01
7.610544788288311491e-01
7.613694875159459086e-01
7.610578600384434456e-01
7.613895527412990472e-01
7.613260439336729801e-01
7.615055857636187087e-01
7.617191403641870862e-01
7.615809348117736910e-01
7.620251302675632443e-01
7.620413381819377552e-01
7.622532629139959770e-01
7.624045278824003180e-01
7.623556077995476965e-01
7.625291814541378388e-01
7.627367830078051192e-01
7.625657269060490684e-01
7.627746045893608606e-01
7.629201754744114883e-01
7.629956922704310696e-01
7.631710497478050303e-01
7.632350395512979002e-01
7.631643429478993657e-01
7.633592824299871848e-01
7.633392541358614558e-01
7.634140447660584528e-01
7.635558188539487423e-01
