1.000000000000000021e-02
6.000000000000000472e-02
1.100000000000000144e-01
1.600000000000000311e-01
2.100000000000000200e-01
2.600000000000000089e-01
3.099999999999999978e-01
3.599999999999999867e-01
4.099999999999999756e-01
4.599999999999999645e-01
5.100000000000000089e-01
5.600000000000000533e-01
6.100000000000000977e-01
6.600000000000001421e-01
7.100000000000001865e-01
7.600000000000002309e-01
8.100000000000002753e-01
8.600000000000003197e-01
9.100000000000003642e-01
9.600000000000004086e-01
