5.039893950475896611e-01
5.392005369375868495e-01
5.871965622041550592e-01
6.504877247196564349e-01
7.148798107084749498e-01
7.709952932482173615e-01
8.220998869655896657e-01
8.611113315710288152e-01
8.966007292195147249e-01
9.218981688451256540e-01
9.433537285852403587e-01
9.590404606887528161e-01
9.718476556231220309e-01
9.813737370721526965e-01
9.870773578276600402e-01
9.912631763872756796e-01
9.944869398508250358e-01
9.966752271752974401e-01
9.980626857922932915e-01
9.988933877930642469e-01
