5.075522584878371379e-01
5.313404025279540033e-01
5.888224220481457216e-01
6.638502455010022452e-01
6.958772807524729043e-01
7.233707479742911284e-01
7.496324286096235356e-01
7.688970140951278953e-01
7.832013592952090653e-01
7.964612299800264417e-01
8.060469138450881976e-01
8.190305910078530260e-01
8.287291625115328353e-01
8.390203471752523123e-01
8.467388337855197289e-01
8.511341947054182899e-01
8.589028959937966556e-01
8.641474566736186969e-01
8.697680753619163596e-01
8.761008324583450246e-01
8.795716501320962610e-01
8.850624139524645440e-01
8.901578632438958971e-01
8.919783384913058111e-01
8.965035800864971094e-01
9.000818876552415526e-01
9.026813105687704342e-01
9.058826873506934385e-01
9.088381241826851697e-01
9.117515484062315156e-01
9.144527604570814594e-01
9.171353273550190144e-01
9.184703538531302502e-01
9.214217171262329975e-01
9.233833835710747451e-01
9.251578200388094197e-01
9.273417268194785734e-01
9.285116426985075000e-01
9.296017964701721592e-01
9.320775502739016005e-01
9.340604855461499545e-01
9.361372797532829804e-01
9.379514740222898439e-01
9.389502085448573343e-01
9.413911043867997375e-01
9.429783644944494947e-01
9.443062423527885940e-01
9.460187760763389964e-01
9.471830029889911629e-01
9.488664037584492172e-01
9.495138769220835551e-01
9.512048040977253427e-01
9.528748771435996412e-01
9.545375343544957314e-01
9.559052685715394571e-01
9.576193120258720270e-01
9.580464666123728046e-01
9.602918836873148845e-01
9.619783513059967373e-01
9.629315487351417513e-01
9.638996154329033672e-01
9.657365199595753236e-01
9.670499688318235920e-01
9.683595862004572563e-01
9.696901224397448393e-01
9.705371223443821638e-01
9.718870354643369680e-01
9.729931119345103241e-01
9.746619337681948769e-01
9.750458848254016653e-01
9.767771922937289464e-01
9.772598249256917446e-01
9.784005017289689743e-01
9.796770213760082058e-01
9.805825439276038002e-01
9.812479816861691129e-01
9.821073326391566161e-01
9.831565076542683190e-01
9.841597090755458410e-01
9.851229453467313935e-01
9.858167529623382830e-01
9.865186836681782978e-01
9.870357366491298023e-01
9.876400436596523003e-01
9.885170722118873377e-01
9.887604258635065424e-01
9.895336787788394650e-01
9.902424760232682033e-01
9.906299824897928374e-01
9.908799624045443455e-01
9.913683738837024695e-01
9.916750334436738035e-01
9.919409818872531037e-01
9.922797840738807329e-01
9.922162254313450225e-01
9.926013349277184039e-01
9.927104079709939688e-01
9.927716087993786465e-01
9.928433101101470371e-01
