5.031537007762417746e-01
5.839959757479997737e-01
7.071379167432696455e-01
7.634329256114679163e-01
7.970643917589903538e-01
8.258641488912762396e-01
8.462640695755925258e-01
8.626992129106025864e-01
8.787233258808694325e-01
8.913109810988047998e-01
9.024753603212920527e-01
9.116825423087223657e-01
9.204067996319509337e-01
9.299973485075809787e-01
9.379919449627651673e-01
9.469160686185981168e-01
9.560206906401564897e-01
9.652673306463218639e-01
9.760042338756516056e-01
9.871145789552845384e-01
