5.802083333333333259e-01
4.343750000000000111e-01
4.104166666666667074e-01
3.567708333333333148e-01
3.890624999999999778e-01
3.927083333333333814e-01
3.192708333333333370e-01
3.489583333333333148e-01
3.151041666666666852e-01
3.343749999999999778e-01
3.729166666666666741e-01
3.088541666666667074e-01
3.317708333333333481e-01
2.994791666666666852e-01
2.791666666666666741e-01
2.786458333333333148e-01
2.604166666666666852e-01
2.697916666666667074e-01
2.546875000000000111e-01
2.682291666666666297e-01
2.130208333333333537e-01
2.546875000000000666e-01
2.036458333333333037e-01
2.067708333333333481e-01
2.359374999999999944e-01
1.937500000000000333e-01
1.822916666666666852e-01
2.119791666666666630e-01
1.796874999999999722e-01
2.348958333333333592e-01
1.744791666666666574e-01
1.692708333333333426e-01
1.812499999999999944e-01
1.432291666666666852e-01
1.703125000000000056e-01
1.687500000000000111e-01
1.411458333333333315e-01
1.546875000000000333e-01
1.515624999999999889e-01
1.505208333333333259e-01
1.572916666666666630e-01
1.541666666666666741e-01
1.270833333333333259e-01
1.380208333333333148e-01
1.458333333333333148e-01
1.369791666666666519e-01
1.322916666666666408e-01
1.359374999999999889e-01
1.307291666666666741e-01
1.286458333333333481e-01
