4.968523383940439686e-01
5.072541842890551100e-01
5.218994588193421880e-01
5.394573194833320873e-01
5.583574989122710441e-01
5.866358296099878356e-01
6.130006857433027978e-01
6.431549714142008600e-01
6.713447896377663371e-01
7.044202348187174056e-01
7.332548529600387832e-01
7.533065338646433018e-01
7.784736315068493395e-01
8.028669139173517655e-01
8.249734968484174757e-01
8.501850192730346922e-01
8.640787224579536963e-01
8.833146023395294089e-01
9.000746423489627279e-01
9.154012106830924367e-01
9.256643914863375011e-01
9.339497845158385436e-01
9.456682416499541111e-01
9.500114963151033987e-01
9.563562864683381459e-01
9.637752113422426437e-01
9.686586555737418669e-01
9.731064211821829346e-01
9.756847740156665560e-01
9.796209588211283181e-01
9.813893901949599652e-01
9.834764010421557234e-01
9.866026055214550672e-01
9.872418077340482379e-01
9.899054006410130668e-01
9.907280373185223254e-01
9.920139242081509323e-01
9.928344280313581294e-01
9.936424500924232461e-01
9.954659457003657286e-01
9.956583268697440925e-01
9.961411743205991209e-01
9.964910173235634883e-01
9.968510779960698676e-01
9.971618401050619251e-01
9.973830924628603878e-01
9.976116907890235641e-01
9.978974124142739877e-01
9.980281393673816615e-01
9.980199826442763822e-01
