5.085407327568198799e-01
5.406396127833091869e-01
5.652494528700616749e-01
5.833091081146819512e-01
5.986367767164743059e-01
6.108159438335961644e-01
6.169828359120911321e-01
6.292792184943896139e-01
6.323324631399122042e-01
6.393178350542740862e-01
6.440040288456416739e-01
6.458297946544867552e-01
6.514492466114991664e-01
6.562347336186523661e-01
6.576135817854726895e-01
6.599735140392941624e-01
6.620552543750021224e-01
6.646318847960323017e-01
6.666657704730107881e-01
6.689401862333304027e-01
6.727916801712988670e-01
6.730189169130077476e-01
6.750829333258570042e-01
6.774035903540551740e-01
6.778303842319732819e-01
6.801705512558517963e-01
6.808210329516943826e-01
6.817645860556196258e-01
6.836526954684007951e-01
6.851959506088118879e-01
6.858680868557736066e-01
6.873220580717716022e-01
6.877444337397087271e-01
6.890811194125777694e-01
6.897447678509717184e-01
6.915802240565583903e-01
6.920004887002871863e-01
6.930174702762393890e-01
6.932641569873138065e-01
6.935718118775391350e-01
6.951992935255822958e-01
6.951822166188728058e-01
6.963088028954322883e-01
6.974665999176106190e-01
6.980660220546630601e-01
6.986062896114078047e-01
6.991704232856246204e-01
7.001460969629679232e-01
7.007792373424979182e-01
7.020390083005336734e-01
