4.976589777618303234e-01
4.915635610930110810e-01
4.878104659472446425e-01
4.833908711782985423e-01
4.803020978601303947e-01
4.767806257271346992e-01
4.740162801851255381e-01
4.705945884616893893e-01
4.663759357482445411e-01
4.657092679319841944e-01
4.617039013476282316e-01
4.598003293710096195e-01
4.570088026436500139e-01
4.545369919651826018e-01
4.532128151933191851e-01
4.495815088473329446e-01
4.484972474826694477e-01
4.461800855916430719e-01
4.435424850449450895e-01
4.411310014762208076e-01
4.391672402684178578e-01
4.364960114149570303e-01
4.354752501413161059e-01
4.328800006638882647e-01
4.303436002613096334e-01
4.279766294073251154e-01
4.263918406009097328e-01
4.235233065869764002e-01
4.221755284026839639e-01
4.205247041474882708e-01
4.179698450762884265e-01
4.164052116034674955e-01
4.146952382283818905e-01
4.122786299518244046e-01
4.097282180093487769e-01
4.095462858908909820e-01
4.062143992711192975e-01
4.054416369380767216e-01
4.027699874204165309e-01
4.020123061821528898e-01
3.989778009667365732e-01
3.976905045638022829e-01
3.969365557391904553e-01
3.960735712429860333e-01
3.937880198149144584e-01
3.929211992200037362e-01
3.909915062534340402e-01
3.881444758236572978e-01
3.924685326529938623e-01
3.842482718191780333e-01
