5.106765635549627147e-01
5.384984241404159322e-01
5.729106992352286376e-01
6.195679443735597758e-01
6.655367865846046893e-01
7.132279512739312377e-01
7.543080036124448773e-01
7.890584942599145890e-01
8.232807818538608879e-01
8.560787418241078139e-01
8.772448014466357469e-01
8.913845261046660085e-01
9.108580200638822788e-01
9.247324675982000475e-01
9.338206660308567830e-01
9.488253673748363592e-01
9.542307703638087668e-01
9.635096600665711275e-01
9.710820522792451559e-01
9.763696543338389322e-01
9.810067589836855007e-01
9.823548276201193863e-01
9.865716874331168507e-01
9.871177076964234853e-01
9.892345617640083688e-01
9.920234671293348683e-01
9.927252327932094556e-01
9.935918164781991635e-01
9.939964770377901493e-01
9.953504758566145139e-01
9.960949317898224464e-01
9.956747966962320451e-01
9.969379339604245160e-01
9.975243262118309584e-01
9.975609414134453123e-01
9.973271721385484900e-01
9.979055137116212837e-01
9.980781699091521020e-01
9.981303345165761787e-01
9.980088037933786405e-01
9.983235022652190427e-01
9.984367977336743305e-01
9.984763414797624970e-01
9.984745777138431810e-01
9.985424423598793231e-01
9.985596990362527459e-01
9.985702256261086429e-01
9.985785110359424177e-01
9.985857363073415982e-01
9.985877109901132309e-01
