2.349972111343182405e+03
2.036968561972373664e+03
2.795182975497465122e+03
3.433129311533660257e+03
2.837462403544553581e+03
2.496056719122265349e+03
2.574787272455480434e+03
3.371401719504380253e+03
3.227749050336302389e+03
2.210239649024893879e+03
3.095398923928712520e+03
2.819387677621774856e+03
3.046036292775226684e+03
2.983861917883685237e+03
2.604643695974063576e+03
2.596800520801779385e+03
2.040564221183551354e+03
3.475258504016627285e+03
3.075667797410877029e+03
3.002580283976426927e+03
2.739746111546358406e+03
2.876510857650178878e+03
2.820564393020860280e+03
3.241401599761946727e+03
2.774572880997062384e+03
2.320318700141869158e+03
3.077861423884910892e+03
2.419042190186405151e+03
3.177030996111995591e+03
2.490364024097468700e+03
2.419649721421337290e+03
3.451441815413855238e+03
3.032733615707369609e+03
2.996107704320902940e+03
2.645711510368591462e+03
2.942424123177290312e+03
2.872372792316558389e+03
2.976282351668048250e+03
2.311130906545320613e+03
2.842994782166156256e+03
3.133450258340255459e+03
2.940041205502605862e+03
3.100647498403548525e+03
3.177877884442076720e+03
3.284952271090112845e+03
2.828351400026066585e+03
2.596240282512608246e+03
3.435872298513382248e+03
3.277139920792635621e+03
3.188147124020265892e+03
