9.059906005859375000e-06
9.059906005859375000e-06
6.914138793945312500e-06
8.106231689453125000e-06
1.311302185058593750e-05
6.914138793945312500e-06
7.867813110351562500e-06
8.106231689453125000e-06
6.914138793945312500e-06
8.106231689453125000e-06
1.001358032226562500e-05
8.106231689453125000e-06
7.152557373046875000e-06
6.914138793945312500e-06
7.152557373046875000e-06
8.106231689453125000e-06
8.821487426757812500e-06
6.914138793945312500e-06
6.914138793945312500e-06
8.106231689453125000e-06
7.152557373046875000e-06
9.059906005859375000e-06
8.106231689453125000e-06
1.096725463867187500e-05
1.478195190429687500e-05
8.106231689453125000e-06
1.001358032226562500e-05
7.867813110351562500e-06
8.106231689453125000e-06
5.960464477539062500e-06
8.106231689453125000e-06
7.152557373046875000e-06
7.009506225585937500e-05
1.621246337890625000e-05
1.192092895507812500e-05
8.106231689453125000e-06
1.406669616699218750e-05
6.914138793945312500e-06
7.152557373046875000e-06
7.867813110351562500e-06
7.867813110351562500e-06
8.106231689453125000e-06
6.914138793945312500e-06
6.914138793945312500e-06
7.152557373046875000e-06
8.106231689453125000e-06
7.867813110351562500e-06
6.914138793945312500e-06
7.152557373046875000e-06
7.867813110351562500e-06
