1.329803466796875000e-02
1.277399063110351562e-02
1.343178749084472656e-02
1.422595977783203125e-02
1.625299453735351562e-02
1.287198066711425781e-02
1.414895057678222656e-02
1.268792152404785156e-02
1.280093193054199219e-02
1.348090171813964844e-02
1.276206970214843750e-02
1.291298866271972656e-02
1.319193840026855469e-02
1.437902450561523438e-02
1.279687881469726562e-02
1.580381393432617188e-02
1.302313804626464844e-02
1.279902458190917969e-02
1.518106460571289062e-02
1.280403137207031250e-02
1.486992835998535156e-02
1.452898979187011719e-02
1.722693443298339844e-02
1.337504386901855469e-02
2.014780044555664062e-02
1.296591758728027344e-02
1.320791244506835938e-02
1.759004592895507812e-02
1.292395591735839844e-02
1.282691955566406250e-02
1.465892791748046875e-02
1.456284523010253906e-02
1.566386222839355469e-02
1.419186592102050781e-02
1.466894149780273438e-02
1.590800285339355469e-02
1.465010643005371094e-02
1.479887962341308594e-02
1.573395729064941406e-02
1.498889923095703125e-02
1.417398452758789062e-02
1.286792755126953125e-02
1.456403732299804688e-02
1.462101936340332031e-02
1.466202735900878906e-02
1.526594161987304688e-02
1.451611518859863281e-02
1.282501220703125000e-02
1.462793350219726562e-02
1.412606239318847656e-02
