2.259708606281913490e+03
2.036968561972373436e+03
2.676341645026595415e+03
3.229243218293056543e+03
2.837462403544554036e+03
2.386197054044873767e+03
2.574787272455480888e+03
2.939488237972153911e+03
3.227749050336302389e+03
1.959871391767459045e+03
2.604392045070338099e+03
2.818505766985012542e+03
2.892162924352238406e+03
2.855756790382526106e+03
2.604643695974063121e+03
2.501857693580431260e+03
2.040564221183551126e+03
3.151641440977205093e+03
2.727399929218312536e+03
2.671619598829153347e+03
2.739746111546358406e+03
2.848748313326698735e+03
2.647947341293353475e+03
2.928814108684368421e+03
2.774572880997062384e+03
2.320318700141868703e+03
2.835850285402497320e+03
2.419042190186405605e+03
2.814015407261057135e+03
2.368281339178880444e+03
2.355857003119112505e+03
3.033895401742916420e+03
2.857563879991091653e+03
2.793096834207319262e+03
2.555177806249688274e+03
2.875492924375594612e+03
2.631877615759709443e+03
2.824891871185827767e+03
2.016940051576482347e+03
2.513562438761777685e+03
2.919062691883665138e+03
2.831010723679428338e+03
3.085145854644448718e+03
3.177877884442076720e+03
3.212899992780301545e+03
2.758877813867988607e+03
2.512668350604591069e+03
3.037074693866463804e+03
2.993647882656428010e+03
2.883196840506340777e+03
