kernel = rbf, C = 0.001
	 Support Vectors class 0 (by x_train index): [0, 1, 6, 7, 9, 10, 12, 14, 15, 16]
	 Support Vectors class 1 (by x_train index): [2, 3, 4, 5, 8, 11, 17, 18, 19, 22]

	accuracy = 0.509072580645
	misclassified threes = 0.0, misclassified eights = 974.0
	accuracy of threes = 1.0, accuracy of eights = 0.0
	total threes = 1010.0, total eights = 974.0

	misclassified 3's: []
	misclassified 8's: [5, 9, 13, 15, 16, 18, 21, 22, 23, 24, 30, 33, 34, 35, 37, 38, 39, 40, 42, 43, 44, 51, 53, 55, 57, 58, 61, 62, 64, 66, 67, 68, 69, 76, 78, 79, 80, 81, 82, 84, 89, 92, 95, 96, 97, 99, 100, 102, 108, 109, 111, 113, 114, 115, 116, 118, 120, 122, 124, 126, 130, 133, 134, 136, 137, 138, 143, 145, 147, 149, 151, 153, 154, 160, 161, 165, 167, 168, 169, 170, 171, 176, 178, 179, 184, 187, 190, 193, 195, 196, 197, 199, 201, 202, 204, 208, 211, 213, 216, 219, 220, 221, 222, 226, 229, 231, 232, 233, 234, 239, 240, 241, 242, 244, 245, 246, 248, 249, 252, 253, 258, 261, 262, 263, 264, 265, 267, 269, 272, 273, 274, 275, 276, 278, 279, 281, 283, 285, 287, 293, 294, 298, 299, 300, 303, 304, 305, 306, 307, 308, 309, 310, 311, 312, 323, 327, 329, 330, 331, 332, 335, 336, 338, 339, 340, 341, 346, 349, 350, 351, 355, 357, 363, 364, 365, 371, 372, 374, 375, 376, 377, 379, 380, 381, 383, 387, 388, 390, 391, 392, 394, 395, 399, 406, 408, 409, 410, 411, 419, 420, 421, 423, 425, 426, 427, 430, 431, 432, 434, 436, 437, 438, 440, 441, 442, 443, 444, 445, 446, 448, 451, 452, 454, 455, 460, 461, 462, 467, 471, 473, 475, 476, 477, 479, 480, 483, 484, 486, 488, 492, 494, 495, 499, 500, 504, 506, 508, 511, 514, 516, 519, 520, 521, 522, 523, 530, 532, 534, 536, 540, 544, 546, 547, 550, 553, 555, 557, 559, 561, 563, 565, 566, 568, 569, 570, 572, 577, 578, 579, 580, 582, 588, 590, 594, 595, 599, 602, 604, 606, 608, 610, 611, 612, 613, 614, 621, 626, 631, 634, 635, 636, 639, 641, 642, 643, 644, 645, 646, 649, 650, 651, 654, 655, 657, 659, 663, 664, 665, 666, 668, 669, 670, 672, 673, 675, 677, 681, 686, 688, 694, 696, 697, 698, 700, 701, 702, 708, 709, 710, 711, 712, 714, 715, 717, 718, 719, 721, 722, 724, 726, 728, 731, 732, 733, 734, 737, 738, 739, 745, 748, 749, 750, 752, 754, 756, 757, 760, 761, 763, 764, 765, 766, 767, 768, 769, 770, 773, 776, 780, 781, 783, 785, 789, 790, 794, 796, 798, 800, 801, 802, 804, 806, 807, 811, 812, 813, 815, 816, 817, 818, 820, 821, 822, 823, 824, 825, 828, 829, 830, 833, 834, 838, 839, 840, 846, 847, 854, 856, 857, 858, 859, 860, 861, 862, 865, 866, 868, 869, 870, 872, 876, 877, 879, 880, 883, 884, 886, 888, 889, 890, 897, 898, 900, 904, 906, 909, 910, 912, 915, 916, 920, 921, 924, 926, 927, 929, 930, 932, 933, 934, 935, 936, 938, 941, 944, 945, 947, 949, 951, 953, 954, 955, 956, 959, 961, 962, 963, 964, 966, 968, 970, 972, 975, 979, 980, 981, 983, 984, 986, 990, 991, 992, 996, 998, 1000, 1001, 1003, 1006, 1008, 1009, 1010, 1011, 1013, 1018, 1020, 1021, 1023, 1024, 1026, 1027, 1028, 1029, 1035, 1036, 1037, 1042, 1044, 1046, 1047, 1048, 1054, 1056, 1060, 1061, 1062, 1063, 1065, 1066, 1067, 1069, 1071, 1072, 1073, 1074, 1077, 1080, 1082, 1084, 1085, 1089, 1090, 1093, 1094, 1095, 1097, 1099, 1102, 1103, 1105, 1107, 1109, 1115, 1116, 1117, 1118, 1119, 1121, 1122, 1123, 1126, 1129, 1131, 1134, 1136, 1139, 1141, 1142, 1143, 1146, 1147, 1152, 1154, 1156, 1157, 1159, 1160, 1161, 1163, 1167, 1168, 1172, 1174, 1176, 1177, 1178, 1180, 1181, 1182, 1183, 1186, 1188, 1193, 1194, 1198, 1200, 1202, 1207, 1209, 1210, 1212, 1213, 1215, 1218, 1220, 1222, 1224, 1225, 1227, 1229, 1230, 1231, 1234, 1236, 1240, 1241, 1243, 1245, 1247, 1249, 1250, 1251, 1252, 1254, 1255, 1259, 1264, 1265, 1266, 1267, 1271, 1273, 1275, 1278, 1279, 1281, 1282, 1284, 1285, 1286, 1288, 1292, 1294, 1298, 1304, 1305, 1307, 1308, 1309, 1310, 1312, 1313, 1314, 1316, 1318, 1319, 1320, 1321, 1326, 1329, 1332, 1334, 1338, 1340, 1342, 1346, 1348, 1350, 1351, 1352, 1353, 1355, 1356, 1360, 1365, 1366, 1367, 1368, 1372, 1374, 1376, 1378, 1379, 1384, 1387, 1388, 1391, 1392, 1393, 1395, 1397, 1399, 1401, 1402, 1404, 1407, 1408, 1411, 1412, 1413, 1417, 1418, 1420, 1422, 1425, 1426, 1428, 1432, 1435, 1436, 1441, 1442, 1444, 1446, 1448, 1449, 1450, 1453, 1457, 1460, 1461, 1462, 1464, 1465, 1466, 1471, 1472, 1474, 1477, 1478, 1479, 1484, 1486, 1488, 1490, 1492, 1494, 1496, 1498, 1499, 1502, 1503, 1506, 1507, 1509, 1511, 1513, 1515, 1518, 1519, 1520, 1523, 1525, 1527, 1528, 1530, 1532, 1534, 1536, 1538, 1540, 1541, 1542, 1544, 1545, 1546, 1549, 1551, 1552, 1554, 1558, 1560, 1562, 1563, 1564, 1566, 1568, 1570, 1571, 1572, 1573, 1576, 1578, 1580, 1581, 1583, 1584, 1589, 1590, 1592, 1594, 1596, 1598, 1599, 1602, 1604, 1607, 1608, 1611, 1613, 1615, 1616, 1619, 1623, 1627, 1629, 1630, 1631, 1633, 1634, 1635, 1637, 1639, 1641, 1645, 1648, 1650, 1651, 1652, 1655, 1657, 1660, 1664, 1667, 1669, 1670, 1672, 1677, 1678, 1680, 1682, 1684, 1687, 1690, 1693, 1694, 1695, 1697, 1699, 1701, 1703, 1705, 1710, 1711, 1713, 1714, 1715, 1718, 1719, 1720, 1722, 1724, 1726, 1732, 1733, 1734, 1735, 1736, 1738, 1739, 1742, 1745, 1747, 1749, 1751, 1754, 1757, 1760, 1762, 1764, 1765, 1768, 1770, 1772, 1773, 1774, 1776, 1780, 1781, 1782, 1787, 1790, 1793, 1794, 1798, 1800, 1802, 1803, 1806, 1807, 1809, 1811, 1812, 1813, 1814, 1817, 1819, 1823, 1825, 1827, 1828, 1835, 1837, 1839, 1840, 1842, 1844, 1846, 1848, 1849, 1850, 1851, 1852, 1855, 1859, 1861, 1863, 1864, 1866, 1867, 1868, 1872, 1874, 1875, 1876, 1878, 1883, 1885, 1887, 1891, 1895, 1896, 1897, 1898, 1899, 1903, 1905, 1907, 1909, 1910, 1916, 1918, 1920, 1921, 1922, 1923, 1926, 1928, 1930, 1932, 1933, 1935, 1937, 1939, 1944, 1946, 1948, 1949, 1951, 1953, 1954, 1956, 1958, 1961, 1963, 1964, 1966, 1968, 1969, 1971, 1972, 1973, 1977, 1979, 1982]



kernel = rbf, C = 0.1
	 Support Vectors class 0 (by x_train index): [9, 10, 14, 16, 24, 32, 33, 34, 37, 38]
	 Support Vectors class 1 (by x_train index): [2, 3, 19, 22, 25, 26, 35, 40, 43, 45]

	accuracy = 0.963205645161
	misclassified threes = 36.0, misclassified eights = 37.0
	accuracy of threes = 0.964356435644, accuracy of eights = 0.962012320329
	total threes = 1010.0, total eights = 974.0

	misclassified 3's: [88, 107, 192, 218, 235, 424, 465, 586, 707, 784, 848, 943, 987, 1004, 1007, 1012, 1132, 1175, 1179, 1195, 1197, 1214, 1270, 1414, 1476, 1559, 1636, 1643, 1788, 1822, 1908, 1965, 1970, 1975, 1976, 1980]
	misclassified 8's: [97, 111, 116, 133, 160, 161, 232, 233, 242, 261, 300, 357, 371, 376, 380, 395, 455, 479, 480, 486, 580, 645, 719, 726, 802, 822, 824, 825, 890, 915, 921, 949, 1089, 1097, 1393, 1442, 1848]



kernel = rbf, C = 1
	 Support Vectors class 0 (by x_train index): [10, 14, 16, 24, 32, 37, 70, 104, 123, 129]
	 Support Vectors class 1 (by x_train index): [22, 35, 50, 65, 87, 89, 91, 92, 103, 108]

	accuracy = 0.973286290323
	misclassified threes = 29.0, misclassified eights = 24.0
	accuracy of threes = 0.971287128713, accuracy of eights = 0.975359342916
	total threes = 1010.0, total eights = 974.0

	misclassified 3's: [87, 192, 218, 235, 424, 465, 552, 592, 707, 784, 848, 943, 987, 1004, 1012, 1132, 1175, 1179, 1187, 1195, 1197, 1414, 1559, 1577, 1636, 1643, 1644, 1965, 1976]
	misclassified 8's: [97, 111, 133, 160, 161, 232, 261, 300, 357, 371, 376, 479, 480, 486, 645, 719, 745, 781, 802, 822, 890, 915, 949, 1848]



kernel = rbf, C = 2
	 Support Vectors class 0 (by x_train index): [14, 16, 24, 32, 37, 70, 104, 123, 129, 130]
	 Support Vectors class 1 (by x_train index): [22, 35, 50, 65, 87, 89, 91, 92, 103, 108]

	accuracy = 0.974798387097
	misclassified threes = 29.0, misclassified eights = 21.0
	accuracy of threes = 0.971287128713, accuracy of eights = 0.978439425051
	total threes = 1010.0, total eights = 974.0

	misclassified 3's: [87, 192, 218, 235, 424, 465, 552, 592, 707, 784, 943, 987, 1004, 1012, 1132, 1175, 1179, 1187, 1192, 1195, 1197, 1414, 1559, 1577, 1636, 1643, 1644, 1965, 1976]
	misclassified 8's: [97, 111, 133, 160, 161, 232, 261, 300, 371, 376, 479, 480, 486, 645, 719, 745, 781, 802, 890, 915, 949]



kernel = rbf, C = 4
	 Support Vectors class 0 (by x_train index): [14, 16, 24, 32, 37, 70, 123, 129, 130, 138]
	 Support Vectors class 1 (by x_train index): [22, 35, 50, 65, 87, 89, 91, 92, 103, 108]

	accuracy = 0.977318548387
	misclassified threes = 25.0, misclassified eights = 20.0
	accuracy of threes = 0.975247524752, accuracy of eights = 0.979466119097
	total threes = 1010.0, total eights = 974.0

	misclassified 3's: [87, 218, 235, 424, 465, 552, 592, 707, 943, 987, 1004, 1012, 1132, 1175, 1179, 1187, 1192, 1195, 1197, 1577, 1636, 1643, 1644, 1965, 1976]
	misclassified 8's: [97, 111, 133, 160, 161, 261, 300, 371, 376, 480, 645, 719, 728, 745, 781, 802, 890, 915, 949, 1848]



kernel = rbf, C = 8
	 Support Vectors class 0 (by x_train index): [14, 24, 32, 70, 101, 123, 129, 130, 139, 152]
	 Support Vectors class 1 (by x_train index): [22, 35, 50, 65, 87, 89, 91, 92, 103, 108]

	accuracy = 0.978326612903
	misclassified threes = 23.0, misclassified eights = 20.0
	accuracy of threes = 0.977227722772, accuracy of eights = 0.979466119097
	total threes = 1010.0, total eights = 974.0

	misclassified 3's: [87, 218, 235, 424, 592, 707, 943, 987, 1004, 1012, 1132, 1175, 1179, 1187, 1192, 1195, 1197, 1577, 1636, 1643, 1644, 1965, 1976]
	misclassified 8's: [97, 111, 133, 160, 161, 261, 300, 371, 376, 480, 645, 719, 728, 745, 781, 802, 890, 915, 949, 1848]



kernel = rbf, C = 16
	 Support Vectors class 0 (by x_train index): [14, 24, 32, 70, 123, 129, 130, 139, 152, 158]
	 Support Vectors class 1 (by x_train index): [22, 35, 65, 87, 89, 91, 92, 103, 108, 239]

	accuracy = 0.981350806452
	misclassified threes = 19.0, misclassified eights = 18.0
	accuracy of threes = 0.981188118812, accuracy of eights = 0.981519507187
	total threes = 1010.0, total eights = 974.0

	misclassified 3's: [87, 218, 424, 592, 707, 987, 1004, 1012, 1132, 1175, 1179, 1187, 1192, 1195, 1636, 1643, 1644, 1965, 1976]
	misclassified 8's: [97, 111, 133, 161, 261, 300, 371, 376, 480, 645, 719, 728, 745, 781, 802, 915, 949, 1848]



kernel = rbf, C = 32
	 Support Vectors class 0 (by x_train index): [14, 24, 32, 129, 130, 139, 152, 158, 169, 170]
	 Support Vectors class 1 (by x_train index): [22, 35, 65, 87, 89, 91, 92, 103, 108, 176]

	accuracy = 0.98689516129
	misclassified threes = 16.0, misclassified eights = 10.0
	accuracy of threes = 0.984158415842, accuracy of eights = 0.989733059548
	total threes = 1010.0, total eights = 974.0

	misclassified 3's: [87, 424, 592, 707, 987, 1004, 1012, 1132, 1175, 1179, 1187, 1192, 1195, 1636, 1644, 1976]
	misclassified 8's: [97, 133, 261, 300, 371, 645, 728, 745, 915, 949]



kernel = rbf, C = 64
	 Support Vectors class 0 (by x_train index): [14, 24, 32, 129, 130, 132, 152, 158, 169, 248]
	 Support Vectors class 1 (by x_train index): [22, 35, 40, 65, 87, 91, 92, 103, 108, 176]

	accuracy = 0.987903225806
	misclassified threes = 14.0, misclassified eights = 10.0
	accuracy of threes = 0.986138613861, accuracy of eights = 0.989733059548
	total threes = 1010.0, total eights = 974.0

	misclassified 3's: [424, 592, 707, 987, 1012, 1132, 1175, 1179, 1187, 1192, 1195, 1636, 1644, 1976]
	misclassified 8's: [97, 261, 300, 480, 645, 728, 745, 915, 921, 949]



kernel = rbf, C = 128
	 Support Vectors class 0 (by x_train index): [14, 32, 77, 98, 117, 129, 130, 132, 152, 158]
	 Support Vectors class 1 (by x_train index): [35, 65, 87, 92, 103, 108, 176, 239, 240, 278]

	accuracy = 0.989919354839
	misclassified threes = 12.0, misclassified eights = 8.0
	accuracy of threes = 0.988118811881, accuracy of eights = 0.991786447639
	total threes = 1010.0, total eights = 974.0

	misclassified 3's: [424, 592, 987, 1012, 1132, 1175, 1179, 1192, 1195, 1636, 1644, 1976]
	misclassified 8's: [97, 261, 300, 480, 728, 915, 921, 949]



kernel = rbf, C = 256
	 Support Vectors class 0 (by x_train index): [14, 32, 77, 98, 117, 118, 129, 130, 132, 152]
	 Support Vectors class 1 (by x_train index): [87, 92, 103, 108, 176, 239, 240, 278, 324, 352]

	accuracy = 0.991935483871
	misclassified threes = 10.0, misclassified eights = 6.0
	accuracy of threes = 0.990099009901, accuracy of eights = 0.993839835729
	total threes = 1010.0, total eights = 974.0

	misclassified 3's: [424, 592, 1175, 1179, 1192, 1195, 1636, 1644, 1976, 1980]
	misclassified 8's: [261, 300, 480, 728, 921, 1338]



kernel = rbf, C = 512
	 Support Vectors class 0 (by x_train index): [14, 32, 77, 98, 117, 118, 129, 130, 132, 152]
	 Support Vectors class 1 (by x_train index): [87, 89, 92, 103, 108, 239, 240, 278, 324, 352]

	accuracy = 0.991431451613
	misclassified threes = 11.0, misclassified eights = 6.0
	accuracy of threes = 0.989108910891, accuracy of eights = 0.993839835729
	total threes = 1010.0, total eights = 974.0

	misclassified 3's: [424, 592, 707, 1175, 1179, 1192, 1195, 1636, 1644, 1976, 1980]
	misclassified 8's: [261, 300, 480, 728, 921, 929]



kernel = rbf, C = 1024
	 Support Vectors class 0 (by x_train index): [14, 32, 77, 98, 117, 118, 129, 130, 132, 152]
	 Support Vectors class 1 (by x_train index): [87, 89, 92, 103, 108, 239, 240, 267, 278, 324]

	accuracy = 0.991431451613
	misclassified threes = 11.0, misclassified eights = 6.0
	accuracy of threes = 0.989108910891, accuracy of eights = 0.993839835729
	total threes = 1010.0, total eights = 974.0

	misclassified 3's: [424, 592, 707, 1175, 1179, 1192, 1195, 1636, 1644, 1976, 1980]
	misclassified 8's: [261, 300, 480, 728, 921, 929]



kernel = rbf, C = 2048
	 Support Vectors class 0 (by x_train index): [14, 32, 77, 98, 117, 118, 129, 130, 132, 152]
	 Support Vectors class 1 (by x_train index): [87, 89, 92, 103, 108, 239, 240, 267, 278, 324]

	accuracy = 0.991431451613
	misclassified threes = 11.0, misclassified eights = 6.0
	accuracy of threes = 0.989108910891, accuracy of eights = 0.993839835729
	total threes = 1010.0, total eights = 974.0

	misclassified 3's: [424, 592, 707, 1175, 1179, 1192, 1195, 1636, 1644, 1976, 1980]
	misclassified 8's: [261, 300, 480, 728, 921, 929]



kernel = rbf, C = 4096
	 Support Vectors class 0 (by x_train index): [14, 32, 77, 98, 117, 118, 129, 130, 132, 152]
	 Support Vectors class 1 (by x_train index): [87, 89, 92, 103, 108, 239, 240, 267, 278, 324]

	accuracy = 0.991431451613
	misclassified threes = 11.0, misclassified eights = 6.0
	accuracy of threes = 0.989108910891, accuracy of eights = 0.993839835729
	total threes = 1010.0, total eights = 974.0

	misclassified 3's: [424, 592, 707, 1175, 1179, 1192, 1195, 1636, 1644, 1976, 1980]
	misclassified 8's: [261, 300, 480, 728, 921, 929]



kernel = rbf, C = 8192
	 Support Vectors class 0 (by x_train index): [14, 32, 77, 98, 117, 118, 129, 130, 132, 152]
	 Support Vectors class 1 (by x_train index): [87, 89, 92, 103, 108, 239, 240, 267, 278, 324]

	accuracy = 0.991431451613
	misclassified threes = 11.0, misclassified eights = 6.0
	accuracy of threes = 0.989108910891, accuracy of eights = 0.993839835729
	total threes = 1010.0, total eights = 974.0

	misclassified 3's: [424, 592, 707, 1175, 1179, 1192, 1195, 1636, 1644, 1976, 1980]
	misclassified 8's: [261, 300, 480, 728, 921, 929]



kernel = poly, C = 0.001
	 Support Vectors class 0 (by x_train index): [1, 6, 7, 9, 10, 12, 13, 14, 15, 16]
	 Support Vectors class 1 (by x_train index): [2, 3, 4, 5, 8, 11, 17, 18, 19, 22]

	accuracy = 0.509072580645
	misclassified threes = 0.0, misclassified eights = 974.0
	accuracy of threes = 1.0, accuracy of eights = 0.0
	total threes = 1010.0, total eights = 974.0

	misclassified 3's: []
	misclassified 8's: [5, 9, 13, 15, 16, 18, 21, 22, 23, 24, 30, 33, 34, 35, 37, 38, 39, 40, 42, 43, 44, 51, 53, 55, 57, 58, 61, 62, 64, 66, 67, 68, 69, 76, 78, 79, 80, 81, 82, 84, 89, 92, 95, 96, 97, 99, 100, 102, 108, 109, 111, 113, 114, 115, 116, 118, 120, 122, 124, 126, 130, 133, 134, 136, 137, 138, 143, 145, 147, 149, 151, 153, 154, 160, 161, 165, 167, 168, 169, 170, 171, 176, 178, 179, 184, 187, 190, 193, 195, 196, 197, 199, 201, 202, 204, 208, 211, 213, 216, 219, 220, 221, 222, 226, 229, 231, 232, 233, 234, 239, 240, 241, 242, 244, 245, 246, 248, 249, 252, 253, 258, 261, 262, 263, 264, 265, 267, 269, 272, 273, 274, 275, 276, 278, 279, 281, 283, 285, 287, 293, 294, 298, 299, 300, 303, 304, 305, 306, 307, 308, 309, 310, 311, 312, 323, 327, 329, 330, 331, 332, 335, 336, 338, 339, 340, 341, 346, 349, 350, 351, 355, 357, 363, 364, 365, 371, 372, 374, 375, 376, 377, 379, 380, 381, 383, 387, 388, 390, 391, 392, 394, 395, 399, 406, 408, 409, 410, 411, 419, 420, 421, 423, 425, 426, 427, 430, 431, 432, 434, 436, 437, 438, 440, 441, 442, 443, 444, 445, 446, 448, 451, 452, 454, 455, 460, 461, 462, 467, 471, 473, 475, 476, 477, 479, 480, 483, 484, 486, 488, 492, 494, 495, 499, 500, 504, 506, 508, 511, 514, 516, 519, 520, 521, 522, 523, 530, 532, 534, 536, 540, 544, 546, 547, 550, 553, 555, 557, 559, 561, 563, 565, 566, 568, 569, 570, 572, 577, 578, 579, 580, 582, 588, 590, 594, 595, 599, 602, 604, 606, 608, 610, 611, 612, 613, 614, 621, 626, 631, 634, 635, 636, 639, 641, 642, 643, 644, 645, 646, 649, 650, 651, 654, 655, 657, 659, 663, 664, 665, 666, 668, 669, 670, 672, 673, 675, 677, 681, 686, 688, 694, 696, 697, 698, 700, 701, 702, 708, 709, 710, 711, 712, 714, 715, 717, 718, 719, 721, 722, 724, 726, 728, 731, 732, 733, 734, 737, 738, 739, 745, 748, 749, 750, 752, 754, 756, 757, 760, 761, 763, 764, 765, 766, 767, 768, 769, 770, 773, 776, 780, 781, 783, 785, 789, 790, 794, 796, 798, 800, 801, 802, 804, 806, 807, 811, 812, 813, 815, 816, 817, 818, 820, 821, 822, 823, 824, 825, 828, 829, 830, 833, 834, 838, 839, 840, 846, 847, 854, 856, 857, 858, 859, 860, 861, 862, 865, 866, 868, 869, 870, 872, 876, 877, 879, 880, 883, 884, 886, 888, 889, 890, 897, 898, 900, 904, 906, 909, 910, 912, 915, 916, 920, 921, 924, 926, 927, 929, 930, 932, 933, 934, 935, 936, 938, 941, 944, 945, 947, 949, 951, 953, 954, 955, 956, 959, 961, 962, 963, 964, 966, 968, 970, 972, 975, 979, 980, 981, 983, 984, 986, 990, 991, 992, 996, 998, 1000, 1001, 1003, 1006, 1008, 1009, 1010, 1011, 1013, 1018, 1020, 1021, 1023, 1024, 1026, 1027, 1028, 1029, 1035, 1036, 1037, 1042, 1044, 1046, 1047, 1048, 1054, 1056, 1060, 1061, 1062, 1063, 1065, 1066, 1067, 1069, 1071, 1072, 1073, 1074, 1077, 1080, 1082, 1084, 1085, 1089, 1090, 1093, 1094, 1095, 1097, 1099, 1102, 1103, 1105, 1107, 1109, 1115, 1116, 1117, 1118, 1119, 1121, 1122, 1123, 1126, 1129, 1131, 1134, 1136, 1139, 1141, 1142, 1143, 1146, 1147, 1152, 1154, 1156, 1157, 1159, 1160, 1161, 1163, 1167, 1168, 1172, 1174, 1176, 1177, 1178, 1180, 1181, 1182, 1183, 1186, 1188, 1193, 1194, 1198, 1200, 1202, 1207, 1209, 1210, 1212, 1213, 1215, 1218, 1220, 1222, 1224, 1225, 1227, 1229, 1230, 1231, 1234, 1236, 1240, 1241, 1243, 1245, 1247, 1249, 1250, 1251, 1252, 1254, 1255, 1259, 1264, 1265, 1266, 1267, 1271, 1273, 1275, 1278, 1279, 1281, 1282, 1284, 1285, 1286, 1288, 1292, 1294, 1298, 1304, 1305, 1307, 1308, 1309, 1310, 1312, 1313, 1314, 1316, 1318, 1319, 1320, 1321, 1326, 1329, 1332, 1334, 1338, 1340, 1342, 1346, 1348, 1350, 1351, 1352, 1353, 1355, 1356, 1360, 1365, 1366, 1367, 1368, 1372, 1374, 1376, 1378, 1379, 1384, 1387, 1388, 1391, 1392, 1393, 1395, 1397, 1399, 1401, 1402, 1404, 1407, 1408, 1411, 1412, 1413, 1417, 1418, 1420, 1422, 1425, 1426, 1428, 1432, 1435, 1436, 1441, 1442, 1444, 1446, 1448, 1449, 1450, 1453, 1457, 1460, 1461, 1462, 1464, 1465, 1466, 1471, 1472, 1474, 1477, 1478, 1479, 1484, 1486, 1488, 1490, 1492, 1494, 1496, 1498, 1499, 1502, 1503, 1506, 1507, 1509, 1511, 1513, 1515, 1518, 1519, 1520, 1523, 1525, 1527, 1528, 1530, 1532, 1534, 1536, 1538, 1540, 1541, 1542, 1544, 1545, 1546, 1549, 1551, 1552, 1554, 1558, 1560, 1562, 1563, 1564, 1566, 1568, 1570, 1571, 1572, 1573, 1576, 1578, 1580, 1581, 1583, 1584, 1589, 1590, 1592, 1594, 1596, 1598, 1599, 1602, 1604, 1607, 1608, 1611, 1613, 1615, 1616, 1619, 1623, 1627, 1629, 1630, 1631, 1633, 1634, 1635, 1637, 1639, 1641, 1645, 1648, 1650, 1651, 1652, 1655, 1657, 1660, 1664, 1667, 1669, 1670, 1672, 1677, 1678, 1680, 1682, 1684, 1687, 1690, 1693, 1694, 1695, 1697, 1699, 1701, 1703, 1705, 1710, 1711, 1713, 1714, 1715, 1718, 1719, 1720, 1722, 1724, 1726, 1732, 1733, 1734, 1735, 1736, 1738, 1739, 1742, 1745, 1747, 1749, 1751, 1754, 1757, 1760, 1762, 1764, 1765, 1768, 1770, 1772, 1773, 1774, 1776, 1780, 1781, 1782, 1787, 1790, 1793, 1794, 1798, 1800, 1802, 1803, 1806, 1807, 1809, 1811, 1812, 1813, 1814, 1817, 1819, 1823, 1825, 1827, 1828, 1835, 1837, 1839, 1840, 1842, 1844, 1846, 1848, 1849, 1850, 1851, 1852, 1855, 1859, 1861, 1863, 1864, 1866, 1867, 1868, 1872, 1874, 1875, 1876, 1878, 1883, 1885, 1887, 1891, 1895, 1896, 1897, 1898, 1899, 1903, 1905, 1907, 1909, 1910, 1916, 1918, 1920, 1921, 1922, 1923, 1926, 1928, 1930, 1932, 1933, 1935, 1937, 1939, 1944, 1946, 1948, 1949, 1951, 1953, 1954, 1956, 1958, 1961, 1963, 1964, 1966, 1968, 1969, 1971, 1972, 1973, 1977, 1979, 1982]



kernel = poly, C = 0.1
	 Support Vectors class 0 (by x_train index): [1, 6, 7, 9, 10, 12, 13, 14, 15, 16]
	 Support Vectors class 1 (by x_train index): [2, 3, 4, 5, 8, 11, 17, 18, 19, 22]

	accuracy = 0.509072580645
	misclassified threes = 0.0, misclassified eights = 974.0
	accuracy of threes = 1.0, accuracy of eights = 0.0
	total threes = 1010.0, total eights = 974.0

	misclassified 3's: []
	misclassified 8's: [5, 9, 13, 15, 16, 18, 21, 22, 23, 24, 30, 33, 34, 35, 37, 38, 39, 40, 42, 43, 44, 51, 53, 55, 57, 58, 61, 62, 64, 66, 67, 68, 69, 76, 78, 79, 80, 81, 82, 84, 89, 92, 95, 96, 97, 99, 100, 102, 108, 109, 111, 113, 114, 115, 116, 118, 120, 122, 124, 126, 130, 133, 134, 136, 137, 138, 143, 145, 147, 149, 151, 153, 154, 160, 161, 165, 167, 168, 169, 170, 171, 176, 178, 179, 184, 187, 190, 193, 195, 196, 197, 199, 201, 202, 204, 208, 211, 213, 216, 219, 220, 221, 222, 226, 229, 231, 232, 233, 234, 239, 240, 241, 242, 244, 245, 246, 248, 249, 252, 253, 258, 261, 262, 263, 264, 265, 267, 269, 272, 273, 274, 275, 276, 278, 279, 281, 283, 285, 287, 293, 294, 298, 299, 300, 303, 304, 305, 306, 307, 308, 309, 310, 311, 312, 323, 327, 329, 330, 331, 332, 335, 336, 338, 339, 340, 341, 346, 349, 350, 351, 355, 357, 363, 364, 365, 371, 372, 374, 375, 376, 377, 379, 380, 381, 383, 387, 388, 390, 391, 392, 394, 395, 399, 406, 408, 409, 410, 411, 419, 420, 421, 423, 425, 426, 427, 430, 431, 432, 434, 436, 437, 438, 440, 441, 442, 443, 444, 445, 446, 448, 451, 452, 454, 455, 460, 461, 462, 467, 471, 473, 475, 476, 477, 479, 480, 483, 484, 486, 488, 492, 494, 495, 499, 500, 504, 506, 508, 511, 514, 516, 519, 520, 521, 522, 523, 530, 532, 534, 536, 540, 544, 546, 547, 550, 553, 555, 557, 559, 561, 563, 565, 566, 568, 569, 570, 572, 577, 578, 579, 580, 582, 588, 590, 594, 595, 599, 602, 604, 606, 608, 610, 611, 612, 613, 614, 621, 626, 631, 634, 635, 636, 639, 641, 642, 643, 644, 645, 646, 649, 650, 651, 654, 655, 657, 659, 663, 664, 665, 666, 668, 669, 670, 672, 673, 675, 677, 681, 686, 688, 694, 696, 697, 698, 700, 701, 702, 708, 709, 710, 711, 712, 714, 715, 717, 718, 719, 721, 722, 724, 726, 728, 731, 732, 733, 734, 737, 738, 739, 745, 748, 749, 750, 752, 754, 756, 757, 760, 761, 763, 764, 765, 766, 767, 768, 769, 770, 773, 776, 780, 781, 783, 785, 789, 790, 794, 796, 798, 800, 801, 802, 804, 806, 807, 811, 812, 813, 815, 816, 817, 818, 820, 821, 822, 823, 824, 825, 828, 829, 830, 833, 834, 838, 839, 840, 846, 847, 854, 856, 857, 858, 859, 860, 861, 862, 865, 866, 868, 869, 870, 872, 876, 877, 879, 880, 883, 884, 886, 888, 889, 890, 897, 898, 900, 904, 906, 909, 910, 912, 915, 916, 920, 921, 924, 926, 927, 929, 930, 932, 933, 934, 935, 936, 938, 941, 944, 945, 947, 949, 951, 953, 954, 955, 956, 959, 961, 962, 963, 964, 966, 968, 970, 972, 975, 979, 980, 981, 983, 984, 986, 990, 991, 992, 996, 998, 1000, 1001, 1003, 1006, 1008, 1009, 1010, 1011, 1013, 1018, 1020, 1021, 1023, 1024, 1026, 1027, 1028, 1029, 1035, 1036, 1037, 1042, 1044, 1046, 1047, 1048, 1054, 1056, 1060, 1061, 1062, 1063, 1065, 1066, 1067, 1069, 1071, 1072, 1073, 1074, 1077, 1080, 1082, 1084, 1085, 1089, 1090, 1093, 1094, 1095, 1097, 1099, 1102, 1103, 1105, 1107, 1109, 1115, 1116, 1117, 1118, 1119, 1121, 1122, 1123, 1126, 1129, 1131, 1134, 1136, 1139, 1141, 1142, 1143, 1146, 1147, 1152, 1154, 1156, 1157, 1159, 1160, 1161, 1163, 1167, 1168, 1172, 1174, 1176, 1177, 1178, 1180, 1181, 1182, 1183, 1186, 1188, 1193, 1194, 1198, 1200, 1202, 1207, 1209, 1210, 1212, 1213, 1215, 1218, 1220, 1222, 1224, 1225, 1227, 1229, 1230, 1231, 1234, 1236, 1240, 1241, 1243, 1245, 1247, 1249, 1250, 1251, 1252, 1254, 1255, 1259, 1264, 1265, 1266, 1267, 1271, 1273, 1275, 1278, 1279, 1281, 1282, 1284, 1285, 1286, 1288, 1292, 1294, 1298, 1304, 1305, 1307, 1308, 1309, 1310, 1312, 1313, 1314, 1316, 1318, 1319, 1320, 1321, 1326, 1329, 1332, 1334, 1338, 1340, 1342, 1346, 1348, 1350, 1351, 1352, 1353, 1355, 1356, 1360, 1365, 1366, 1367, 1368, 1372, 1374, 1376, 1378, 1379, 1384, 1387, 1388, 1391, 1392, 1393, 1395, 1397, 1399, 1401, 1402, 1404, 1407, 1408, 1411, 1412, 1413, 1417, 1418, 1420, 1422, 1425, 1426, 1428, 1432, 1435, 1436, 1441, 1442, 1444, 1446, 1448, 1449, 1450, 1453, 1457, 1460, 1461, 1462, 1464, 1465, 1466, 1471, 1472, 1474, 1477, 1478, 1479, 1484, 1486, 1488, 1490, 1492, 1494, 1496, 1498, 1499, 1502, 1503, 1506, 1507, 1509, 1511, 1513, 1515, 1518, 1519, 1520, 1523, 1525, 1527, 1528, 1530, 1532, 1534, 1536, 1538, 1540, 1541, 1542, 1544, 1545, 1546, 1549, 1551, 1552, 1554, 1558, 1560, 1562, 1563, 1564, 1566, 1568, 1570, 1571, 1572, 1573, 1576, 1578, 1580, 1581, 1583, 1584, 1589, 1590, 1592, 1594, 1596, 1598, 1599, 1602, 1604, 1607, 1608, 1611, 1613, 1615, 1616, 1619, 1623, 1627, 1629, 1630, 1631, 1633, 1634, 1635, 1637, 1639, 1641, 1645, 1648, 1650, 1651, 1652, 1655, 1657, 1660, 1664, 1667, 1669, 1670, 1672, 1677, 1678, 1680, 1682, 1684, 1687, 1690, 1693, 1694, 1695, 1697, 1699, 1701, 1703, 1705, 1710, 1711, 1713, 1714, 1715, 1718, 1719, 1720, 1722, 1724, 1726, 1732, 1733, 1734, 1735, 1736, 1738, 1739, 1742, 1745, 1747, 1749, 1751, 1754, 1757, 1760, 1762, 1764, 1765, 1768, 1770, 1772, 1773, 1774, 1776, 1780, 1781, 1782, 1787, 1790, 1793, 1794, 1798, 1800, 1802, 1803, 1806, 1807, 1809, 1811, 1812, 1813, 1814, 1817, 1819, 1823, 1825, 1827, 1828, 1835, 1837, 1839, 1840, 1842, 1844, 1846, 1848, 1849, 1850, 1851, 1852, 1855, 1859, 1861, 1863, 1864, 1866, 1867, 1868, 1872, 1874, 1875, 1876, 1878, 1883, 1885, 1887, 1891, 1895, 1896, 1897, 1898, 1899, 1903, 1905, 1907, 1909, 1910, 1916, 1918, 1920, 1921, 1922, 1923, 1926, 1928, 1930, 1932, 1933, 1935, 1937, 1939, 1944, 1946, 1948, 1949, 1951, 1953, 1954, 1956, 1958, 1961, 1963, 1964, 1966, 1968, 1969, 1971, 1972, 1973, 1977, 1979, 1982]



kernel = poly, C = 1
	 Support Vectors class 0 (by x_train index): [1, 6, 7, 9, 10, 12, 13, 14, 15, 16]
	 Support Vectors class 1 (by x_train index): [2, 3, 4, 8, 11, 17, 19, 22, 23, 25]

	accuracy = 0.840221774194
	misclassified threes = 16.0, misclassified eights = 301.0
	accuracy of threes = 0.984158415842, accuracy of eights = 0.690965092402
	total threes = 1010.0, total eights = 974.0

	misclassified 3's: [218, 342, 707, 943, 1175, 1197, 1214, 1270, 1414, 1456, 1476, 1561, 1569, 1788, 1908, 1976]
	misclassified 8's: [13, 24, 37, 40, 43, 44, 51, 53, 62, 64, 66, 67, 82, 89, 92, 95, 96, 97, 109, 111, 115, 116, 130, 133, 137, 145, 147, 151, 154, 160, 161, 168, 169, 170, 178, 179, 196, 199, 208, 216, 220, 221, 222, 232, 233, 234, 239, 241, 242, 244, 245, 246, 248, 261, 262, 265, 267, 273, 274, 275, 278, 279, 283, 285, 287, 293, 294, 300, 303, 306, 310, 311, 312, 330, 331, 335, 338, 339, 340, 346, 349, 351, 355, 357, 363, 364, 371, 372, 375, 376, 377, 379, 380, 387, 388, 390, 392, 395, 399, 406, 409, 419, 420, 423, 426, 434, 437, 440, 441, 442, 443, 448, 451, 455, 460, 461, 467, 476, 479, 480, 483, 486, 488, 500, 508, 521, 523, 530, 532, 534, 540, 544, 550, 555, 557, 563, 566, 578, 580, 582, 590, 602, 608, 610, 611, 612, 626, 631, 634, 639, 644, 645, 646, 650, 651, 666, 681, 686, 688, 700, 701, 709, 711, 714, 717, 719, 724, 728, 733, 734, 745, 748, 750, 752, 765, 773, 780, 781, 790, 800, 801, 802, 807, 812, 815, 816, 817, 818, 822, 824, 825, 828, 833, 834, 839, 858, 860, 869, 872, 876, 879, 883, 890, 898, 912, 915, 916, 921, 930, 932, 936, 941, 945, 949, 951, 953, 954, 955, 956, 962, 964, 966, 968, 970, 975, 979, 986, 991, 1009, 1020, 1021, 1028, 1029, 1037, 1069, 1073, 1089, 1094, 1097, 1102, 1107, 1119, 1122, 1147, 1174, 1188, 1193, 1194, 1243, 1251, 1298, 1304, 1312, 1326, 1340, 1346, 1348, 1360, 1367, 1393, 1422, 1425, 1474, 1499, 1507, 1523, 1525, 1527, 1532, 1623, 1645, 1657, 1669, 1670, 1680, 1807, 1813, 1817, 1842, 1848, 1849, 1851, 1863, 1872, 1896, 1909, 1921, 1932, 1939, 1949, 1951, 1953, 1954, 1956, 1958, 1963, 1964, 1966, 1971, 1972, 1977]



kernel = poly, C = 2
	 Support Vectors class 0 (by x_train index): [1, 6, 9, 10, 13, 14, 16, 20, 21, 24]
	 Support Vectors class 1 (by x_train index): [2, 3, 8, 11, 17, 19, 22, 25, 26, 27]

	accuracy = 0.90372983871
	misclassified threes = 24.0, misclassified eights = 167.0
	accuracy of threes = 0.976237623762, accuracy of eights = 0.828542094456
	total threes = 1010.0, total eights = 974.0

	misclassified 3's: [77, 107, 218, 235, 342, 707, 943, 1004, 1175, 1197, 1214, 1270, 1414, 1456, 1476, 1561, 1569, 1609, 1636, 1643, 1788, 1908, 1965, 1976]
	misclassified 8's: [24, 40, 43, 44, 67, 95, 96, 97, 109, 111, 116, 133, 137, 145, 151, 154, 160, 161, 179, 208, 221, 222, 232, 233, 239, 241, 242, 244, 261, 262, 267, 273, 274, 278, 283, 285, 293, 294, 306, 311, 312, 330, 331, 335, 338, 340, 346, 349, 351, 355, 357, 363, 364, 371, 372, 375, 376, 380, 387, 388, 392, 395, 399, 409, 419, 420, 423, 434, 437, 440, 442, 443, 451, 455, 461, 467, 479, 480, 483, 486, 488, 500, 523, 530, 534, 550, 555, 557, 563, 578, 580, 602, 608, 610, 612, 634, 644, 645, 646, 651, 666, 700, 701, 709, 711, 714, 717, 719, 728, 745, 748, 752, 780, 781, 800, 801, 802, 807, 812, 815, 817, 818, 822, 824, 825, 828, 834, 869, 876, 883, 890, 912, 915, 921, 936, 949, 956, 964, 968, 970, 975, 1029, 1089, 1122, 1194, 1251, 1304, 1312, 1326, 1348, 1360, 1393, 1474, 1523, 1525, 1532, 1645, 1657, 1669, 1813, 1842, 1848, 1863, 1954, 1956, 1963, 1977]



kernel = poly, C = 4
	 Support Vectors class 0 (by x_train index): [6, 9, 10, 14, 16, 20, 24, 30, 32, 33]
	 Support Vectors class 1 (by x_train index): [2, 3, 8, 17, 22, 25, 26, 28, 31, 35]

	accuracy = 0.933971774194
	misclassified threes = 24.0, misclassified eights = 107.0
	accuracy of threes = 0.976237623762, accuracy of eights = 0.890143737166
	total threes = 1010.0, total eights = 974.0

	misclassified 3's: [107, 218, 235, 342, 465, 707, 943, 1004, 1132, 1175, 1197, 1214, 1270, 1414, 1476, 1559, 1561, 1609, 1636, 1643, 1788, 1908, 1965, 1976]
	misclassified 8's: [24, 40, 43, 67, 95, 96, 97, 109, 111, 116, 133, 137, 145, 151, 160, 161, 179, 232, 233, 242, 244, 261, 262, 267, 273, 278, 283, 300, 306, 311, 312, 335, 338, 340, 351, 355, 357, 363, 364, 371, 372, 376, 380, 387, 395, 399, 419, 440, 455, 467, 479, 480, 483, 486, 488, 500, 523, 530, 534, 550, 557, 578, 580, 610, 612, 644, 645, 651, 666, 700, 701, 709, 711, 714, 717, 719, 728, 745, 781, 801, 802, 807, 815, 817, 822, 824, 825, 828, 876, 915, 921, 949, 964, 970, 1089, 1251, 1304, 1312, 1326, 1393, 1523, 1525, 1532, 1669, 1848, 1963, 1977]



kernel = poly, C = 8
	 Support Vectors class 0 (by x_train index): [9, 10, 14, 16, 24, 30, 32, 33, 34, 37]
	 Support Vectors class 1 (by x_train index): [2, 3, 8, 22, 25, 26, 35, 39, 42, 45]

	accuracy = 0.956149193548
	misclassified threes = 21.0, misclassified eights = 66.0
	accuracy of threes = 0.979207920792, accuracy of eights = 0.932238193018
	total threes = 1010.0, total eights = 974.0

	misclassified 3's: [107, 218, 235, 465, 707, 943, 1004, 1132, 1175, 1179, 1197, 1214, 1414, 1559, 1609, 1636, 1643, 1788, 1908, 1965, 1976]
	misclassified 8's: [96, 97, 109, 111, 116, 133, 145, 160, 161, 232, 233, 242, 244, 261, 262, 267, 273, 300, 311, 335, 338, 340, 357, 371, 372, 376, 380, 387, 395, 419, 440, 455, 479, 480, 486, 488, 523, 534, 557, 580, 610, 612, 645, 651, 701, 709, 711, 719, 728, 745, 781, 801, 802, 815, 822, 824, 825, 915, 921, 949, 1304, 1312, 1393, 1669, 1848, 1977]



kernel = poly, C = 16
	 Support Vectors class 0 (by x_train index): [9, 10, 14, 16, 24, 30, 32, 33, 34, 37]
	 Support Vectors class 1 (by x_train index): [2, 3, 22, 25, 26, 35, 39, 45, 48, 50]

	accuracy = 0.967741935484
	misclassified threes = 20.0, misclassified eights = 44.0
	accuracy of threes = 0.980198019802, accuracy of eights = 0.954825462012
	total threes = 1010.0, total eights = 974.0

	misclassified 3's: [218, 235, 424, 465, 707, 943, 987, 1004, 1132, 1175, 1179, 1195, 1197, 1414, 1609, 1636, 1643, 1908, 1965, 1976]
	misclassified 8's: [96, 97, 109, 111, 116, 133, 145, 160, 161, 233, 244, 261, 267, 300, 357, 371, 372, 376, 479, 480, 486, 488, 557, 580, 610, 612, 645, 701, 709, 719, 728, 745, 781, 801, 802, 815, 822, 915, 921, 949, 1304, 1312, 1669, 1848]



kernel = poly, C = 32
	 Support Vectors class 0 (by x_train index): [9, 10, 14, 16, 24, 30, 32, 33, 37, 46]
	 Support Vectors class 1 (by x_train index): [2, 3, 22, 25, 35, 39, 48, 50, 56, 65]

	accuracy = 0.977822580645
	misclassified threes = 18.0, misclassified eights = 26.0
	accuracy of threes = 0.982178217822, accuracy of eights = 0.973305954825
	total threes = 1010.0, total eights = 974.0

	misclassified 3's: [218, 235, 424, 465, 707, 943, 987, 1004, 1132, 1175, 1179, 1195, 1197, 1414, 1636, 1643, 1965, 1976]
	misclassified 8's: [96, 97, 111, 133, 160, 161, 233, 261, 267, 300, 371, 376, 480, 610, 645, 709, 719, 745, 781, 802, 822, 915, 921, 949, 1312, 1669]



kernel = poly, C = 64
	 Support Vectors class 0 (by x_train index): [9, 14, 24, 30, 32, 37, 46, 47, 51, 52]
	 Support Vectors class 1 (by x_train index): [22, 35, 48, 50, 65, 82, 84, 87, 89, 90]

	accuracy = 0.982862903226
	misclassified threes = 15.0, misclassified eights = 19.0
	accuracy of threes = 0.985148514851, accuracy of eights = 0.980492813142
	total threes = 1010.0, total eights = 974.0

	misclassified 3's: [218, 424, 592, 707, 943, 987, 1132, 1175, 1179, 1195, 1197, 1636, 1643, 1965, 1976]
	misclassified 8's: [97, 111, 133, 160, 161, 233, 261, 267, 300, 371, 376, 480, 645, 719, 745, 802, 915, 921, 949]



kernel = poly, C = 128
	 Support Vectors class 0 (by x_train index): [9, 14, 24, 32, 37, 46, 47, 70, 74, 79]
	 Support Vectors class 1 (by x_train index): [22, 35, 48, 50, 65, 82, 87, 89, 91, 92]

	accuracy = 0.983870967742
	misclassified threes = 15.0, misclassified eights = 17.0
	accuracy of threes = 0.985148514851, accuracy of eights = 0.982546201232
	total threes = 1010.0, total eights = 974.0

	misclassified 3's: [218, 424, 592, 707, 943, 987, 1132, 1175, 1179, 1192, 1195, 1197, 1636, 1965, 1976]
	misclassified 8's: [97, 111, 133, 161, 261, 267, 300, 371, 376, 480, 645, 719, 745, 802, 915, 921, 949]



kernel = poly, C = 256
	 Support Vectors class 0 (by x_train index): [14, 24, 32, 37, 46, 47, 74, 79, 98, 123]
	 Support Vectors class 1 (by x_train index): [22, 35, 48, 65, 87, 89, 91, 92, 93, 99]

	accuracy = 0.987399193548
	misclassified threes = 12.0, misclassified eights = 13.0
	accuracy of threes = 0.988118811881, accuracy of eights = 0.986652977413
	total threes = 1010.0, total eights = 974.0

	misclassified 3's: [218, 424, 592, 707, 987, 1132, 1175, 1179, 1192, 1195, 1636, 1976]
	misclassified 8's: [97, 111, 133, 161, 261, 300, 371, 480, 645, 745, 915, 921, 949]



kernel = poly, C = 512
	 Support Vectors class 0 (by x_train index): [14, 32, 46, 74, 79, 129, 139, 145, 152, 158]
	 Support Vectors class 1 (by x_train index): [22, 35, 48, 65, 87, 89, 91, 92, 93, 99]

	accuracy = 0.990423387097
	misclassified threes = 10.0, misclassified eights = 9.0
	accuracy of threes = 0.990099009901, accuracy of eights = 0.990759753593
	total threes = 1010.0, total eights = 974.0

	misclassified 3's: [424, 592, 707, 1132, 1175, 1179, 1192, 1195, 1636, 1976]
	misclassified 8's: [161, 261, 300, 371, 480, 645, 745, 921, 949]



kernel = poly, C = 1024
	 Support Vectors class 0 (by x_train index): [14, 32, 46, 79, 129, 139, 145, 152, 158, 169]
	 Support Vectors class 1 (by x_train index): [22, 35, 48, 65, 87, 89, 91, 92, 99, 103]

	accuracy = 0.992943548387
	misclassified threes = 8.0, misclassified eights = 6.0
	accuracy of threes = 0.992079207921, accuracy of eights = 0.993839835729
	total threes = 1010.0, total eights = 974.0

	misclassified 3's: [424, 592, 707, 1175, 1179, 1192, 1195, 1976]
	misclassified 8's: [261, 300, 371, 480, 921, 949]



kernel = poly, C = 2048
	 Support Vectors class 0 (by x_train index): [14, 32, 79, 129, 139, 145, 152, 158, 169, 194]
	 Support Vectors class 1 (by x_train index): [35, 65, 87, 89, 91, 92, 99, 103, 108, 116]

	accuracy = 0.992943548387
	misclassified threes = 8.0, misclassified eights = 6.0
	accuracy of threes = 0.992079207921, accuracy of eights = 0.993839835729
	total threes = 1010.0, total eights = 974.0

	misclassified 3's: [424, 592, 707, 1175, 1179, 1192, 1195, 1976]
	misclassified 8's: [261, 300, 480, 921, 929, 949]



kernel = poly, C = 4096
	 Support Vectors class 0 (by x_train index): [14, 32, 79, 129, 139, 152, 158, 169, 194, 221]
	 Support Vectors class 1 (by x_train index): [35, 65, 87, 89, 91, 92, 103, 108, 116, 184]

	accuracy = 0.992943548387
	misclassified threes = 7.0, misclassified eights = 7.0
	accuracy of threes = 0.993069306931, accuracy of eights = 0.992813141684
	total threes = 1010.0, total eights = 974.0

	misclassified 3's: [424, 592, 707, 1175, 1179, 1192, 1976]
	misclassified 8's: [261, 300, 480, 915, 921, 929, 949]



kernel = poly, C = 8192
	 Support Vectors class 0 (by x_train index): [14, 32, 79, 129, 152, 158, 169, 194, 221, 250]
	 Support Vectors class 1 (by x_train index): [35, 65, 87, 89, 91, 92, 103, 108, 184, 219]

	accuracy = 0.992439516129
	misclassified threes = 8.0, misclassified eights = 7.0
	accuracy of threes = 0.992079207921, accuracy of eights = 0.992813141684
	total threes = 1010.0, total eights = 974.0

	misclassified 3's: [424, 592, 707, 1175, 1179, 1192, 1976, 1980]
	misclassified 8's: [261, 300, 480, 915, 921, 929, 949]



kernel = linear, C = 0.001
	 Support Vectors class 0 (by x_train index): [10, 14, 16, 24, 32, 37, 46, 47, 70, 104]
	 Support Vectors class 1 (by x_train index): [22, 35, 50, 65, 82, 87, 89, 91, 92, 103]

	accuracy = 0.968245967742
	misclassified threes = 33.0, misclassified eights = 30.0
	accuracy of threes = 0.967326732673, accuracy of eights = 0.969199178645
	total threes = 1010.0, total eights = 974.0

	misclassified 3's: [88, 107, 192, 218, 235, 424, 465, 552, 707, 784, 848, 943, 987, 995, 1004, 1007, 1012, 1132, 1175, 1179, 1195, 1197, 1214, 1414, 1476, 1559, 1636, 1643, 1644, 1788, 1908, 1965, 1976]
	misclassified 8's: [97, 111, 133, 160, 161, 222, 232, 261, 300, 357, 371, 376, 380, 479, 480, 486, 580, 599, 645, 719, 781, 802, 822, 824, 825, 890, 915, 921, 949, 1848]



kernel = linear, C = 0.1
	 Support Vectors class 0 (by x_train index): [24, 32, 70, 123, 129, 130, 139, 152, 158, 169]
	 Support Vectors class 1 (by x_train index): [22, 35, 40, 65, 87, 89, 91, 103, 172, 239]

	accuracy = 0.96875
	misclassified threes = 31.0, misclassified eights = 31.0
	accuracy of threes = 0.969306930693, accuracy of eights = 0.9681724846
	total threes = 1010.0, total eights = 974.0

	misclassified 3's: [87, 192, 218, 235, 424, 465, 581, 592, 707, 943, 987, 1004, 1007, 1012, 1043, 1132, 1175, 1179, 1187, 1192, 1195, 1197, 1214, 1577, 1591, 1636, 1643, 1644, 1908, 1965, 1976]
	misclassified 8's: [97, 111, 133, 160, 161, 222, 232, 261, 300, 371, 372, 376, 479, 480, 486, 523, 599, 645, 651, 719, 728, 745, 781, 802, 824, 890, 915, 949, 970, 1432, 1848]



kernel = linear, C = 1
	 Support Vectors class 0 (by x_train index): [24, 70, 123, 129, 130, 139, 152, 158, 170, 223]
	 Support Vectors class 1 (by x_train index): [22, 35, 40, 65, 87, 91, 92, 103, 172, 239]

	accuracy = 0.967237903226
	misclassified threes = 28.0, misclassified eights = 37.0
	accuracy of threes = 0.972277227723, accuracy of eights = 0.962012320329
	total threes = 1010.0, total eights = 974.0

	misclassified 3's: [87, 218, 325, 422, 424, 465, 552, 581, 592, 707, 943, 987, 1007, 1012, 1132, 1175, 1179, 1187, 1192, 1195, 1197, 1214, 1591, 1636, 1643, 1644, 1965, 1976]
	misclassified 8's: [97, 111, 133, 160, 161, 216, 232, 261, 300, 371, 372, 387, 399, 455, 479, 480, 486, 523, 599, 645, 654, 659, 719, 728, 745, 781, 783, 802, 822, 824, 890, 915, 949, 970, 1432, 1648, 1848]



kernel = linear, C = 2
	 Support Vectors class 0 (by x_train index): [24, 70, 123, 129, 130, 139, 152, 158, 223, 248]
	 Support Vectors class 1 (by x_train index): [22, 35, 40, 65, 87, 91, 92, 103, 172, 239]

	accuracy = 0.968245967742
	misclassified threes = 29.0, misclassified eights = 34.0
	accuracy of threes = 0.971287128713, accuracy of eights = 0.965092402464
	total threes = 1010.0, total eights = 974.0

	misclassified 3's: [87, 218, 422, 424, 465, 552, 581, 592, 707, 943, 987, 1007, 1012, 1132, 1175, 1179, 1187, 1192, 1195, 1197, 1214, 1591, 1636, 1643, 1644, 1965, 1970, 1976, 1981]
	misclassified 8's: [97, 111, 133, 160, 161, 216, 232, 261, 300, 371, 372, 380, 399, 455, 480, 486, 523, 599, 645, 659, 719, 728, 781, 783, 802, 824, 890, 915, 949, 970, 1089, 1432, 1648, 1848]



kernel = linear, C = 4
	 Support Vectors class 0 (by x_train index): [24, 123, 129, 130, 139, 152, 158, 223, 248, 250]
	 Support Vectors class 1 (by x_train index): [22, 35, 40, 65, 87, 91, 103, 172, 239, 278]

	accuracy = 0.969254032258
	misclassified threes = 29.0, misclassified eights = 32.0
	accuracy of threes = 0.971287128713, accuracy of eights = 0.967145790554
	total threes = 1010.0, total eights = 974.0

	misclassified 3's: [87, 218, 422, 424, 465, 552, 581, 592, 707, 943, 987, 1007, 1012, 1132, 1175, 1179, 1187, 1192, 1195, 1197, 1591, 1636, 1643, 1644, 1647, 1965, 1970, 1976, 1981]
	misclassified 8's: [97, 111, 133, 160, 161, 216, 232, 261, 371, 380, 399, 455, 480, 486, 523, 580, 599, 645, 659, 719, 728, 765, 781, 802, 824, 890, 915, 949, 970, 1089, 1432, 1648]



kernel = linear, C = 8
	 Support Vectors class 0 (by x_train index): [24, 123, 129, 130, 139, 152, 158, 169, 223, 248]
	 Support Vectors class 1 (by x_train index): [22, 35, 40, 65, 87, 91, 103, 172, 239, 278]

	accuracy = 0.96622983871
	misclassified threes = 31.0, misclassified eights = 36.0
	accuracy of threes = 0.969306930693, accuracy of eights = 0.963039014374
	total threes = 1010.0, total eights = 974.0

	misclassified 3's: [0, 87, 218, 422, 424, 465, 552, 581, 592, 707, 747, 943, 987, 1007, 1012, 1132, 1175, 1179, 1187, 1192, 1195, 1197, 1591, 1636, 1643, 1644, 1647, 1965, 1970, 1976, 1981]
	misclassified 8's: [97, 111, 133, 160, 161, 216, 232, 261, 349, 371, 380, 399, 455, 480, 486, 523, 563, 599, 645, 659, 719, 728, 765, 781, 783, 802, 824, 890, 904, 915, 949, 956, 970, 1089, 1432, 1648]



kernel = linear, C = 16
	 Support Vectors class 0 (by x_train index): [24, 70, 123, 129, 130, 139, 152, 158, 169, 200]
	 Support Vectors class 1 (by x_train index): [22, 35, 65, 87, 91, 103, 172, 239, 278, 334]

	accuracy = 0.965725806452
	misclassified threes = 33.0, misclassified eights = 35.0
	accuracy of threes = 0.967326732673, accuracy of eights = 0.964065708419
	total threes = 1010.0, total eights = 974.0

	misclassified 3's: [0, 87, 94, 218, 422, 424, 465, 552, 581, 592, 707, 747, 943, 987, 1007, 1012, 1132, 1175, 1179, 1187, 1192, 1195, 1197, 1239, 1591, 1636, 1644, 1647, 1649, 1965, 1970, 1976, 1981]
	misclassified 8's: [97, 111, 133, 160, 161, 232, 261, 371, 380, 399, 455, 479, 480, 486, 523, 645, 659, 719, 728, 765, 781, 801, 802, 890, 904, 915, 934, 949, 956, 970, 1089, 1094, 1298, 1432, 1648]



kernel = linear, C = 32
	 Support Vectors class 0 (by x_train index): [24, 70, 123, 129, 130, 152, 158, 169, 200, 223]
	 Support Vectors class 1 (by x_train index): [22, 35, 65, 87, 89, 91, 103, 172, 239, 278]

	accuracy = 0.961693548387
	misclassified threes = 37.0, misclassified eights = 39.0
	accuracy of threes = 0.963366336634, accuracy of eights = 0.959958932238
	total threes = 1010.0, total eights = 974.0

	misclassified 3's: [0, 87, 94, 218, 353, 422, 424, 465, 552, 581, 592, 707, 747, 753, 943, 987, 1007, 1012, 1132, 1175, 1179, 1187, 1192, 1195, 1197, 1239, 1270, 1591, 1636, 1644, 1647, 1649, 1965, 1970, 1976, 1980, 1981]
	misclassified 8's: [97, 111, 133, 160, 161, 232, 261, 371, 380, 387, 399, 455, 479, 480, 486, 523, 563, 599, 645, 659, 719, 728, 765, 781, 801, 802, 816, 824, 890, 904, 915, 934, 949, 956, 970, 1089, 1094, 1298, 1432]



kernel = linear, C = 64
	 Support Vectors class 0 (by x_train index): [24, 70, 123, 129, 130, 152, 158, 169, 200, 223]
	 Support Vectors class 1 (by x_train index): [22, 35, 65, 87, 89, 103, 172, 239, 278, 418]

	accuracy = 0.962197580645
	misclassified threes = 35.0, misclassified eights = 40.0
	accuracy of threes = 0.965346534653, accuracy of eights = 0.958932238193
	total threes = 1010.0, total eights = 974.0

	misclassified 3's: [0, 87, 94, 218, 353, 422, 424, 465, 552, 581, 592, 707, 747, 918, 943, 987, 1007, 1012, 1132, 1175, 1179, 1187, 1192, 1195, 1197, 1239, 1591, 1636, 1644, 1647, 1649, 1965, 1970, 1980, 1981]
	misclassified 8's: [97, 111, 133, 160, 161, 201, 232, 261, 349, 371, 380, 387, 399, 434, 455, 479, 480, 486, 523, 563, 645, 654, 659, 719, 728, 765, 781, 801, 802, 816, 890, 904, 915, 934, 949, 956, 970, 1089, 1094, 1298]



kernel = linear, C = 128
	 Support Vectors class 0 (by x_train index): [24, 70, 123, 129, 130, 152, 158, 169, 200, 223]
	 Support Vectors class 1 (by x_train index): [22, 35, 87, 89, 103, 172, 239, 278, 312, 418]

	accuracy = 0.961693548387
	misclassified threes = 36.0, misclassified eights = 40.0
	accuracy of threes = 0.964356435644, accuracy of eights = 0.958932238193
	total threes = 1010.0, total eights = 974.0

	misclassified 3's: [0, 87, 94, 218, 353, 422, 424, 465, 552, 581, 592, 707, 747, 907, 918, 943, 987, 1007, 1012, 1132, 1175, 1179, 1192, 1195, 1197, 1214, 1239, 1591, 1636, 1644, 1647, 1649, 1965, 1970, 1980, 1981]
	misclassified 8's: [92, 97, 111, 160, 161, 201, 261, 349, 371, 380, 387, 399, 434, 455, 480, 486, 523, 645, 654, 659, 719, 728, 781, 801, 802, 816, 890, 904, 915, 934, 949, 956, 970, 1085, 1089, 1094, 1298, 1351, 1848, 1863]



kernel = linear, C = 256
	 Support Vectors class 0 (by x_train index): [24, 70, 123, 129, 130, 152, 158, 169, 200, 223]
	 Support Vectors class 1 (by x_train index): [22, 35, 87, 89, 91, 103, 172, 239, 253, 278]

	accuracy = 0.962197580645
	misclassified threes = 34.0, misclassified eights = 41.0
	accuracy of threes = 0.966336633663, accuracy of eights = 0.957905544148
	total threes = 1010.0, total eights = 974.0

	misclassified 3's: [0, 87, 94, 218, 353, 422, 424, 465, 552, 592, 707, 747, 907, 943, 987, 1007, 1012, 1132, 1175, 1179, 1192, 1195, 1197, 1214, 1239, 1591, 1636, 1644, 1647, 1649, 1965, 1970, 1980, 1981]
	misclassified 8's: [92, 97, 111, 161, 201, 261, 312, 349, 371, 380, 387, 399, 434, 455, 480, 486, 523, 599, 645, 654, 659, 719, 728, 745, 781, 801, 802, 816, 890, 904, 915, 934, 949, 956, 970, 1085, 1089, 1094, 1298, 1351, 1848]



kernel = linear, C = 512
	 Support Vectors class 0 (by x_train index): [24, 70, 123, 129, 130, 152, 158, 169, 223, 248]
	 Support Vectors class 1 (by x_train index): [22, 27, 35, 65, 87, 91, 103, 172, 239, 253]

	accuracy = 0.961189516129
	misclassified threes = 37.0, misclassified eights = 40.0
	accuracy of threes = 0.963366336634, accuracy of eights = 0.958932238193
	total threes = 1010.0, total eights = 974.0

	misclassified 3's: [0, 87, 94, 218, 353, 422, 424, 465, 552, 581, 592, 707, 747, 907, 943, 950, 987, 1007, 1012, 1043, 1132, 1175, 1179, 1192, 1195, 1197, 1214, 1239, 1591, 1636, 1644, 1647, 1649, 1965, 1970, 1980, 1981]
	misclassified 8's: [92, 97, 111, 161, 201, 216, 261, 349, 371, 380, 399, 434, 455, 480, 486, 523, 599, 645, 654, 659, 719, 728, 745, 781, 801, 802, 816, 890, 904, 915, 934, 949, 956, 970, 1085, 1089, 1094, 1298, 1351, 1848]



kernel = linear, C = 1024
	 Support Vectors class 0 (by x_train index): [24, 70, 123, 129, 130, 152, 158, 169, 223, 248]
	 Support Vectors class 1 (by x_train index): [22, 27, 65, 87, 103, 172, 239, 253, 278, 312]

	accuracy = 0.959173387097
	misclassified threes = 40.0, misclassified eights = 41.0
	accuracy of threes = 0.960396039604, accuracy of eights = 0.957905544148
	total threes = 1010.0, total eights = 974.0

	misclassified 3's: [0, 77, 87, 94, 218, 256, 353, 422, 424, 465, 552, 581, 592, 707, 747, 907, 943, 950, 987, 1007, 1012, 1043, 1132, 1175, 1179, 1187, 1192, 1195, 1197, 1214, 1239, 1591, 1636, 1644, 1647, 1649, 1965, 1970, 1980, 1981]
	misclassified 8's: [92, 97, 111, 161, 201, 216, 261, 349, 371, 380, 387, 399, 434, 455, 480, 486, 523, 599, 645, 654, 659, 719, 728, 745, 781, 801, 802, 816, 890, 904, 915, 934, 949, 956, 970, 1085, 1089, 1298, 1308, 1848, 1863]



kernel = linear, C = 2048
	 Support Vectors class 0 (by x_train index): [24, 70, 123, 129, 130, 152, 158, 169, 223, 248]
	 Support Vectors class 1 (by x_train index): [22, 50, 65, 87, 103, 172, 239, 253, 278, 312]

	accuracy = 0.959173387097
	misclassified threes = 38.0, misclassified eights = 43.0
	accuracy of threes = 0.962376237624, accuracy of eights = 0.955852156057
	total threes = 1010.0, total eights = 974.0

	misclassified 3's: [0, 77, 87, 94, 218, 256, 422, 424, 465, 552, 581, 592, 707, 747, 907, 918, 943, 987, 1007, 1012, 1132, 1175, 1179, 1187, 1192, 1195, 1197, 1214, 1239, 1591, 1636, 1644, 1647, 1649, 1965, 1970, 1980, 1981]
	misclassified 8's: [92, 97, 111, 161, 201, 216, 261, 349, 371, 380, 387, 399, 434, 455, 480, 486, 523, 599, 645, 654, 659, 719, 728, 745, 801, 802, 816, 825, 890, 904, 915, 934, 949, 956, 970, 1085, 1089, 1094, 1298, 1308, 1351, 1848, 1863]



