   0.42545
   0.42545
   0.43122
   0.42873
   0.42601
   0.42713
   0.42681
   0.42660
   0.42935
   0.43120
   0.42728
   0.42517
   0.42383
   0.42472
   0.42632
   0.42809
   0.43028
   0.42925
   0.42203
   0.42483
   0.42776
   0.42460
   0.42474
   0.42468
   0.42231
   0.42025
   0.42336
   0.42552
   0.42283
   0.42193
   0.43105
   0.42637
   0.42520
   0.42341
   0.42814
   0.42426
   0.42527
   0.42579
   0.42366
   0.42446
   0.42484
   0.42475
   0.42186
   0.42041
   0.42093
   0.43016
   0.42712
   0.41942
   0.42670
   0.41571
   0.42620
   0.42387
   0.42420
   0.42527
   0.42375
   0.40960
   0.42620
   0.42695
   0.42723
   0.42381
   0.42672
   0.42703
   0.43174
   0.42393
   0.42705
   0.42809
   0.42435
   0.43033
   0.43126
   0.42364
   0.42151
   0.42039
   0.42977
   0.42446
   0.42488
   0.42680
   0.42128
   0.43274
   0.41724
   0.41998
   0.43442
   0.41873
   0.41884
   0.42928
   0.42838
   0.42921
   0.43048
   0.42245
   0.42756
   0.42656
   0.42907
   0.42545
   0.42649
   0.43889
   0.41441
   0.42076
   0.42367
   0.42076
   0.42338
   0.42028
   0.42620
   0.41627
   0.43267
   0.41671
   0.43362
   0.41923
   0.42090
   0.42359
   0.41982
   0.42060
   0.41404
   0.42555
   0.42044
   0.42570
   0.42127
   0.41774
   0.42499
   0.41836
   0.42602
   0.42084
   0.42712
   0.42469
   0.44063
   0.41400
   0.42880
   0.41648
   0.43270
   0.42941
   0.42556
   0.43352
   0.43084
   0.43435
   0.42106
   0.43416
   0.41887
   0.41928
   0.42884
   0.41297
   0.42022
   0.40858
   0.42430
   0.42676
   0.43459
   0.41229
   0.42543
   0.42073
   0.43282
   0.43927
   0.41525
   0.42251
   0.42691
   0.42823
   0.41840
   0.42925
   0.43255
   0.40727
   0.43576
   0.41133
   0.42670
   0.42826
   0.42256
   0.43352
   0.41847
   0.42647
   0.42958
   0.42315
   0.43123
   0.42369
   0.42995
   0.43142
   0.41644
   0.43610
   0.40815
   0.41842
   0.42017
   0.44262
   0.41833
   0.44182
   0.44129
   0.43386
   0.42480
   0.42886
   0.40613
   0.42602
   0.41872
   0.40545
   0.42634
   0.39026
   0.41109
   0.43734
   0.43972
   0.41016
   0.42143
   0.40058
   0.41051
   0.43616
   0.41051
   0.41977
   0.43996
   0.43383
   0.44424
   0.43281
   0.41498
   0.42061
   0.43287
   0.42848
   0.41710
   0.41327
   0.42105
   0.42623
   0.39644
   0.40677
   0.44258
   0.43656
   0.42386
   0.41036
   0.40702
   0.40653
   0.40110
   0.40819
   0.42888
   0.40340
   0.40826
   0.42574
   0.41378
   0.40017
   0.39395
   0.43275
   0.40834
   0.41515
   0.39743
   0.43179
   0.41864
   0.40122
   0.41053
   0.41282
   0.44346
   0.42040
   0.40016
   0.43639
   0.41508
   0.42720
   0.42737
   0.43164
   0.40318
   0.42985
   0.43385
   0.41768
   0.43133
   0.42447
   0.43101
   0.39341
   0.43908
   0.40719
   0.43240
   0.42759
   0.41238
   0.43305
   0.42175
   0.42355
   0.42117
   0.42132
   0.41159
   0.42696
   0.40723
   0.42248
   0.41752
   0.40257
   0.44772
   0.43165
   0.41440
   0.41072
   0.43507
   0.43335
   0.41533
   0.43440
   0.41053
   0.42676
   0.41039
   0.43820
   0.43008
   0.41498
   0.44109
   0.43750
   0.44074
   0.42517
   0.41915
   0.44620
   0.44054
   0.44406
   0.42940
   0.41033
   0.42960
   0.42010
   0.44948
   0.41806
   0.41884
   0.45921
   0.41173
   0.40984
   0.42693
   0.41564
   0.43842
   0.46791
   0.41334
   0.41438
   0.39643
   0.43762
   0.43740
   0.45839
   0.45219
   0.42100
   0.42732
   0.43484
   0.42064
   0.43050
   0.42592
   0.47017
   0.42965
   0.43700
   0.46577
   0.41140
   0.47713
   0.43330
   0.43461
   0.42709
   0.44618
   0.43831
   0.45252
   0.45605
   0.41955
   0.42197
   0.44559
   0.42940
   0.42880
   0.41102
   0.41528
   0.42546
   0.46187
   0.47744
   0.45263
   0.50875
   0.44738
   0.46994
   0.39716
   0.46947
   0.47438
   0.43852
   0.51657
   0.44273
   0.53534
   0.51167
   0.47716
   0.47479
   0.47023
   0.46335
   0.49546
   0.52964
   0.45688
   0.52975
   0.49450
   0.50792
   0.52914
   0.48415
   0.53292
   0.52114
   0.44497
   0.51385
   0.56668
   0.53021
   0.46048
   0.52943
   0.55849
   0.48763
   0.50038
   0.51548
   0.66264
   0.47452
   0.63448
   0.51647
   0.56239
   0.53574
   0.58046
   0.52155
   0.43447
   0.32720
   0.51809
   0.38009
   0.41190
   0.42576
   0.48114
   0.41250
   0.13542
   0.00000
   0.00000
